c defined variables: 42 43 44 45 46 47 48 49 50 51 52 53 54 55 56 57 58 59 60 61 62 63 64 65 66 67 68 69 70 71 72 73 74 75 76 77 78 79 80 81 82 83 84 85 86 87 88 89 90 91 92 93 94 95 96 97 98 99 100 101 102 103 104 105 106 107 108 111 112 113 115 116 117 118 119 120 121 122 123 124 125 126 127 128 129 130 131 132 133 134 135 136 137 138 139 140 141 142 143 144 145 146 147 148 149 150 151 152 153 154 155 156 157 158 159 160 161 162 163 164 165 166 167 168 169 170 171 172 173 174 176 177 178 179 181 182 183 184 185 186 187 188 189 190 191 192 193 194 195 196 197 198 199 200 201 202 203 204 205 206 207 208 209 210 211 212 213 214 215 216 217 218 219 220 221 222 223 224 225 227 228 229 230 231 233 234 235 236 237 238 239 240 241 242 243 244 245 246 247 248 249 250 251 252 253 255 256 257 258 260 261 262 263 264 265 266 267 268 269 270 271 272 273 274 275 276 277 278 279 280 282 283 284 285 286 287 289 290 291 292 293 294 295 296 297 299 300 301 302 304 305 306 307 308 309 310 311 312 314 315 316 317 318 320 321 322 323 324 325 326 327 328 330 331 332 333 335 336 337 338 339 340 341 342 343 345 346 347 348 349 350 351 353 354 355 357 358 359 360 362 363 364 366 367 368 369 370 372 373 374 376 377 378 379 381 382 383 385 386 387 388 389 390 392 393 394 396 397 398 399 401 402 403 405 406 407 408 409 411 412 413 415 416 417 418 420 421 422 423 424 425 426 427 428 429 430 431 432 433 434 435 436 437 438 439 440 441 442 443 444 445 446 447 448 449 450 451 452 453 454 
p cnf 2084 3165
a 2 3 4 5 6 7 8 9 10 11 12 13 14 15 16 17 18 19 20 21 22 23 24 25 26 27 28 29 30 31 32 33 34 35 36 37 38 39 0
e 109 110 114 175 180 226 232 254 259 281 288 298 303 313 319 329 334 344 352 356 361 365 371 375 380 384 391 395 400 404 410 414 419 42 43 44 45 46 47 48 49 50 51 52 53 54 55 56 57 58 59 60 61 62 63 64 65 66 67 68 69 70 71 72 73 74 75 76 77 78 79 80 81 82 83 84 85 86 87 88 89 90 91 92 93 94 95 96 97 98 99 100 101 102 103 104 105 106 107 108 111 112 113 115 116 117 118 119 120 121 122 123 124 125 126 127 128 129 130 131 132 133 134 135 136 137 138 139 140 141 142 143 144 145 146 147 148 149 150 151 152 153 154 155 156 157 158 159 160 161 162 163 164 165 166 167 168 169 170 171 172 173 174 176 177 178 179 181 182 183 184 185 186 187 188 189 190 191 192 193 194 195 196 197 198 199 200 201 202 203 204 205 206 207 208 209 210 211 212 213 214 215 216 217 218 219 220 221 222 223 224 225 227 228 229 230 231 233 234 235 236 237 238 239 240 241 242 243 244 245 246 247 248 249 250 251 252 253 255 256 257 258 260 261 262 263 264 265 266 267 268 269 270 271 272 273 274 275 276 277 278 279 280 282 283 284 285 286 287 289 290 291 292 293 294 295 296 297 299 300 301 302 304 305 306 307 308 309 310 311 312 314 315 316 317 318 320 321 322 323 324 325 326 327 328 330 331 332 333 335 336 337 338 339 340 341 342 343 345 346 347 348 349 350 351 353 354 355 357 358 359 360 362 363 364 366 367 368 369 370 372 373 374 376 377 378 379 381 382 383 385 386 387 388 389 390 392 393 394 396 397 398 399 401 402 403 405 406 407 408 409 411 412 413 415 416 417 418 420 421 422 423 424 425 426 427 428 429 430 431 432 433 434 435 436 437 438 439 440 441 442 443 444 445 446 447 448 449 450 451 452 453 454 1696 1697 1698 1699 1700 1701 1702 1703 1704 1705 1706 1707 1708 1709 1710 1711 1712 1713 1714 1715 1716 1717 1718 1719 1720 1721 1722 1723 1724 1725 1726 1727 1728 1729 1730 1731 1732 1733 1734 1735 1736 1737 1738 1739 1740 1741 1742 1743 1744 1745 1746 1747 1748 1749 1750 1751 1752 1753 1754 1755 1756 1757 1758 1759 1760 1761 1762 1763 1764 1765 1766 1767 1768 1769 1770 1771 1772 1773 1774 1775 1776 1777 1778 1779 1780 1781 1782 1783 1784 1785 1786 1787 1788 1789 1790 1791 1792 1793 1794 1795 1796 1797 1798 1799 1800 1801 1802 1803 1804 1805 1806 1807 1808 1809 1810 1811 1812 1813 1814 1815 1816 1817 1818 1819 1820 1821 1822 1823 1824 1825 1826 1827 1828 1829 1830 1831 1832 1833 1834 1835 1836 1837 1838 1839 1840 1841 1842 1843 1844 1845 1846 1847 1848 1849 1850 1851 1852 1853 1854 1855 1856 1857 1858 1859 1860 1861 1862 1863 1864 1865 1866 1867 1868 1869 1870 1871 1872 1873 1874 1875 1876 1877 1878 1879 1880 1881 1882 1883 1884 1885 1886 1887 1888 1889 1890 1891 1892 1893 1894 1895 1896 1897 1898 1899 1900 1901 1902 1903 1904 1905 1906 1907 1908 1909 1910 1911 1912 1913 1914 1915 1916 1917 1918 1919 1920 1921 1922 1923 1924 1925 1926 1927 1928 1929 1930 1931 1932 1933 1934 1935 1936 1937 1938 1939 1940 1941 1942 1943 1944 1945 1946 1947 1948 1949 1950 1951 1952 1953 1954 1955 1956 1957 1958 1959 1960 1961 1962 1963 1964 1965 1966 1967 1968 1969 1970 1971 1972 1973 1974 1975 1976 1977 1978 1979 1980 1981 1982 1983 1984 1985 1986 1987 1988 1989 1990 1991 1992 1993 1994 1995 1996 1997 1998 1999 2000 2001 2002 2003 2004 2005 2006 2007 2008 2009 2010 2011 2012 2013 2014 2015 2016 2017 2018 2019 2020 2021 2022 2023 2024 2025 2026 2027 2028 2029 2030 2031 2032 2033 2034 2035 2036 2037 2038 2039 2040 2041 2042 2043 2044 2045 2046 2047 2048 2049 2050 2051 2052 2053 2054 2055 2056 2057 2058 2059 2060 2061 2062 2063 2064 2065 2066 2067 2068 2069 2070 2071 2072 2073 2074 2075 2076 2077 2078 2079 2080 2081 2082 2083 2084 0
d 1 2 3 4 5 6 7 8 9 10 11 12 13 14 15 16 17 18 19 20 21 22 0
d 40 6 7 8 9 10 11 12 13 14 15 16 17 18 19 20 21 22 0
d 41 23 24 25 26 27 28 29 30 31 32 33 34 35 36 37 38 39 0
1697 -42 0
-1697 42 0
1698 -43 0
-1698 43 0
1699 -44 0
-1699 44 0
1700 -45 0
-1700 45 0
1701 -46 0
-1701 46 0
1702 -47 0
-1702 47 0
1703 -48 0
-1703 48 0
1704 -49 0
-1704 49 0
1705 -50 0
-1705 50 0
1706 -51 0
-1706 51 0
1707 -52 0
-1707 52 0
1708 -53 0
-1708 53 0
1709 -54 0
-1709 54 0
1710 -55 0
-1710 55 0
1711 -56 0
-1711 56 0
1712 -57 0
-1712 57 0
1713 -58 0
-1713 58 0
1714 -59 0
-1714 59 0
1715 -60 0
-1715 60 0
1716 -61 0
-1716 61 0
1717 -62 0
-1717 62 0
1718 -63 0
-1718 63 0
1719 -64 0
-1719 64 0
1720 -65 0
-1720 65 0
1721 -66 0
-1721 66 0
1722 -67 0
-1722 67 0
1723 -68 0
-1723 68 0
1724 -69 0
-1724 69 0
1725 -70 0
-1725 70 0
1726 -71 0
-1726 71 0
1727 -72 0
-1727 72 0
1728 -73 0
-1728 73 0
1729 -74 0
-1729 74 0
1730 -75 0
-1730 75 0
1731 -76 0
-1731 76 0
1732 -77 0
-1732 77 0
1733 -78 0
-1733 78 0
1734 -79 0
-1734 79 0
1735 -80 0
-1735 80 0
1736 -81 0
-1736 81 0
1737 -82 0
-1737 82 0
1738 -83 0
-1738 83 0
1739 -84 0
-1739 84 0
1740 -85 0
-1740 85 0
1741 -86 0
-1741 86 0
1742 -87 0
-1742 87 0
1743 -88 0
-1743 88 0
1744 -89 0
-1744 89 0
1745 -90 0
-1745 90 0
1746 -91 0
-1746 91 0
1747 -92 0
-1747 92 0
1748 -93 0
-1748 93 0
1749 -94 0
-1749 94 0
1750 -95 0
-1750 95 0
1751 -96 0
-1751 96 0
1752 -97 0
-1752 97 0
1753 -98 0
-1753 98 0
1754 -99 0
-1754 99 0
1755 -100 0
-1755 100 0
1756 -101 0
-1756 101 0
1757 -102 0
-1757 102 0
1758 -103 0
-1758 103 0
1759 -104 0
-1759 104 0
1760 -105 0
-1760 105 0
1761 -106 0
-1761 106 0
1762 -107 0
-1762 107 0
1763 -108 0
-1763 108 0
1764 -111 0
-1764 111 0
-1696 -112 0
1696 112 0
1765 -113 0
-1765 113 0
1766 -115 0
-1766 115 0
1767 -116 0
-1767 116 0
1768 -117 0
-1768 117 0
1769 -118 0
-1769 118 0
1770 -119 0
-1770 119 0
1771 -120 0
-1771 120 0
1772 -121 0
-1772 121 0
1773 -122 0
-1773 122 0
1774 -123 0
-1774 123 0
1775 -124 0
-1775 124 0
1776 -125 0
-1776 125 0
1777 -126 0
-1777 126 0
1778 -127 0
-1778 127 0
1779 -128 0
-1779 128 0
1780 -129 0
-1780 129 0
1781 -130 0
-1781 130 0
1782 -131 0
-1782 131 0
1783 -132 0
-1783 132 0
1784 -133 0
-1784 133 0
1785 -134 0
-1785 134 0
1786 -135 0
-1786 135 0
1787 -136 0
-1787 136 0
1788 -137 0
-1788 137 0
1789 -138 0
-1789 138 0
1790 -139 0
-1790 139 0
1791 -140 0
-1791 140 0
1792 -141 0
-1792 141 0
1793 -142 0
-1793 142 0
1794 -143 0
-1794 143 0
1795 -144 0
-1795 144 0
1796 -145 0
-1796 145 0
1797 -146 0
-1797 146 0
1798 -147 0
-1798 147 0
1799 -148 0
-1799 148 0
1800 -149 0
-1800 149 0
1801 -150 0
-1801 150 0
1802 -151 0
-1802 151 0
1803 -152 0
-1803 152 0
1804 -153 0
-1804 153 0
1805 -154 0
-1805 154 0
1806 -155 0
-1806 155 0
1807 -156 0
-1807 156 0
1808 -157 0
-1808 157 0
1809 -158 0
-1809 158 0
1810 -159 0
-1810 159 0
1811 -160 0
-1811 160 0
1812 -161 0
-1812 161 0
1813 -162 0
-1813 162 0
1814 -163 0
-1814 163 0
1815 -164 0
-1815 164 0
1816 -165 0
-1816 165 0
1817 -166 0
-1817 166 0
1818 -167 0
-1818 167 0
1819 -168 0
-1819 168 0
1820 -169 0
-1820 169 0
1821 -170 0
-1821 170 0
1822 -171 0
-1822 171 0
1823 -172 0
-1823 172 0
1824 -173 0
-1824 173 0
1825 -174 0
-1825 174 0
1826 -176 0
-1826 176 0
1827 -177 0
-1827 177 0
1828 -178 0
-1828 178 0
1829 -179 0
-1829 179 0
1830 -181 0
-1830 181 0
1831 -182 0
-1831 182 0
1832 -183 0
-1832 183 0
1833 -184 0
-1833 184 0
1834 -185 0
-1834 185 0
1835 -186 0
-1835 186 0
1836 -187 0
-1836 187 0
1837 -188 0
-1837 188 0
1838 -189 0
-1838 189 0
1839 -190 0
-1839 190 0
1840 -191 0
-1840 191 0
1841 -192 0
-1841 192 0
1842 -193 0
-1842 193 0
1843 -194 0
-1843 194 0
1844 -195 0
-1844 195 0
1845 -196 0
-1845 196 0
1846 -197 0
-1846 197 0
1847 -198 0
-1847 198 0
1848 -199 0
-1848 199 0
1849 -200 0
-1849 200 0
1850 -201 0
-1850 201 0
1851 -202 0
-1851 202 0
1852 -203 0
-1852 203 0
1853 -204 0
-1853 204 0
1854 -205 0
-1854 205 0
1855 -206 0
-1855 206 0
1856 -207 0
-1856 207 0
1857 -208 0
-1857 208 0
1858 -209 0
-1858 209 0
1859 -210 0
-1859 210 0
1860 -211 0
-1860 211 0
1861 -212 0
-1861 212 0
1862 -213 0
-1862 213 0
1863 -214 0
-1863 214 0
1864 -215 0
-1864 215 0
1865 -216 0
-1865 216 0
1866 -217 0
-1866 217 0
1867 -218 0
-1867 218 0
1868 -219 0
-1868 219 0
1869 -220 0
-1869 220 0
1870 -221 0
-1870 221 0
1871 -222 0
-1871 222 0
1872 -223 0
-1872 223 0
1873 -224 0
-1873 224 0
1874 -225 0
-1874 225 0
1875 -227 0
-1875 227 0
1876 -228 0
-1876 228 0
1877 -229 0
-1877 229 0
1878 -230 0
-1878 230 0
1879 -231 0
-1879 231 0
1880 -233 0
-1880 233 0
1881 -234 0
-1881 234 0
1882 -235 0
-1882 235 0
1883 -236 0
-1883 236 0
1884 -237 0
-1884 237 0
1885 -238 0
-1885 238 0
1886 -239 0
-1886 239 0
1887 -240 0
-1887 240 0
1888 -241 0
-1888 241 0
1889 -242 0
-1889 242 0
1890 -243 0
-1890 243 0
1891 -244 0
-1891 244 0
1892 -245 0
-1892 245 0
1893 -246 0
-1893 246 0
1894 -247 0
-1894 247 0
1895 -248 0
-1895 248 0
1896 -249 0
-1896 249 0
1897 -250 0
-1897 250 0
1898 -251 0
-1898 251 0
1899 -252 0
-1899 252 0
1900 -253 0
-1900 253 0
1901 -255 0
-1901 255 0
1902 -256 0
-1902 256 0
1903 -257 0
-1903 257 0
1904 -258 0
-1904 258 0
1905 -260 0
-1905 260 0
1906 -261 0
-1906 261 0
1907 -262 0
-1907 262 0
1908 -263 0
-1908 263 0
1909 -264 0
-1909 264 0
1910 -265 0
-1910 265 0
1911 -266 0
-1911 266 0
1912 -267 0
-1912 267 0
1913 -268 0
-1913 268 0
1914 -269 0
-1914 269 0
1915 -270 0
-1915 270 0
1916 -271 0
-1916 271 0
1917 -272 0
-1917 272 0
1918 -273 0
-1918 273 0
1919 -274 0
-1919 274 0
1920 -275 0
-1920 275 0
1921 -276 0
-1921 276 0
1922 -277 0
-1922 277 0
1923 -278 0
-1923 278 0
1924 -279 0
-1924 279 0
1925 -280 0
-1925 280 0
1926 -282 0
-1926 282 0
1927 -283 0
-1927 283 0
1928 -284 0
-1928 284 0
1929 -285 0
-1929 285 0
1930 -286 0
-1930 286 0
1931 -287 0
-1931 287 0
1932 -289 0
-1932 289 0
1933 -290 0
-1933 290 0
1934 -291 0
-1934 291 0
1935 -292 0
-1935 292 0
1936 -293 0
-1936 293 0
1937 -294 0
-1937 294 0
1938 -295 0
-1938 295 0
1939 -296 0
-1939 296 0
1940 -297 0
-1940 297 0
1941 -299 0
-1941 299 0
1942 -300 0
-1942 300 0
1943 -301 0
-1943 301 0
1944 -302 0
-1944 302 0
1945 -304 0
-1945 304 0
1946 -305 0
-1946 305 0
1947 -306 0
-1947 306 0
1948 -307 0
-1948 307 0
1949 -308 0
-1949 308 0
1950 -309 0
-1950 309 0
1951 -310 0
-1951 310 0
1952 -311 0
-1952 311 0
1953 -312 0
-1953 312 0
1954 -314 0
-1954 314 0
1955 -315 0
-1955 315 0
1956 -316 0
-1956 316 0
1957 -317 0
-1957 317 0
1958 -318 0
-1958 318 0
1959 -320 0
-1959 320 0
1960 -321 0
-1960 321 0
1961 -322 0
-1961 322 0
1962 -323 0
-1962 323 0
1963 -324 0
-1963 324 0
1964 -325 0
-1964 325 0
1965 -326 0
-1965 326 0
1966 -327 0
-1966 327 0
1967 -328 0
-1967 328 0
1968 -330 0
-1968 330 0
1969 -331 0
-1969 331 0
1970 -332 0
-1970 332 0
1971 -333 0
-1971 333 0
1972 -335 0
-1972 335 0
1973 -336 0
-1973 336 0
1974 -337 0
-1974 337 0
1975 -338 0
-1975 338 0
1976 -339 0
-1976 339 0
1977 -340 0
-1977 340 0
1978 -341 0
-1978 341 0
1979 -342 0
-1979 342 0
1980 -343 0
-1980 343 0
1981 -345 0
-1981 345 0
1982 -346 0
-1982 346 0
1983 -347 0
-1983 347 0
1984 -348 0
-1984 348 0
1985 -349 0
-1985 349 0
1986 -350 0
-1986 350 0
1987 -351 0
-1987 351 0
1988 -353 0
-1988 353 0
1989 -354 0
-1989 354 0
1990 -355 0
-1990 355 0
1991 -357 0
-1991 357 0
1992 -358 0
-1992 358 0
1993 -359 0
-1993 359 0
1994 -360 0
-1994 360 0
1995 -362 0
-1995 362 0
1996 -363 0
-1996 363 0
1997 -364 0
-1997 364 0
1998 -366 0
-1998 366 0
1999 -367 0
-1999 367 0
2000 -368 0
-2000 368 0
2001 -369 0
-2001 369 0
2002 -370 0
-2002 370 0
2003 -372 0
-2003 372 0
2004 -373 0
-2004 373 0
2005 -374 0
-2005 374 0
2006 -376 0
-2006 376 0
2007 -377 0
-2007 377 0
2008 -378 0
-2008 378 0
2009 -379 0
-2009 379 0
2010 -381 0
-2010 381 0
2011 -382 0
-2011 382 0
2012 -383 0
-2012 383 0
2013 -385 0
-2013 385 0
2014 -386 0
-2014 386 0
2015 -387 0
-2015 387 0
2016 -388 0
-2016 388 0
2017 -389 0
-2017 389 0
2018 -390 0
-2018 390 0
2019 -392 0
-2019 392 0
2020 -393 0
-2020 393 0
2021 -394 0
-2021 394 0
2022 -396 0
-2022 396 0
2023 -397 0
-2023 397 0
2024 -398 0
-2024 398 0
2025 -399 0
-2025 399 0
2026 -401 0
-2026 401 0
2027 -402 0
-2027 402 0
2028 -403 0
-2028 403 0
2029 -405 0
-2029 405 0
2030 -406 0
-2030 406 0
2031 -407 0
-2031 407 0
2032 -408 0
-2032 408 0
2033 -409 0
-2033 409 0
2034 -411 0
-2034 411 0
2035 -412 0
-2035 412 0
2036 -413 0
-2036 413 0
2037 -415 0
-2037 415 0
2038 -416 0
-2038 416 0
2039 -417 0
-2039 417 0
2040 -418 0
-2040 418 0
2041 -420 0
-2041 420 0
2042 -421 0
-2042 421 0
2043 -422 0
-2043 422 0
2059 -423 0
-2059 423 0
2060 -424 0
-2060 424 0
2061 -425 0
-2061 425 0
2062 -426 0
-2062 426 0
2063 -427 0
-2063 427 0
2064 -428 0
-2064 428 0
2065 -429 0
-2065 429 0
2066 -430 0
-2066 430 0
2067 -431 0
-2067 431 0
2068 -432 0
-2068 432 0
-1696 -433 0
1696 433 0
-1696 -434 0
1696 434 0
2069 -435 0
-2069 435 0
2070 -436 0
-2070 436 0
2071 -437 0
-2071 437 0
2072 -438 0
-2072 438 0
2073 -439 0
-2073 439 0
2074 -440 0
-2074 440 0
2075 -441 0
-2075 441 0
2076 -442 0
-2076 442 0
2077 -443 0
-2077 443 0
2078 -444 0
-2078 444 0
2079 -445 0
-2079 445 0
2080 -446 0
-2080 446 0
2081 -447 0
-2081 447 0
2082 -448 0
-2082 448 0
2083 -449 0
-2083 449 0
2084 -450 0
-2084 450 0
-1696 -451 0
1696 451 0
1696 -452 0
-1696 452 0
1696 -453 0
-1696 453 0
1696 -454 0
-1696 454 0
-42 -39 0
-42 22 0
42 39 -22 0
-43 39 0
-43 -22 0
43 -39 22 0
-44 -42 0
-44 -43 0
44 42 43 0
-45 -23 0
-45 6 0
45 23 -6 0
-46 23 0
-46 -6 0
46 -23 6 0
-47 -45 0
-47 -46 0
47 45 46 0
-48 -24 0
-48 7 0
48 24 -7 0
-49 24 0
-49 -7 0
49 -24 7 0
-50 -48 0
-50 -49 0
50 48 49 0
-51 47 0
-51 50 0
51 -47 -50 0
-52 -25 0
-52 8 0
52 25 -8 0
-53 25 0
-53 -8 0
53 -25 8 0
-54 -52 0
-54 -53 0
54 52 53 0
-55 -26 0
-55 9 0
55 26 -9 0
-56 26 0
-56 -9 0
56 -26 9 0
-57 -55 0
-57 -56 0
57 55 56 0
-58 54 0
-58 57 0
58 -54 -57 0
-59 51 0
-59 58 0
59 -51 -58 0
-60 -27 0
-60 10 0
60 27 -10 0
-61 27 0
-61 -10 0
61 -27 10 0
-62 -60 0
-62 -61 0
62 60 61 0
-63 -28 0
-63 11 0
63 28 -11 0
-64 28 0
-64 -11 0
64 -28 11 0
-65 -63 0
-65 -64 0
65 63 64 0
-66 62 0
-66 65 0
66 -62 -65 0
-67 -29 0
-67 12 0
67 29 -12 0
-68 29 0
-68 -12 0
68 -29 12 0
-69 -67 0
-69 -68 0
69 67 68 0
-70 -30 0
-70 13 0
70 30 -13 0
-71 30 0
-71 -13 0
71 -30 13 0
-72 -70 0
-72 -71 0
72 70 71 0
-73 69 0
-73 72 0
73 -69 -72 0
-74 66 0
-74 73 0
74 -66 -73 0
-75 59 0
-75 74 0
75 -59 -74 0
-76 -31 0
-76 14 0
76 31 -14 0
-77 31 0
-77 -14 0
77 -31 14 0
-78 -76 0
-78 -77 0
78 76 77 0
-79 -32 0
-79 15 0
79 32 -15 0
-80 32 0
-80 -15 0
80 -32 15 0
-81 -79 0
-81 -80 0
81 79 80 0
-82 78 0
-82 81 0
82 -78 -81 0
-83 -33 0
-83 16 0
83 33 -16 0
-84 33 0
-84 -16 0
84 -33 16 0
-85 -83 0
-85 -84 0
85 83 84 0
-86 -34 0
-86 17 0
86 34 -17 0
-87 34 0
-87 -17 0
87 -34 17 0
-88 -86 0
-88 -87 0
88 86 87 0
-89 85 0
-89 88 0
89 -85 -88 0
-90 82 0
-90 89 0
90 -82 -89 0
-91 -35 0
-91 18 0
91 35 -18 0
-92 35 0
-92 -18 0
92 -35 18 0
-93 -91 0
-93 -92 0
93 91 92 0
-94 -36 0
-94 19 0
94 36 -19 0
-95 36 0
-95 -19 0
95 -36 19 0
-96 -94 0
-96 -95 0
96 94 95 0
-97 93 0
-97 96 0
97 -93 -96 0
-98 -37 0
-98 20 0
98 37 -20 0
-99 37 0
-99 -20 0
99 -37 20 0
-100 -98 0
-100 -99 0
100 98 99 0
-101 -38 0
-101 21 0
101 38 -21 0
-102 38 0
-102 -21 0
102 -38 21 0
-103 -101 0
-103 -102 0
103 101 102 0
-104 100 0
-104 103 0
104 -100 -103 0
-105 97 0
-105 104 0
105 -97 -104 0
-106 90 0
-106 105 0
106 -90 -105 0
-107 75 0
-107 106 0
107 -75 -106 0
-108 44 0
-108 107 0
108 -44 -107 0
-109 41 0
-109 -40 0
109 -41 40 0
-110 -41 0
-110 40 0
110 41 -40 0
-111 -109 0
-111 -110 0
111 109 110 0
-112 108 0
-112 -111 0
112 -108 111 0
-113 22 0
-113 6 0
113 -22 -6 0
-114 -1 0
-114 113 0
114 1 -113 0
-115 -2 0
-115 113 0
115 2 -113 0
-116 21 0
-116 6 0
116 -21 -6 0
-117 2 0
-117 116 0
117 -2 -116 0
-118 -115 0
-118 -117 0
118 115 117 0
-119 -3 0
-119 -118 0
119 3 118 0
-120 20 0
-120 6 0
120 -20 -6 0
-121 -2 0
-121 120 0
121 2 -120 0
-122 19 0
-122 6 0
122 -19 -6 0
-123 2 0
-123 122 0
123 -2 -122 0
-124 -121 0
-124 -123 0
124 121 123 0
-125 3 0
-125 -124 0
125 -3 124 0
-126 -119 0
-126 -125 0
126 119 125 0
-127 -4 0
-127 -126 0
127 4 126 0
-128 18 0
-128 6 0
128 -18 -6 0
-129 -2 0
-129 128 0
129 2 -128 0
-130 17 0
-130 6 0
130 -17 -6 0
-131 2 0
-131 130 0
131 -2 -130 0
-132 -129 0
-132 -131 0
132 129 131 0
-133 -3 0
-133 -132 0
133 3 132 0
-134 16 0
-134 6 0
134 -16 -6 0
-135 -2 0
-135 134 0
135 2 -134 0
-136 15 0
-136 6 0
136 -15 -6 0
-137 2 0
-137 136 0
137 -2 -136 0
-138 -135 0
-138 -137 0
138 135 137 0
-139 3 0
-139 -138 0
139 -3 138 0
-140 -133 0
-140 -139 0
140 133 139 0
-141 4 0
-141 -140 0
141 -4 140 0
-142 -127 0
-142 -141 0
142 127 141 0
-143 -5 0
-143 -142 0
143 5 142 0
-144 14 0
-144 6 0
144 -14 -6 0
-145 -2 0
-145 144 0
145 2 -144 0
-146 13 0
-146 6 0
146 -13 -6 0
-147 2 0
-147 146 0
147 -2 -146 0
-148 -145 0
-148 -147 0
148 145 147 0
-149 -3 0
-149 -148 0
149 3 148 0
-150 12 0
-150 6 0
150 -12 -6 0
-151 -2 0
-151 150 0
151 2 -150 0
-152 11 0
-152 6 0
152 -11 -6 0
-153 2 0
-153 152 0
153 -2 -152 0
-154 -151 0
-154 -153 0
154 151 153 0
-155 3 0
-155 -154 0
155 -3 154 0
-156 -149 0
-156 -155 0
156 149 155 0
-157 -4 0
-157 -156 0
157 4 156 0
-158 10 0
-158 6 0
158 -10 -6 0
-159 -2 0
-159 158 0
159 2 -158 0
-160 9 0
-160 6 0
160 -9 -6 0
-161 2 0
-161 160 0
161 -2 -160 0
-162 -159 0
-162 -161 0
162 159 161 0
-163 -3 0
-163 -162 0
163 3 162 0
-164 8 0
-164 6 0
164 -8 -6 0
-165 -2 0
-165 164 0
165 2 -164 0
-166 -7 0
-166 6 0
166 7 -6 0
-167 2 0
-167 -166 0
167 -2 166 0
-168 -165 0
-168 -167 0
168 165 167 0
-169 3 0
-169 -168 0
169 -3 168 0
-170 -163 0
-170 -169 0
170 163 169 0
-171 4 0
-171 -170 0
171 -4 170 0
-172 -157 0
-172 -171 0
172 157 171 0
-173 5 0
-173 -172 0
173 -5 172 0
-174 -143 0
-174 -173 0
174 143 173 0
-175 1 0
-175 -174 0
175 -1 174 0
-176 -114 0
-176 -175 0
176 114 175 0
-177 -39 0
-177 -176 0
177 39 176 0
-178 39 0
-178 176 0
178 -39 -176 0
-179 -177 0
-179 -178 0
179 177 178 0
-180 -1 0
-180 -166 0
180 1 166 0
-181 -2 0
-181 -166 0
181 2 166 0
-182 2 0
-182 113 0
182 -2 -113 0
-183 -181 0
-183 -182 0
183 181 182 0
-184 -3 0
-184 -183 0
184 3 183 0
-185 -2 0
-185 116 0
185 2 -116 0
-186 2 0
-186 120 0
186 -2 -120 0
-187 -185 0
-187 -186 0
187 185 186 0
-188 3 0
-188 -187 0
188 -3 187 0
-189 -184 0
-189 -188 0
189 184 188 0
-190 -4 0
-190 -189 0
190 4 189 0
-191 -2 0
-191 122 0
191 2 -122 0
-192 2 0
-192 128 0
192 -2 -128 0
-193 -191 0
-193 -192 0
193 191 192 0
-194 -3 0
-194 -193 0
194 3 193 0
-195 -2 0
-195 130 0
195 2 -130 0
-196 2 0
-196 134 0
196 -2 -134 0
-197 -195 0
-197 -196 0
197 195 196 0
-198 3 0
-198 -197 0
198 -3 197 0
-199 -194 0
-199 -198 0
199 194 198 0
-200 4 0
-200 -199 0
200 -4 199 0
-201 -190 0
-201 -200 0
201 190 200 0
-202 -5 0
-202 -201 0
202 5 201 0
-203 -2 0
-203 136 0
203 2 -136 0
-204 2 0
-204 144 0
204 -2 -144 0
-205 -203 0
-205 -204 0
205 203 204 0
-206 -3 0
-206 -205 0
206 3 205 0
-207 -2 0
-207 146 0
207 2 -146 0
-208 2 0
-208 150 0
208 -2 -150 0
-209 -207 0
-209 -208 0
209 207 208 0
-210 3 0
-210 -209 0
210 -3 209 0
-211 -206 0
-211 -210 0
211 206 210 0
-212 -4 0
-212 -211 0
212 4 211 0
-213 -2 0
-213 152 0
213 2 -152 0
-214 2 0
-214 158 0
214 -2 -158 0
-215 -213 0
-215 -214 0
215 213 214 0
-216 -3 0
-216 -215 0
216 3 215 0
-217 -2 0
-217 160 0
217 2 -160 0
-218 2 0
-218 164 0
218 -2 -164 0
-219 -217 0
-219 -218 0
219 217 218 0
-220 3 0
-220 -219 0
220 -3 219 0
-221 -216 0
-221 -220 0
221 216 220 0
-222 4 0
-222 -221 0
222 -4 221 0
-223 -212 0
-223 -222 0
223 212 222 0
-224 5 0
-224 -223 0
224 -5 223 0
-225 -202 0
-225 -224 0
225 202 224 0
-226 1 0
-226 -225 0
226 -1 225 0
-227 -180 0
-227 -226 0
227 180 226 0
-228 -24 0
-228 -227 0
228 24 227 0
-229 24 0
-229 227 0
229 -24 -227 0
-230 -228 0
-230 -229 0
230 228 229 0
-231 23 0
-231 230 0
231 -23 -230 0
-232 -1 0
-232 164 0
232 1 -164 0
-233 -3 0
-233 -168 0
233 3 168 0
-234 3 0
-234 -118 0
234 -3 118 0
-235 -233 0
-235 -234 0
235 233 234 0
-236 -4 0
-236 -235 0
236 4 235 0
-237 -3 0
-237 -124 0
237 3 124 0
-238 3 0
-238 -132 0
238 -3 132 0
-239 -237 0
-239 -238 0
239 237 238 0
-240 4 0
-240 -239 0
240 -4 239 0
-241 -236 0
-241 -240 0
241 236 240 0
-242 -5 0
-242 -241 0
242 5 241 0
-243 -3 0
-243 -138 0
243 3 138 0
-244 3 0
-244 -148 0
244 -3 148 0
-245 -243 0
-245 -244 0
245 243 244 0
-246 -4 0
-246 -245 0
246 4 245 0
-247 -3 0
-247 -154 0
247 3 154 0
-248 3 0
-248 -162 0
248 -3 162 0
-249 -247 0
-249 -248 0
249 247 248 0
-250 4 0
-250 -249 0
250 -4 249 0
-251 -246 0
-251 -250 0
251 246 250 0
-252 5 0
-252 -251 0
252 -5 251 0
-253 -242 0
-253 -252 0
253 242 252 0
-254 1 0
-254 -253 0
254 -1 253 0
-255 -232 0
-255 -254 0
255 232 254 0
-256 -25 0
-256 -255 0
256 25 255 0
-257 25 0
-257 255 0
257 -25 -255 0
-258 -256 0
-258 -257 0
258 256 257 0
-259 -1 0
-259 160 0
259 1 -160 0
-260 -3 0
-260 -219 0
260 3 219 0
-261 3 0
-261 -183 0
261 -3 183 0
-262 -260 0
-262 -261 0
262 260 261 0
-263 -4 0
-263 -262 0
263 4 262 0
-264 -3 0
-264 -187 0
264 3 187 0
-265 3 0
-265 -193 0
265 -3 193 0
-266 -264 0
-266 -265 0
266 264 265 0
-267 4 0
-267 -266 0
267 -4 266 0
-268 -263 0
-268 -267 0
268 263 267 0
-269 -5 0
-269 -268 0
269 5 268 0
-270 -3 0
-270 -197 0
270 3 197 0
-271 3 0
-271 -205 0
271 -3 205 0
-272 -270 0
-272 -271 0
272 270 271 0
-273 -4 0
-273 -272 0
273 4 272 0
-274 -3 0
-274 -209 0
274 3 209 0
-275 3 0
-275 -215 0
275 -3 215 0
-276 -274 0
-276 -275 0
276 274 275 0
-277 4 0
-277 -276 0
277 -4 276 0
-278 -273 0
-278 -277 0
278 273 277 0
-279 5 0
-279 -278 0
279 -5 278 0
-280 -269 0
-280 -279 0
280 269 279 0
-281 1 0
-281 -280 0
281 -1 280 0
-282 -259 0
-282 -281 0
282 259 281 0
-283 -26 0
-283 -282 0
283 26 282 0
-284 26 0
-284 282 0
284 -26 -282 0
-285 -283 0
-285 -284 0
285 283 284 0
-286 258 0
-286 285 0
286 -258 -285 0
-287 231 0
-287 286 0
287 -231 -286 0
-288 -1 0
-288 158 0
288 1 -158 0
-289 -4 0
-289 -170 0
289 4 170 0
-290 4 0
-290 -126 0
290 -4 126 0
-291 -289 0
-291 -290 0
291 289 290 0
-292 -5 0
-292 -291 0
292 5 291 0
-293 -4 0
-293 -140 0
293 4 140 0
-294 4 0
-294 -156 0
294 -4 156 0
-295 -293 0
-295 -294 0
295 293 294 0
-296 5 0
-296 -295 0
296 -5 295 0
-297 -292 0
-297 -296 0
297 292 296 0
-298 1 0
-298 -297 0
298 -1 297 0
-299 -288 0
-299 -298 0
299 288 298 0
-300 -27 0
-300 -299 0
300 27 299 0
-301 27 0
-301 299 0
301 -27 -299 0
-302 -300 0
-302 -301 0
302 300 301 0
-303 -1 0
-303 152 0
303 1 -152 0
-304 -4 0
-304 -221 0
304 4 221 0
-305 4 0
-305 -189 0
305 -4 189 0
-306 -304 0
-306 -305 0
306 304 305 0
-307 -5 0
-307 -306 0
307 5 306 0
-308 -4 0
-308 -199 0
308 4 199 0
-309 4 0
-309 -211 0
309 -4 211 0
-310 -308 0
-310 -309 0
310 308 309 0
-311 5 0
-311 -310 0
311 -5 310 0
-312 -307 0
-312 -311 0
312 307 311 0
-313 1 0
-313 -312 0
313 -1 312 0
-314 -303 0
-314 -313 0
314 303 313 0
-315 -28 0
-315 -314 0
315 28 314 0
-316 28 0
-316 314 0
316 -28 -314 0
-317 -315 0
-317 -316 0
317 315 316 0
-318 302 0
-318 317 0
318 -302 -317 0
-319 -1 0
-319 150 0
319 1 -150 0
-320 -4 0
-320 -249 0
320 4 249 0
-321 4 0
-321 -235 0
321 -4 235 0
-322 -320 0
-322 -321 0
322 320 321 0
-323 -5 0
-323 -322 0
323 5 322 0
-324 -4 0
-324 -239 0
324 4 239 0
-325 4 0
-325 -245 0
325 -4 245 0
-326 -324 0
-326 -325 0
326 324 325 0
-327 5 0
-327 -326 0
327 -5 326 0
-328 -323 0
-328 -327 0
328 323 327 0
-329 1 0
-329 -328 0
329 -1 328 0
-330 -319 0
-330 -329 0
330 319 329 0
-331 -29 0
-331 -330 0
331 29 330 0
-332 29 0
-332 330 0
332 -29 -330 0
-333 -331 0
-333 -332 0
333 331 332 0
-334 -1 0
-334 146 0
334 1 -146 0
-335 -4 0
-335 -276 0
335 4 276 0
-336 4 0
-336 -262 0
336 -4 262 0
-337 -335 0
-337 -336 0
337 335 336 0
-338 -5 0
-338 -337 0
338 5 337 0
-339 -4 0
-339 -266 0
339 4 266 0
-340 4 0
-340 -272 0
340 -4 272 0
-341 -339 0
-341 -340 0
341 339 340 0
-342 5 0
-342 -341 0
342 -5 341 0
-343 -338 0
-343 -342 0
343 338 342 0
-344 1 0
-344 -343 0
344 -1 343 0
-345 -334 0
-345 -344 0
345 334 344 0
-346 -30 0
-346 -345 0
346 30 345 0
-347 30 0
-347 345 0
347 -30 -345 0
-348 -346 0
-348 -347 0
348 346 347 0
-349 333 0
-349 348 0
349 -333 -348 0
-350 318 0
-350 349 0
350 -318 -349 0
-351 287 0
-351 350 0
351 -287 -350 0
-352 -1 0
-352 144 0
352 1 -144 0
-353 -5 0
-353 -172 0
353 5 172 0
-354 5 0
-354 -142 0
354 -5 142 0
-355 -353 0
-355 -354 0
355 353 354 0
-356 1 0
-356 -355 0
356 -1 355 0
-357 -352 0
-357 -356 0
357 352 356 0
-358 -31 0
-358 -357 0
358 31 357 0
-359 31 0
-359 357 0
359 -31 -357 0
-360 -358 0
-360 -359 0
360 358 359 0
-361 -1 0
-361 136 0
361 1 -136 0
-362 -5 0
-362 -223 0
362 5 223 0
-363 5 0
-363 -201 0
363 -5 201 0
-364 -362 0
-364 -363 0
364 362 363 0
-365 1 0
-365 -364 0
365 -1 364 0
-366 -361 0
-366 -365 0
366 361 365 0
-367 -32 0
-367 -366 0
367 32 366 0
-368 32 0
-368 366 0
368 -32 -366 0
-369 -367 0
-369 -368 0
369 367 368 0
-370 360 0
-370 369 0
370 -360 -369 0
-371 -1 0
-371 134 0
371 1 -134 0
-372 -5 0
-372 -251 0
372 5 251 0
-373 5 0
-373 -241 0
373 -5 241 0
-374 -372 0
-374 -373 0
374 372 373 0
-375 1 0
-375 -374 0
375 -1 374 0
-376 -371 0
-376 -375 0
376 371 375 0
-377 -33 0
-377 -376 0
377 33 376 0
-378 33 0
-378 376 0
378 -33 -376 0
-379 -377 0
-379 -378 0
379 377 378 0
-380 -1 0
-380 130 0
380 1 -130 0
-381 -5 0
-381 -278 0
381 5 278 0
-382 5 0
-382 -268 0
382 -5 268 0
-383 -381 0
-383 -382 0
383 381 382 0
-384 1 0
-384 -383 0
384 -1 383 0
-385 -380 0
-385 -384 0
385 380 384 0
-386 -34 0
-386 -385 0
386 34 385 0
-387 34 0
-387 385 0
387 -34 -385 0
-388 -386 0
-388 -387 0
388 386 387 0
-389 379 0
-389 388 0
389 -379 -388 0
-390 370 0
-390 389 0
390 -370 -389 0
-391 -1 0
-391 128 0
391 1 -128 0
-392 -5 0
-392 -295 0
392 5 295 0
-393 5 0
-393 -291 0
393 -5 291 0
-394 -392 0
-394 -393 0
394 392 393 0
-395 1 0
-395 -394 0
395 -1 394 0
-396 -391 0
-396 -395 0
396 391 395 0
-397 -35 0
-397 -396 0
397 35 396 0
-398 35 0
-398 396 0
398 -35 -396 0
-399 -397 0
-399 -398 0
399 397 398 0
-400 -1 0
-400 122 0
400 1 -122 0
-401 -5 0
-401 -310 0
401 5 310 0
-402 5 0
-402 -306 0
402 -5 306 0
-403 -401 0
-403 -402 0
403 401 402 0
-404 1 0
-404 -403 0
404 -1 403 0
-405 -400 0
-405 -404 0
405 400 404 0
-406 -36 0
-406 -405 0
406 36 405 0
-407 36 0
-407 405 0
407 -36 -405 0
-408 -406 0
-408 -407 0
408 406 407 0
-409 399 0
-409 408 0
409 -399 -408 0
-410 -1 0
-410 120 0
410 1 -120 0
-411 -5 0
-411 -326 0
411 5 326 0
-412 5 0
-412 -322 0
412 -5 322 0
-413 -411 0
-413 -412 0
413 411 412 0
-414 1 0
-414 -413 0
414 -1 413 0
-415 -410 0
-415 -414 0
415 410 414 0
-416 -37 0
-416 -415 0
416 37 415 0
-417 37 0
-417 415 0
417 -37 -415 0
-418 -416 0
-418 -417 0
418 416 417 0
-419 -1 0
-419 116 0
419 1 -116 0
-420 -5 0
-420 -341 0
420 5 341 0
-421 5 0
-421 -337 0
421 -5 337 0
-422 -420 0
-422 -421 0
422 420 421 0
-423 1 0
-423 -422 0
423 -1 422 0
-424 -419 0
-424 -423 0
424 419 423 0
-425 -38 0
-425 -424 0
425 38 424 0
-426 38 0
-426 424 0
426 -38 -424 0
-427 -425 0
-427 -426 0
427 425 426 0
-428 418 0
-428 427 0
428 -418 -427 0
-429 409 0
-429 428 0
429 -409 -428 0
-430 390 0
-430 429 0
430 -390 -429 0
-431 351 0
-431 430 0
431 -351 -430 0
-432 179 0
-432 431 0
432 -179 -431 0
-433 432 0
-433 110 0
433 -432 -110 0
-434 40 0
-434 166 0
434 -40 -166 0
-435 -7 0
-435 -6 0
435 7 6 0
-436 -9 0
-436 -8 0
436 9 8 0
-437 435 0
-437 436 0
437 -435 -436 0
-438 -11 0
-438 -10 0
438 11 10 0
-439 -13 0
-439 -12 0
439 13 12 0
-440 438 0
-440 439 0
440 -438 -439 0
-441 437 0
-441 440 0
441 -437 -440 0
-442 -15 0
-442 -14 0
442 15 14 0
-443 -17 0
-443 -16 0
443 17 16 0
-444 442 0
-444 443 0
444 -442 -443 0
-445 -19 0
-445 -18 0
445 19 18 0
-446 -21 0
-446 -20 0
446 21 20 0
-447 445 0
-447 446 0
447 -445 -446 0
-448 444 0
-448 447 0
448 -444 -447 0
-449 441 0
-449 448 0
449 -441 -448 0
-450 -22 0
-450 449 0
450 22 -449 0
-451 -40 0
-451 450 0
451 40 -450 0
-452 -434 0
-452 -451 0
452 434 451 0
-453 -433 0
-453 452 0
453 433 -452 0
-454 -112 0
-454 453 0
454 112 -453 0
454 0
1696 0
22 -1697 0
-39 -1697 0
-22 39 1697 0
-22 -1698 0
39 -1698 0
22 -39 1698 0
-42 -1699 0
-43 -1699 0
42 43 1699 0
6 -1700 0
-23 -1700 0
-6 23 1700 0
-6 -1701 0
23 -1701 0
6 -23 1701 0
-45 -1702 0
-46 -1702 0
45 46 1702 0
7 -1703 0
-24 -1703 0
-7 24 1703 0
-7 -1704 0
24 -1704 0
7 -24 1704 0
-48 -1705 0
-49 -1705 0
48 49 1705 0
47 -1706 0
50 -1706 0
-47 -50 1706 0
8 -1707 0
-25 -1707 0
-8 25 1707 0
-8 -1708 0
25 -1708 0
8 -25 1708 0
-52 -1709 0
-53 -1709 0
52 53 1709 0
9 -1710 0
-26 -1710 0
-9 26 1710 0
-9 -1711 0
26 -1711 0
9 -26 1711 0
-55 -1712 0
-56 -1712 0
55 56 1712 0
54 -1713 0
57 -1713 0
-54 -57 1713 0
51 -1714 0
58 -1714 0
-51 -58 1714 0
10 -1715 0
-27 -1715 0
-10 27 1715 0
-10 -1716 0
27 -1716 0
10 -27 1716 0
-60 -1717 0
-61 -1717 0
60 61 1717 0
11 -1718 0
-28 -1718 0
-11 28 1718 0
-11 -1719 0
28 -1719 0
11 -28 1719 0
-63 -1720 0
-64 -1720 0
63 64 1720 0
62 -1721 0
65 -1721 0
-62 -65 1721 0
12 -1722 0
-29 -1722 0
-12 29 1722 0
-12 -1723 0
29 -1723 0
12 -29 1723 0
-67 -1724 0
-68 -1724 0
67 68 1724 0
13 -1725 0
-30 -1725 0
-13 30 1725 0
-13 -1726 0
30 -1726 0
13 -30 1726 0
-70 -1727 0
-71 -1727 0
70 71 1727 0
69 -1728 0
72 -1728 0
-69 -72 1728 0
66 -1729 0
73 -1729 0
-66 -73 1729 0
59 -1730 0
74 -1730 0
-59 -74 1730 0
14 -1731 0
-31 -1731 0
-14 31 1731 0
-14 -1732 0
31 -1732 0
14 -31 1732 0
-76 -1733 0
-77 -1733 0
76 77 1733 0
15 -1734 0
-32 -1734 0
-15 32 1734 0
-15 -1735 0
32 -1735 0
15 -32 1735 0
-79 -1736 0
-80 -1736 0
79 80 1736 0
78 -1737 0
81 -1737 0
-78 -81 1737 0
16 -1738 0
-33 -1738 0
-16 33 1738 0
-16 -1739 0
33 -1739 0
16 -33 1739 0
-83 -1740 0
-84 -1740 0
83 84 1740 0
17 -1741 0
-34 -1741 0
-17 34 1741 0
-17 -1742 0
34 -1742 0
17 -34 1742 0
-86 -1743 0
-87 -1743 0
86 87 1743 0
85 -1744 0
88 -1744 0
-85 -88 1744 0
82 -1745 0
89 -1745 0
-82 -89 1745 0
18 -1746 0
-35 -1746 0
-18 35 1746 0
-18 -1747 0
35 -1747 0
18 -35 1747 0
-91 -1748 0
-92 -1748 0
91 92 1748 0
19 -1749 0
-36 -1749 0
-19 36 1749 0
-19 -1750 0
36 -1750 0
19 -36 1750 0
-94 -1751 0
-95 -1751 0
94 95 1751 0
93 -1752 0
96 -1752 0
-93 -96 1752 0
20 -1753 0
-37 -1753 0
-20 37 1753 0
-20 -1754 0
37 -1754 0
20 -37 1754 0
-98 -1755 0
-99 -1755 0
98 99 1755 0
21 -1756 0
-38 -1756 0
-21 38 1756 0
-21 -1757 0
38 -1757 0
21 -38 1757 0
-101 -1758 0
-102 -1758 0
101 102 1758 0
100 -1759 0
103 -1759 0
-100 -103 1759 0
97 -1760 0
104 -1760 0
-97 -104 1760 0
90 -1761 0
105 -1761 0
-90 -105 1761 0
75 -1762 0
106 -1762 0
-75 -106 1762 0
44 -1763 0
107 -1763 0
-44 -107 1763 0
-109 -1764 0
-110 -1764 0
109 110 1764 0
6 -1765 0
22 -1765 0
-6 -22 1765 0
-2 -1766 0
113 -1766 0
2 -113 1766 0
6 -1767 0
21 -1767 0
-6 -21 1767 0
2 -1768 0
116 -1768 0
-2 -116 1768 0
-115 -1769 0
-117 -1769 0
115 117 1769 0
-3 -1770 0
-118 -1770 0
3 118 1770 0
6 -1771 0
20 -1771 0
-6 -20 1771 0
-2 -1772 0
120 -1772 0
2 -120 1772 0
6 -1773 0
19 -1773 0
-6 -19 1773 0
2 -1774 0
122 -1774 0
-2 -122 1774 0
-121 -1775 0
-123 -1775 0
121 123 1775 0
3 -1776 0
-124 -1776 0
-3 124 1776 0
-119 -1777 0
-125 -1777 0
119 125 1777 0
-4 -1778 0
-126 -1778 0
4 126 1778 0
6 -1779 0
18 -1779 0
-6 -18 1779 0
-2 -1780 0
128 -1780 0
2 -128 1780 0
6 -1781 0
17 -1781 0
-6 -17 1781 0
2 -1782 0
130 -1782 0
-2 -130 1782 0
-129 -1783 0
-131 -1783 0
129 131 1783 0
-3 -1784 0
-132 -1784 0
3 132 1784 0
6 -1785 0
16 -1785 0
-6 -16 1785 0
-2 -1786 0
134 -1786 0
2 -134 1786 0
6 -1787 0
15 -1787 0
-6 -15 1787 0
2 -1788 0
136 -1788 0
-2 -136 1788 0
-135 -1789 0
-137 -1789 0
135 137 1789 0
3 -1790 0
-138 -1790 0
-3 138 1790 0
-133 -1791 0
-139 -1791 0
133 139 1791 0
4 -1792 0
-140 -1792 0
-4 140 1792 0
-127 -1793 0
-141 -1793 0
127 141 1793 0
-5 -1794 0
-142 -1794 0
5 142 1794 0
6 -1795 0
14 -1795 0
-6 -14 1795 0
-2 -1796 0
144 -1796 0
2 -144 1796 0
6 -1797 0
13 -1797 0
-6 -13 1797 0
2 -1798 0
146 -1798 0
-2 -146 1798 0
-145 -1799 0
-147 -1799 0
145 147 1799 0
-3 -1800 0
-148 -1800 0
3 148 1800 0
6 -1801 0
12 -1801 0
-6 -12 1801 0
-2 -1802 0
150 -1802 0
2 -150 1802 0
6 -1803 0
11 -1803 0
-6 -11 1803 0
2 -1804 0
152 -1804 0
-2 -152 1804 0
-151 -1805 0
-153 -1805 0
151 153 1805 0
3 -1806 0
-154 -1806 0
-3 154 1806 0
-149 -1807 0
-155 -1807 0
149 155 1807 0
-4 -1808 0
-156 -1808 0
4 156 1808 0
6 -1809 0
10 -1809 0
-6 -10 1809 0
-2 -1810 0
158 -1810 0
2 -158 1810 0
6 -1811 0
9 -1811 0
-6 -9 1811 0
2 -1812 0
160 -1812 0
-2 -160 1812 0
-159 -1813 0
-161 -1813 0
159 161 1813 0
-3 -1814 0
-162 -1814 0
3 162 1814 0
6 -1815 0
8 -1815 0
-6 -8 1815 0
-2 -1816 0
164 -1816 0
2 -164 1816 0
6 -1817 0
-7 -1817 0
-6 7 1817 0
2 -1818 0
-166 -1818 0
-2 166 1818 0
-165 -1819 0
-167 -1819 0
165 167 1819 0
3 -1820 0
-168 -1820 0
-3 168 1820 0
-163 -1821 0
-169 -1821 0
163 169 1821 0
4 -1822 0
-170 -1822 0
-4 170 1822 0
-157 -1823 0
-171 -1823 0
157 171 1823 0
5 -1824 0
-172 -1824 0
-5 172 1824 0
-143 -1825 0
-173 -1825 0
143 173 1825 0
-114 -1826 0
-175 -1826 0
114 175 1826 0
-39 -1827 0
-176 -1827 0
39 176 1827 0
39 -1828 0
176 -1828 0
-39 -176 1828 0
-177 -1829 0
-178 -1829 0
177 178 1829 0
-2 -1830 0
-166 -1830 0
2 166 1830 0
2 -1831 0
113 -1831 0
-2 -113 1831 0
-181 -1832 0
-182 -1832 0
181 182 1832 0
-3 -1833 0
-183 -1833 0
3 183 1833 0
-2 -1834 0
116 -1834 0
2 -116 1834 0
2 -1835 0
120 -1835 0
-2 -120 1835 0
-185 -1836 0
-186 -1836 0
185 186 1836 0
3 -1837 0
-187 -1837 0
-3 187 1837 0
-184 -1838 0
-188 -1838 0
184 188 1838 0
-4 -1839 0
-189 -1839 0
4 189 1839 0
-2 -1840 0
122 -1840 0
2 -122 1840 0
2 -1841 0
128 -1841 0
-2 -128 1841 0
-191 -1842 0
-192 -1842 0
191 192 1842 0
-3 -1843 0
-193 -1843 0
3 193 1843 0
-2 -1844 0
130 -1844 0
2 -130 1844 0
2 -1845 0
134 -1845 0
-2 -134 1845 0
-195 -1846 0
-196 -1846 0
195 196 1846 0
3 -1847 0
-197 -1847 0
-3 197 1847 0
-194 -1848 0
-198 -1848 0
194 198 1848 0
4 -1849 0
-199 -1849 0
-4 199 1849 0
-190 -1850 0
-200 -1850 0
190 200 1850 0
-5 -1851 0
-201 -1851 0
5 201 1851 0
-2 -1852 0
136 -1852 0
2 -136 1852 0
2 -1853 0
144 -1853 0
-2 -144 1853 0
-203 -1854 0
-204 -1854 0
203 204 1854 0
-3 -1855 0
-205 -1855 0
3 205 1855 0
-2 -1856 0
146 -1856 0
2 -146 1856 0
2 -1857 0
150 -1857 0
-2 -150 1857 0
-207 -1858 0
-208 -1858 0
207 208 1858 0
3 -1859 0
-209 -1859 0
-3 209 1859 0
-206 -1860 0
-210 -1860 0
206 210 1860 0
-4 -1861 0
-211 -1861 0
4 211 1861 0
-2 -1862 0
152 -1862 0
2 -152 1862 0
2 -1863 0
158 -1863 0
-2 -158 1863 0
-213 -1864 0
-214 -1864 0
213 214 1864 0
-3 -1865 0
-215 -1865 0
3 215 1865 0
-2 -1866 0
160 -1866 0
2 -160 1866 0
2 -1867 0
164 -1867 0
-2 -164 1867 0
-217 -1868 0
-218 -1868 0
217 218 1868 0
3 -1869 0
-219 -1869 0
-3 219 1869 0
-216 -1870 0
-220 -1870 0
216 220 1870 0
4 -1871 0
-221 -1871 0
-4 221 1871 0
-212 -1872 0
-222 -1872 0
212 222 1872 0
5 -1873 0
-223 -1873 0
-5 223 1873 0
-202 -1874 0
-224 -1874 0
202 224 1874 0
-180 -1875 0
-226 -1875 0
180 226 1875 0
-24 -1876 0
-227 -1876 0
24 227 1876 0
24 -1877 0
227 -1877 0
-24 -227 1877 0
-228 -1878 0
-229 -1878 0
228 229 1878 0
23 -1879 0
230 -1879 0
-23 -230 1879 0
-3 -1880 0
-168 -1880 0
3 168 1880 0
3 -1881 0
-118 -1881 0
-3 118 1881 0
-233 -1882 0
-234 -1882 0
233 234 1882 0
-4 -1883 0
-235 -1883 0
4 235 1883 0
-3 -1884 0
-124 -1884 0
3 124 1884 0
3 -1885 0
-132 -1885 0
-3 132 1885 0
-237 -1886 0
-238 -1886 0
237 238 1886 0
4 -1887 0
-239 -1887 0
-4 239 1887 0
-236 -1888 0
-240 -1888 0
236 240 1888 0
-5 -1889 0
-241 -1889 0
5 241 1889 0
-3 -1890 0
-138 -1890 0
3 138 1890 0
3 -1891 0
-148 -1891 0
-3 148 1891 0
-243 -1892 0
-244 -1892 0
243 244 1892 0
-4 -1893 0
-245 -1893 0
4 245 1893 0
-3 -1894 0
-154 -1894 0
3 154 1894 0
3 -1895 0
-162 -1895 0
-3 162 1895 0
-247 -1896 0
-248 -1896 0
247 248 1896 0
4 -1897 0
-249 -1897 0
-4 249 1897 0
-246 -1898 0
-250 -1898 0
246 250 1898 0
5 -1899 0
-251 -1899 0
-5 251 1899 0
-242 -1900 0
-252 -1900 0
242 252 1900 0
-232 -1901 0
-254 -1901 0
232 254 1901 0
-25 -1902 0
-255 -1902 0
25 255 1902 0
25 -1903 0
255 -1903 0
-25 -255 1903 0
-256 -1904 0
-257 -1904 0
256 257 1904 0
-3 -1905 0
-219 -1905 0
3 219 1905 0
3 -1906 0
-183 -1906 0
-3 183 1906 0
-260 -1907 0
-261 -1907 0
260 261 1907 0
-4 -1908 0
-262 -1908 0
4 262 1908 0
-3 -1909 0
-187 -1909 0
3 187 1909 0
3 -1910 0
-193 -1910 0
-3 193 1910 0
-264 -1911 0
-265 -1911 0
264 265 1911 0
4 -1912 0
-266 -1912 0
-4 266 1912 0
-263 -1913 0
-267 -1913 0
263 267 1913 0
-5 -1914 0
-268 -1914 0
5 268 1914 0
-3 -1915 0
-197 -1915 0
3 197 1915 0
3 -1916 0
-205 -1916 0
-3 205 1916 0
-270 -1917 0
-271 -1917 0
270 271 1917 0
-4 -1918 0
-272 -1918 0
4 272 1918 0
-3 -1919 0
-209 -1919 0
3 209 1919 0
3 -1920 0
-215 -1920 0
-3 215 1920 0
-274 -1921 0
-275 -1921 0
274 275 1921 0
4 -1922 0
-276 -1922 0
-4 276 1922 0
-273 -1923 0
-277 -1923 0
273 277 1923 0
5 -1924 0
-278 -1924 0
-5 278 1924 0
-269 -1925 0
-279 -1925 0
269 279 1925 0
-259 -1926 0
-281 -1926 0
259 281 1926 0
-26 -1927 0
-282 -1927 0
26 282 1927 0
26 -1928 0
282 -1928 0
-26 -282 1928 0
-283 -1929 0
-284 -1929 0
283 284 1929 0
258 -1930 0
285 -1930 0
-258 -285 1930 0
231 -1931 0
286 -1931 0
-231 -286 1931 0
-4 -1932 0
-170 -1932 0
4 170 1932 0
4 -1933 0
-126 -1933 0
-4 126 1933 0
-289 -1934 0
-290 -1934 0
289 290 1934 0
-5 -1935 0
-291 -1935 0
5 291 1935 0
-4 -1936 0
-140 -1936 0
4 140 1936 0
4 -1937 0
-156 -1937 0
-4 156 1937 0
-293 -1938 0
-294 -1938 0
293 294 1938 0
5 -1939 0
-295 -1939 0
-5 295 1939 0
-292 -1940 0
-296 -1940 0
292 296 1940 0
-288 -1941 0
-298 -1941 0
288 298 1941 0
-27 -1942 0
-299 -1942 0
27 299 1942 0
27 -1943 0
299 -1943 0
-27 -299 1943 0
-300 -1944 0
-301 -1944 0
300 301 1944 0
-4 -1945 0
-221 -1945 0
4 221 1945 0
4 -1946 0
-189 -1946 0
-4 189 1946 0
-304 -1947 0
-305 -1947 0
304 305 1947 0
-5 -1948 0
-306 -1948 0
5 306 1948 0
-4 -1949 0
-199 -1949 0
4 199 1949 0
4 -1950 0
-211 -1950 0
-4 211 1950 0
-308 -1951 0
-309 -1951 0
308 309 1951 0
5 -1952 0
-310 -1952 0
-5 310 1952 0
-307 -1953 0
-311 -1953 0
307 311 1953 0
-303 -1954 0
-313 -1954 0
303 313 1954 0
-28 -1955 0
-314 -1955 0
28 314 1955 0
28 -1956 0
314 -1956 0
-28 -314 1956 0
-315 -1957 0
-316 -1957 0
315 316 1957 0
302 -1958 0
317 -1958 0
-302 -317 1958 0
-4 -1959 0
-249 -1959 0
4 249 1959 0
4 -1960 0
-235 -1960 0
-4 235 1960 0
-320 -1961 0
-321 -1961 0
320 321 1961 0
-5 -1962 0
-322 -1962 0
5 322 1962 0
-4 -1963 0
-239 -1963 0
4 239 1963 0
4 -1964 0
-245 -1964 0
-4 245 1964 0
-324 -1965 0
-325 -1965 0
324 325 1965 0
5 -1966 0
-326 -1966 0
-5 326 1966 0
-323 -1967 0
-327 -1967 0
323 327 1967 0
-319 -1968 0
-329 -1968 0
319 329 1968 0
-29 -1969 0
-330 -1969 0
29 330 1969 0
29 -1970 0
330 -1970 0
-29 -330 1970 0
-331 -1971 0
-332 -1971 0
331 332 1971 0
-4 -1972 0
-276 -1972 0
4 276 1972 0
4 -1973 0
-262 -1973 0
-4 262 1973 0
-335 -1974 0
-336 -1974 0
335 336 1974 0
-5 -1975 0
-337 -1975 0
5 337 1975 0
-4 -1976 0
-266 -1976 0
4 266 1976 0
4 -1977 0
-272 -1977 0
-4 272 1977 0
-339 -1978 0
-340 -1978 0
339 340 1978 0
5 -1979 0
-341 -1979 0
-5 341 1979 0
-338 -1980 0
-342 -1980 0
338 342 1980 0
-334 -1981 0
-344 -1981 0
334 344 1981 0
-30 -1982 0
-345 -1982 0
30 345 1982 0
30 -1983 0
345 -1983 0
-30 -345 1983 0
-346 -1984 0
-347 -1984 0
346 347 1984 0
333 -1985 0
348 -1985 0
-333 -348 1985 0
318 -1986 0
349 -1986 0
-318 -349 1986 0
287 -1987 0
350 -1987 0
-287 -350 1987 0
-5 -1988 0
-172 -1988 0
5 172 1988 0
5 -1989 0
-142 -1989 0
-5 142 1989 0
-353 -1990 0
-354 -1990 0
353 354 1990 0
-352 -1991 0
-356 -1991 0
352 356 1991 0
-31 -1992 0
-357 -1992 0
31 357 1992 0
31 -1993 0
357 -1993 0
-31 -357 1993 0
-358 -1994 0
-359 -1994 0
358 359 1994 0
-5 -1995 0
-223 -1995 0
5 223 1995 0
5 -1996 0
-201 -1996 0
-5 201 1996 0
-362 -1997 0
-363 -1997 0
362 363 1997 0
-361 -1998 0
-365 -1998 0
361 365 1998 0
-32 -1999 0
-366 -1999 0
32 366 1999 0
32 -2000 0
366 -2000 0
-32 -366 2000 0
-367 -2001 0
-368 -2001 0
367 368 2001 0
360 -2002 0
369 -2002 0
-360 -369 2002 0
-5 -2003 0
-251 -2003 0
5 251 2003 0
5 -2004 0
-241 -2004 0
-5 241 2004 0
-372 -2005 0
-373 -2005 0
372 373 2005 0
-371 -2006 0
-375 -2006 0
371 375 2006 0
-33 -2007 0
-376 -2007 0
33 376 2007 0
33 -2008 0
376 -2008 0
-33 -376 2008 0
-377 -2009 0
-378 -2009 0
377 378 2009 0
-5 -2010 0
-278 -2010 0
5 278 2010 0
5 -2011 0
-268 -2011 0
-5 268 2011 0
-381 -2012 0
-382 -2012 0
381 382 2012 0
-380 -2013 0
-384 -2013 0
380 384 2013 0
-34 -2014 0
-385 -2014 0
34 385 2014 0
34 -2015 0
385 -2015 0
-34 -385 2015 0
-386 -2016 0
-387 -2016 0
386 387 2016 0
379 -2017 0
388 -2017 0
-379 -388 2017 0
370 -2018 0
389 -2018 0
-370 -389 2018 0
-5 -2019 0
-295 -2019 0
5 295 2019 0
5 -2020 0
-291 -2020 0
-5 291 2020 0
-392 -2021 0
-393 -2021 0
392 393 2021 0
-391 -2022 0
-395 -2022 0
391 395 2022 0
-35 -2023 0
-396 -2023 0
35 396 2023 0
35 -2024 0
396 -2024 0
-35 -396 2024 0
-397 -2025 0
-398 -2025 0
397 398 2025 0
-5 -2026 0
-310 -2026 0
5 310 2026 0
5 -2027 0
-306 -2027 0
-5 306 2027 0
-401 -2028 0
-402 -2028 0
401 402 2028 0
-400 -2029 0
-404 -2029 0
400 404 2029 0
-36 -2030 0
-405 -2030 0
36 405 2030 0
36 -2031 0
405 -2031 0
-36 -405 2031 0
-406 -2032 0
-407 -2032 0
406 407 2032 0
399 -2033 0
408 -2033 0
-399 -408 2033 0
-5 -2034 0
-326 -2034 0
5 326 2034 0
5 -2035 0
-322 -2035 0
-5 322 2035 0
-411 -2036 0
-412 -2036 0
411 412 2036 0
-410 -2037 0
-414 -2037 0
410 414 2037 0
-37 -2038 0
-415 -2038 0
37 415 2038 0
37 -2039 0
415 -2039 0
-37 -415 2039 0
-416 -2040 0
-417 -2040 0
416 417 2040 0
-5 -2041 0
-341 -2041 0
5 341 2041 0
5 -2042 0
-337 -2042 0
-5 337 2042 0
-420 -2043 0
-421 -2043 0
420 421 2043 0
-114 -2044 0
-180 -2044 0
114 180 2044 0
-232 -2045 0
-259 -2045 0
232 259 2045 0
-288 -2046 0
-303 -2046 0
288 303 2046 0
2045 -2047 0
2046 -2047 0
-2045 -2046 2047 0
2044 -2048 0
2047 -2048 0
-2044 -2047 2048 0
-410 -2049 0
-419 -2049 0
410 419 2049 0
-422 -2050 0
2049 -2050 0
422 -2049 2050 0
-371 -2051 0
-380 -2051 0
371 380 2051 0
-391 -2052 0
-400 -2052 0
391 400 2052 0
2051 -2053 0
2052 -2053 0
-2051 -2052 2053 0
-319 -2054 0
-334 -2054 0
319 334 2054 0
-352 -2055 0
-361 -2055 0
352 361 2055 0
2054 -2056 0
2055 -2056 0
-2054 -2055 2056 0
2053 -2057 0
2056 -2057 0
-2053 -2056 2057 0
2050 -2058 0
2057 -2058 0
-2050 -2057 2058 0
2048 -2059 0
2058 -2059 0
-2048 -2058 2059 0
-419 -2060 0
-423 -2060 0
419 423 2060 0
-38 -2061 0
-424 -2061 0
38 424 2061 0
38 -2062 0
424 -2062 0
-38 -424 2062 0
-425 -2063 0
-426 -2063 0
425 426 2063 0
418 -2064 0
427 -2064 0
-418 -427 2064 0
409 -2065 0
428 -2065 0
-409 -428 2065 0
390 -2066 0
429 -2066 0
-390 -429 2066 0
351 -2067 0
430 -2067 0
-351 -430 2067 0
179 -2068 0
431 -2068 0
-179 -431 2068 0
-6 -2069 0
-7 -2069 0
6 7 2069 0
-8 -2070 0
-9 -2070 0
8 9 2070 0
435 -2071 0
436 -2071 0
-435 -436 2071 0
-10 -2072 0
-11 -2072 0
10 11 2072 0
-12 -2073 0
-13 -2073 0
12 13 2073 0
438 -2074 0
439 -2074 0
-438 -439 2074 0
437 -2075 0
440 -2075 0
-437 -440 2075 0
-14 -2076 0
-15 -2076 0
14 15 2076 0
-16 -2077 0
-17 -2077 0
16 17 2077 0
442 -2078 0
443 -2078 0
-442 -443 2078 0
-18 -2079 0
-19 -2079 0
18 19 2079 0
-20 -2080 0
-21 -2080 0
20 21 2080 0
445 -2081 0
446 -2081 0
-445 -446 2081 0
444 -2082 0
447 -2082 0
-444 -447 2082 0
441 -2083 0
448 -2083 0
-441 -448 2083 0
-22 -2084 0
449 -2084 0
22 -449 2084 0
