c defined variables: 37 38 39 40 41 42 43 44 45 46 47 48 49 50 51 52 53 54 55 56 57 58 59 60 61 62 63 64 65 66 67 68 69 70 71 72 73 74 75 76 77 78 79 80 81 82 83 84 85 86 87 88 89 90 91 92 93 94 95 96 97 98 99 100 101 102 103 104 105 106 107 108 109 110 111 112 113 114 115 116 117 118 119 120 121 122 123 124 125 126 127 128 129 130 131 132 133 134 135 136 137 138 139 140 141 142 143 144 145 146 147 148 149 150 151 152 153 154 155 156 157 158 159 160 161 162 163 164 165 166 167 168 169 170 171 172 173 174 175 176 177 178 179 180 181 182 183 184 185 186 187 188 189 190 191 192 193 194 195 196 197 198 199 200 201 202 203 204 205 206 207 208 209 210 211 212 213 214 215 216 217 218 219 220 221 222 223 224 225 226 227 228 229 230 231 232 233 234 235 236 237 238 239 240 241 242 243 244 245 246 247 248 249 250 251 252 253 254 255 256 257 258 259 260 261 262 263 264 265 266 267 268 269 270 271 272 273 274 275 276 277 278 279 280 281 282 283 284 285 286 287 288 289 290 291 292 293 294 295 296 297 298 299 300 301 302 303 304 305 306 307 308 309 310 311 372 375 376 377 378 381 384 385 386 387 390 393 394 395 396 399 402 403 404 405 408 411 412 413 414 417 420 421 422 423 426 429 430 431 432 435 438 439 440 441 443 444 445 446 447 448 449 450 451 452 453 454 455 456 457 458 459 460 461 462 463 464 465 466 467 468 469 470 471 472 473 474 475 476 477 478 479 480 481 482 483 484 485 486 487 488 489 490 491 492 493 494 495 496 497 498 499 500 501 502 503 504 505 506 507 508 509 510 511 512 513 514 515 516 517 518 519 520 521 522 523 524 525 526 527 528 529 530 531 532 533 534 535 536 537 538 539 540 541 542 543 544 545 546 547 548 549 550 551 552 553 554 555 556 557 558 559 560 561 562 563 564 565 566 567 568 569 570 571 572 573 574 575 576 
p cnf 2381 3524
a 1 2 3 4 5 6 7 8 9 10 11 12 13 14 15 16 17 18 19 20 21 22 23 24 25 26 27 28 29 30 31 32 33 34 35 36 340 341 342 343 344 345 346 347 348 349 350 351 352 353 354 355 356 357 358 359 360 361 362 363 364 365 366 367 0
e 37 38 39 40 41 42 43 44 45 46 47 48 49 50 51 52 53 54 55 56 57 58 59 60 61 62 63 64 65 66 67 68 69 70 71 72 73 74 75 76 77 78 79 80 81 82 83 84 85 86 87 88 89 90 91 92 93 94 95 96 97 98 99 100 101 102 103 104 105 106 107 108 109 110 111 112 113 114 115 116 117 118 119 120 121 122 123 124 125 126 127 128 129 130 131 132 133 134 135 136 137 138 139 140 141 142 143 144 145 146 147 148 149 150 151 152 153 154 155 156 157 158 159 160 161 162 163 164 165 166 167 168 169 170 171 172 173 174 175 176 177 178 179 180 181 182 183 184 185 186 187 188 189 190 191 192 193 194 195 196 197 198 199 200 201 202 203 204 205 206 207 208 209 210 211 212 213 214 215 216 217 218 219 220 221 222 223 224 225 226 227 228 229 230 231 232 233 234 235 236 237 238 239 240 241 242 243 244 245 246 247 248 249 250 251 252 253 254 255 256 257 258 259 260 261 262 263 264 265 266 267 268 269 270 271 272 273 274 275 276 277 278 279 280 281 282 283 284 285 286 287 288 289 290 291 292 293 294 295 296 297 298 299 300 301 302 303 304 305 306 307 308 309 310 311 372 375 376 377 378 381 384 385 386 387 390 393 394 395 396 399 402 403 404 405 408 411 412 413 414 417 420 421 422 423 426 429 430 431 432 435 438 439 440 441 443 444 445 446 447 448 449 450 451 452 453 454 455 456 457 458 459 460 461 462 463 464 465 466 467 468 469 470 471 472 473 474 475 476 477 478 479 480 481 482 483 484 485 486 487 488 489 490 491 492 493 494 495 496 497 498 499 500 501 502 503 504 505 506 507 508 509 510 511 512 513 514 515 516 517 518 519 520 521 522 523 524 525 526 527 528 529 530 531 532 533 534 535 536 537 538 539 540 541 542 543 544 545 546 547 548 549 550 551 552 553 554 555 556 557 558 559 560 561 562 563 564 565 566 567 568 569 570 571 572 573 574 575 576 1971 1972 1973 1974 1975 1976 1977 1978 1979 1980 1981 1982 1983 1984 1985 1986 1987 1988 1989 1990 1991 1992 1993 1994 1995 1996 1997 1998 1999 2000 2001 2002 2003 2004 2005 2006 2007 2008 2009 2010 2011 2012 2013 2014 2015 2016 2017 2018 2019 2020 2021 2022 2023 2024 2025 2026 2027 2028 2029 2030 2031 2032 2033 2034 2035 2036 2037 2038 2039 2040 2041 2042 2043 2044 2045 2046 2047 2048 2049 2050 2051 2052 2053 2054 2055 2056 2057 2058 2059 2060 2061 2062 2063 2064 2065 2066 2067 2068 2069 2070 2071 2072 2073 2074 2075 2076 2077 2078 2079 2080 2081 2082 2083 2084 2085 2086 2087 2088 2089 2090 2091 2092 2093 2094 2095 2096 2097 2098 2099 2100 2101 2102 2103 2104 2105 2106 2107 2108 2109 2110 2111 2112 2113 2114 2115 2116 2117 2118 2119 2120 2121 2122 2123 2124 2125 2126 2127 2128 2129 2130 2131 2132 2133 2134 2135 2136 2137 2138 2139 2140 2141 2142 2143 2144 2145 2146 2147 2148 2149 2150 2151 2152 2153 2154 2155 2156 2157 2158 2159 2160 2161 2162 2163 2164 2165 2166 2167 2168 2169 2170 2171 2172 2173 2174 2175 2176 2177 2178 2179 2180 2181 2182 2183 2184 2185 2186 2187 2188 2189 2190 2191 2192 2193 2194 2195 2196 2197 2198 2199 2200 2201 2202 2203 2204 2205 2206 2207 2208 2209 2210 2211 2212 2213 2214 2215 2216 2217 2218 2219 2220 2221 2222 2223 2224 2225 2226 2227 2228 2229 2230 2231 2232 2233 2234 2235 2236 2237 2238 2239 2240 2241 2242 2243 2244 2245 2246 2247 2248 2249 2250 2251 2252 2253 2254 2255 2256 2257 2258 2259 2260 2261 2262 2263 2264 2265 2266 2267 2268 2269 2270 2271 2272 2273 2274 2275 2276 2277 2278 2279 2280 2281 2282 2283 2284 2285 2286 2287 2288 2289 2290 2291 2292 2293 2294 2295 2296 2297 2298 2299 2300 2301 2302 2303 2304 2305 2306 2307 2308 2309 2310 2311 2312 2313 2314 2315 2316 2317 2318 2319 2320 2321 2322 2323 2324 2325 2326 2327 2328 2329 2330 2331 2332 2333 2334 2335 2336 2337 2338 2339 2340 2341 2342 2343 2344 2345 2346 2347 2348 2349 2350 2351 2352 2353 2354 2355 2356 2357 2358 2359 2360 2361 2362 2363 2364 2365 2366 2367 2368 2369 2370 2371 2372 2373 2374 2375 2376 2377 2378 2379 2380 2381 0
d 318 340 0
d 321 341 0
d 324 342 0
d 327 343 0
d 330 344 0
d 333 345 0
d 336 346 0
d 339 347 0
d 338 348 349 350 340 351 341 352 342 353 343 354 344 355 345 356 346 357 347 0
d 335 348 349 350 340 351 341 352 342 353 343 354 344 355 345 356 346 357 347 0
d 334 348 349 350 340 351 341 352 342 353 343 354 344 355 345 356 346 357 347 358 0
d 332 348 349 350 340 351 341 352 342 353 343 354 344 355 345 356 346 357 347 0
d 331 348 349 350 340 351 341 352 342 353 343 354 344 355 345 356 346 357 347 359 0
d 329 348 349 350 340 351 341 352 342 353 343 354 344 355 345 356 346 357 347 0
d 328 348 349 350 340 351 341 352 342 353 343 354 344 355 345 356 346 357 347 360 0
d 326 348 349 350 340 351 341 352 342 353 343 354 344 355 345 356 346 357 347 0
d 325 348 349 350 340 351 341 352 342 353 343 354 344 355 345 356 346 357 347 361 0
d 323 348 349 350 340 351 341 352 342 353 343 354 344 355 345 356 346 357 347 0
d 322 348 349 350 340 351 341 352 342 353 343 354 344 355 345 356 346 357 347 362 0
d 320 348 349 350 340 351 341 352 342 353 343 354 344 355 345 356 346 357 347 0
d 319 348 349 350 340 351 341 352 342 353 343 354 344 355 345 356 346 357 347 363 0
d 317 348 349 350 340 351 341 352 342 353 343 354 344 355 345 356 346 357 347 0
d 316 348 349 350 340 351 341 352 342 353 343 354 344 355 345 356 346 357 347 364 0
d 315 348 349 350 340 351 341 352 342 353 343 354 344 355 345 356 346 357 347 0
d 337 348 349 350 340 351 341 352 342 353 343 354 344 355 345 356 346 357 347 365 0
d 314 348 349 350 340 351 341 352 342 353 343 354 344 355 345 356 346 357 347 366 364 363 362 361 360 359 358 365 0
d 313 348 349 350 340 351 341 352 342 353 343 354 344 355 345 356 346 357 347 366 364 363 362 361 360 359 358 365 0
d 312 348 349 350 340 351 341 352 342 353 343 354 344 355 345 356 346 357 347 366 364 363 362 361 360 359 358 365 367 0
d 368 1 2 3 4 5 6 7 8 9 10 11 12 13 14 15 16 17 18 19 20 21 22 23 24 25 26 27 28 29 30 31 32 33 34 35 36 340 341 342 343 344 345 346 347 348 349 350 351 352 353 354 355 356 357 358 359 360 361 362 363 364 365 366 367 0
d 369 1 2 3 4 5 6 7 8 9 10 11 12 13 14 15 16 17 18 19 20 21 22 23 24 25 26 27 28 29 30 31 32 33 34 35 36 340 341 342 343 344 345 346 347 348 349 350 351 352 353 354 355 356 357 358 359 360 361 362 363 364 365 366 367 0
d 370 1 2 3 4 5 6 7 8 9 10 11 12 13 14 15 16 17 18 19 20 21 22 23 24 25 26 27 28 29 30 31 32 33 34 35 36 340 341 342 343 344 345 346 347 348 349 350 351 352 353 354 355 356 357 358 359 360 361 362 363 364 365 366 367 0
d 371 1 2 3 4 5 6 7 8 9 10 11 12 13 14 15 16 17 18 19 20 21 22 23 24 25 26 27 28 29 30 31 32 33 34 35 36 340 341 342 343 344 345 346 347 348 349 350 351 352 353 354 355 356 357 358 359 360 361 362 363 364 365 366 367 0
d 373 1 2 3 4 5 6 7 8 9 10 11 12 13 14 15 16 17 18 19 20 21 22 23 24 25 26 27 28 29 30 31 32 33 34 35 36 340 341 342 343 344 345 346 347 348 349 350 351 352 353 354 355 356 357 358 359 360 361 362 363 364 365 366 367 0
d 374 1 2 3 4 5 6 7 8 9 10 11 12 13 14 15 16 17 18 19 20 21 22 23 24 25 26 27 28 29 30 31 32 33 34 35 36 340 341 342 343 344 345 346 347 348 349 350 351 352 353 354 355 356 357 358 359 360 361 362 363 364 365 366 367 0
d 379 1 2 3 4 5 6 7 8 9 10 11 12 13 14 15 16 17 18 19 20 21 22 23 24 25 26 27 28 29 30 31 32 33 34 35 36 340 341 342 343 344 345 346 347 348 349 350 351 352 353 354 355 356 357 358 359 360 361 362 363 364 365 366 367 0
d 380 1 2 3 4 5 6 7 8 9 10 11 12 13 14 15 16 17 18 19 20 21 22 23 24 25 26 27 28 29 30 31 32 33 34 35 36 340 341 342 343 344 345 346 347 348 349 350 351 352 353 354 355 356 357 358 359 360 361 362 363 364 365 366 367 0
d 382 1 2 3 4 5 6 7 8 9 10 11 12 13 14 15 16 17 18 19 20 21 22 23 24 25 26 27 28 29 30 31 32 33 34 35 36 340 341 342 343 344 345 346 347 348 349 350 351 352 353 354 355 356 357 358 359 360 361 362 363 364 365 366 367 0
d 383 1 2 3 4 5 6 7 8 9 10 11 12 13 14 15 16 17 18 19 20 21 22 23 24 25 26 27 28 29 30 31 32 33 34 35 36 340 341 342 343 344 345 346 347 348 349 350 351 352 353 354 355 356 357 358 359 360 361 362 363 364 365 366 367 0
d 388 1 2 3 4 5 6 7 8 9 10 11 12 13 14 15 16 17 18 19 20 21 22 23 24 25 26 27 28 29 30 31 32 33 34 35 36 340 341 342 343 344 345 346 347 348 349 350 351 352 353 354 355 356 357 358 359 360 361 362 363 364 365 366 367 0
d 389 1 2 3 4 5 6 7 8 9 10 11 12 13 14 15 16 17 18 19 20 21 22 23 24 25 26 27 28 29 30 31 32 33 34 35 36 340 341 342 343 344 345 346 347 348 349 350 351 352 353 354 355 356 357 358 359 360 361 362 363 364 365 366 367 0
d 391 1 2 3 4 5 6 7 8 9 10 11 12 13 14 15 16 17 18 19 20 21 22 23 24 25 26 27 28 29 30 31 32 33 34 35 36 340 341 342 343 344 345 346 347 348 349 350 351 352 353 354 355 356 357 358 359 360 361 362 363 364 365 366 367 0
d 392 1 2 3 4 5 6 7 8 9 10 11 12 13 14 15 16 17 18 19 20 21 22 23 24 25 26 27 28 29 30 31 32 33 34 35 36 340 341 342 343 344 345 346 347 348 349 350 351 352 353 354 355 356 357 358 359 360 361 362 363 364 365 366 367 0
d 397 1 2 3 4 5 6 7 8 9 10 11 12 13 14 15 16 17 18 19 20 21 22 23 24 25 26 27 28 29 30 31 32 33 34 35 36 340 341 342 343 344 345 346 347 348 349 350 351 352 353 354 355 356 357 358 359 360 361 362 363 364 365 366 367 0
d 398 1 2 3 4 5 6 7 8 9 10 11 12 13 14 15 16 17 18 19 20 21 22 23 24 25 26 27 28 29 30 31 32 33 34 35 36 340 341 342 343 344 345 346 347 348 349 350 351 352 353 354 355 356 357 358 359 360 361 362 363 364 365 366 367 0
d 400 1 2 3 4 5 6 7 8 9 10 11 12 13 14 15 16 17 18 19 20 21 22 23 24 25 26 27 28 29 30 31 32 33 34 35 36 340 341 342 343 344 345 346 347 348 349 350 351 352 353 354 355 356 357 358 359 360 361 362 363 364 365 366 367 0
d 401 1 2 3 4 5 6 7 8 9 10 11 12 13 14 15 16 17 18 19 20 21 22 23 24 25 26 27 28 29 30 31 32 33 34 35 36 340 341 342 343 344 345 346 347 348 349 350 351 352 353 354 355 356 357 358 359 360 361 362 363 364 365 366 367 0
d 406 1 2 3 4 5 6 7 8 9 10 11 12 13 14 15 16 17 18 19 20 21 22 23 24 25 26 27 28 29 30 31 32 33 34 35 36 340 341 342 343 344 345 346 347 348 349 350 351 352 353 354 355 356 357 358 359 360 361 362 363 364 365 366 367 0
d 407 1 2 3 4 5 6 7 8 9 10 11 12 13 14 15 16 17 18 19 20 21 22 23 24 25 26 27 28 29 30 31 32 33 34 35 36 340 341 342 343 344 345 346 347 348 349 350 351 352 353 354 355 356 357 358 359 360 361 362 363 364 365 366 367 0
d 409 1 2 3 4 5 6 7 8 9 10 11 12 13 14 15 16 17 18 19 20 21 22 23 24 25 26 27 28 29 30 31 32 33 34 35 36 340 341 342 343 344 345 346 347 348 349 350 351 352 353 354 355 356 357 358 359 360 361 362 363 364 365 366 367 0
d 410 1 2 3 4 5 6 7 8 9 10 11 12 13 14 15 16 17 18 19 20 21 22 23 24 25 26 27 28 29 30 31 32 33 34 35 36 340 341 342 343 344 345 346 347 348 349 350 351 352 353 354 355 356 357 358 359 360 361 362 363 364 365 366 367 0
d 415 1 2 3 4 5 6 7 8 9 10 11 12 13 14 15 16 17 18 19 20 21 22 23 24 25 26 27 28 29 30 31 32 33 34 35 36 340 341 342 343 344 345 346 347 348 349 350 351 352 353 354 355 356 357 358 359 360 361 362 363 364 365 366 367 0
d 416 1 2 3 4 5 6 7 8 9 10 11 12 13 14 15 16 17 18 19 20 21 22 23 24 25 26 27 28 29 30 31 32 33 34 35 36 340 341 342 343 344 345 346 347 348 349 350 351 352 353 354 355 356 357 358 359 360 361 362 363 364 365 366 367 0
d 418 1 2 3 4 5 6 7 8 9 10 11 12 13 14 15 16 17 18 19 20 21 22 23 24 25 26 27 28 29 30 31 32 33 34 35 36 340 341 342 343 344 345 346 347 348 349 350 351 352 353 354 355 356 357 358 359 360 361 362 363 364 365 366 367 0
d 419 1 2 3 4 5 6 7 8 9 10 11 12 13 14 15 16 17 18 19 20 21 22 23 24 25 26 27 28 29 30 31 32 33 34 35 36 340 341 342 343 344 345 346 347 348 349 350 351 352 353 354 355 356 357 358 359 360 361 362 363 364 365 366 367 0
d 424 1 2 3 4 5 6 7 8 9 10 11 12 13 14 15 16 17 18 19 20 21 22 23 24 25 26 27 28 29 30 31 32 33 34 35 36 340 341 342 343 344 345 346 347 348 349 350 351 352 353 354 355 356 357 358 359 360 361 362 363 364 365 366 367 0
d 425 1 2 3 4 5 6 7 8 9 10 11 12 13 14 15 16 17 18 19 20 21 22 23 24 25 26 27 28 29 30 31 32 33 34 35 36 340 341 342 343 344 345 346 347 348 349 350 351 352 353 354 355 356 357 358 359 360 361 362 363 364 365 366 367 0
d 427 1 2 3 4 5 6 7 8 9 10 11 12 13 14 15 16 17 18 19 20 21 22 23 24 25 26 27 28 29 30 31 32 33 34 35 36 340 341 342 343 344 345 346 347 348 349 350 351 352 353 354 355 356 357 358 359 360 361 362 363 364 365 366 367 0
d 428 1 2 3 4 5 6 7 8 9 10 11 12 13 14 15 16 17 18 19 20 21 22 23 24 25 26 27 28 29 30 31 32 33 34 35 36 340 341 342 343 344 345 346 347 348 349 350 351 352 353 354 355 356 357 358 359 360 361 362 363 364 365 366 367 0
d 433 1 2 3 4 5 6 7 8 9 10 11 12 13 14 15 16 17 18 19 20 21 22 23 24 25 26 27 28 29 30 31 32 33 34 35 36 340 341 342 343 344 345 346 347 348 349 350 351 352 353 354 355 356 357 358 359 360 361 362 363 364 365 366 367 0
d 434 1 2 3 4 5 6 7 8 9 10 11 12 13 14 15 16 17 18 19 20 21 22 23 24 25 26 27 28 29 30 31 32 33 34 35 36 340 341 342 343 344 345 346 347 348 349 350 351 352 353 354 355 356 357 358 359 360 361 362 363 364 365 366 367 0
d 436 1 2 3 4 5 6 7 8 9 10 11 12 13 14 15 16 17 18 19 20 21 22 23 24 25 26 27 28 29 30 31 32 33 34 35 36 340 341 342 343 344 345 346 347 348 349 350 351 352 353 354 355 356 357 358 359 360 361 362 363 364 365 366 367 0
d 437 1 2 3 4 5 6 7 8 9 10 11 12 13 14 15 16 17 18 19 20 21 22 23 24 25 26 27 28 29 30 31 32 33 34 35 36 340 341 342 343 344 345 346 347 348 349 350 351 352 353 354 355 356 357 358 359 360 361 362 363 364 365 366 367 0
d 442 1 2 3 4 5 6 7 8 9 10 11 12 13 14 15 16 17 18 19 20 21 22 23 24 25 26 27 28 29 30 31 32 33 34 35 36 340 341 342 343 344 345 346 347 348 349 350 351 352 353 354 355 356 357 358 359 360 361 362 363 364 365 366 367 0
-1 -37 0
1 37 0
1971 -38 0
-1971 38 0
-38 -39 0
38 39 0
-4 -40 0
4 40 0
1972 -41 0
-1972 41 0
-41 -42 0
41 42 0
-8 -43 0
8 43 0
1973 -44 0
-1973 44 0
-44 -45 0
44 45 0
-12 -46 0
12 46 0
1974 -47 0
-1974 47 0
-47 -48 0
47 48 0
-16 -49 0
16 49 0
1975 -50 0
-1975 50 0
-50 -51 0
50 51 0
-20 -52 0
20 52 0
1976 -53 0
-1976 53 0
-53 -54 0
53 54 0
-24 -55 0
24 55 0
1977 -56 0
-1977 56 0
-56 -57 0
56 57 0
-28 -58 0
28 58 0
1978 -59 0
-1978 59 0
-59 -60 0
59 60 0
-32 -61 0
32 61 0
1979 -62 0
-1979 62 0
-62 -63 0
62 63 0
1987 -64 0
-1987 64 0
-64 -65 0
64 65 0
-64 -66 0
64 66 0
1988 -67 0
-1988 67 0
1989 -68 0
-1989 68 0
-1990 -69 0
1990 69 0
-2 -70 0
2 70 0
1991 -71 0
-1991 71 0
1992 -72 0
-1992 72 0
-72 -73 0
72 73 0
1993 -74 0
-1993 74 0
1994 -75 0
-1994 75 0
-1995 -76 0
1995 76 0
-6 -77 0
6 77 0
1996 -78 0
-1996 78 0
1997 -79 0
-1997 79 0
-79 -80 0
79 80 0
1998 -81 0
-1998 81 0
1999 -82 0
-1999 82 0
-2000 -83 0
2000 83 0
-10 -84 0
10 84 0
2001 -85 0
-2001 85 0
2002 -86 0
-2002 86 0
-86 -87 0
86 87 0
2003 -88 0
-2003 88 0
2004 -89 0
-2004 89 0
-2005 -90 0
2005 90 0
-14 -91 0
14 91 0
2006 -92 0
-2006 92 0
2007 -93 0
-2007 93 0
-93 -94 0
93 94 0
2008 -95 0
-2008 95 0
2009 -96 0
-2009 96 0
-2010 -97 0
2010 97 0
-18 -98 0
18 98 0
2011 -99 0
-2011 99 0
2012 -100 0
-2012 100 0
-100 -101 0
100 101 0
2013 -102 0
-2013 102 0
2014 -103 0
-2014 103 0
-2015 -104 0
2015 104 0
-22 -105 0
22 105 0
2016 -106 0
-2016 106 0
2017 -107 0
-2017 107 0
-107 -108 0
107 108 0
2018 -109 0
-2018 109 0
2019 -110 0
-2019 110 0
-2020 -111 0
2020 111 0
-26 -112 0
26 112 0
2021 -113 0
-2021 113 0
2022 -114 0
-2022 114 0
-114 -115 0
114 115 0
2023 -116 0
-2023 116 0
2024 -117 0
-2024 117 0
-2025 -118 0
2025 118 0
-30 -119 0
30 119 0
2026 -120 0
-2026 120 0
2027 -121 0
-2027 121 0
-121 -122 0
121 122 0
2028 -123 0
-2028 123 0
2029 -124 0
-2029 124 0
-2030 -125 0
2030 125 0
-34 -126 0
34 126 0
2031 -127 0
-2031 127 0
2032 -128 0
-2032 128 0
-128 -129 0
128 129 0
2040 -130 0
-2040 130 0
-130 -131 0
130 131 0
-130 -132 0
130 132 0
2041 -133 0
-2041 133 0
2042 -134 0
-2042 134 0
-2043 -135 0
2043 135 0
2044 -136 0
-2044 136 0
2045 -137 0
-2045 137 0
-137 -138 0
137 138 0
-138 -139 0
138 139 0
2046 -140 0
-2046 140 0
-140 -141 0
140 141 0
2047 -142 0
-2047 142 0
2048 -143 0
-2048 143 0
-2049 -144 0
2049 144 0
2050 -145 0
-2050 145 0
2051 -146 0
-2051 146 0
-146 -147 0
146 147 0
-147 -148 0
147 148 0
2052 -149 0
-2052 149 0
-149 -150 0
149 150 0
2053 -151 0
-2053 151 0
2054 -152 0
-2054 152 0
-2055 -153 0
2055 153 0
2056 -154 0
-2056 154 0
2057 -155 0
-2057 155 0
-155 -156 0
155 156 0
-156 -157 0
156 157 0
2058 -158 0
-2058 158 0
-158 -159 0
158 159 0
2059 -160 0
-2059 160 0
2060 -161 0
-2060 161 0
-2061 -162 0
2061 162 0
2062 -163 0
-2062 163 0
2063 -164 0
-2063 164 0
-164 -165 0
164 165 0
-165 -166 0
165 166 0
2064 -167 0
-2064 167 0
-167 -168 0
167 168 0
2065 -169 0
-2065 169 0
2066 -170 0
-2066 170 0
-2067 -171 0
2067 171 0
2068 -172 0
-2068 172 0
2069 -173 0
-2069 173 0
-173 -174 0
173 174 0
-174 -175 0
174 175 0
2070 -176 0
-2070 176 0
-176 -177 0
176 177 0
2071 -178 0
-2071 178 0
2072 -179 0
-2072 179 0
-2073 -180 0
2073 180 0
2074 -181 0
-2074 181 0
2075 -182 0
-2075 182 0
-182 -183 0
182 183 0
-183 -184 0
183 184 0
2076 -185 0
-2076 185 0
-185 -186 0
185 186 0
2077 -187 0
-2077 187 0
2078 -188 0
-2078 188 0
-2079 -189 0
2079 189 0
2080 -190 0
-2080 190 0
2081 -191 0
-2081 191 0
-191 -192 0
191 192 0
-192 -193 0
192 193 0
2082 -194 0
-2082 194 0
-194 -195 0
194 195 0
2083 -196 0
-2083 196 0
2084 -197 0
-2084 197 0
-2085 -198 0
2085 198 0
2086 -199 0
-2086 199 0
2087 -200 0
-2087 200 0
-200 -201 0
200 201 0
-201 -202 0
201 202 0
2088 -203 0
-2088 203 0
-203 -204 0
203 204 0
2089 -205 0
-2089 205 0
2090 -206 0
-2090 206 0
-2091 -207 0
2091 207 0
2092 -208 0
-2092 208 0
2093 -209 0
-2093 209 0
-209 -210 0
209 210 0
-210 -211 0
210 211 0
2094 -212 0
-2094 212 0
-212 -213 0
212 213 0
2102 -214 0
-2102 214 0
-214 -215 0
214 215 0
-64 -216 0
64 216 0
2103 -217 0
-2103 217 0
-217 -218 0
217 218 0
-130 -219 0
130 219 0
2104 -220 0
-2104 220 0
-220 -221 0
220 221 0
-214 -222 0
214 222 0
2105 -223 0
-2105 223 0
-223 -224 0
223 224 0
2108 -225 0
-2108 225 0
-225 -226 0
225 226 0
-226 -227 0
226 227 0
2109 -228 0
-2109 228 0
-228 -229 0
228 229 0
2110 -230 0
-2110 230 0
-230 -231 0
230 231 0
2111 -232 0
-2111 232 0
-232 -233 0
232 233 0
2114 -234 0
-2114 234 0
-234 -235 0
234 235 0
2115 -236 0
-2115 236 0
-236 -237 0
236 237 0
2116 -238 0
-2116 238 0
-238 -239 0
238 239 0
2117 -240 0
-2117 240 0
-240 -241 0
240 241 0
2120 -242 0
-2120 242 0
-242 -243 0
242 243 0
2121 -244 0
-2121 244 0
-244 -245 0
244 245 0
2122 -246 0
-2122 246 0
-246 -247 0
246 247 0
2123 -248 0
-2123 248 0
-248 -249 0
248 249 0
2126 -250 0
-2126 250 0
-250 -251 0
250 251 0
2127 -252 0
-2127 252 0
-252 -253 0
252 253 0
2128 -254 0
-2128 254 0
-254 -255 0
254 255 0
2129 -256 0
-2129 256 0
-256 -257 0
256 257 0
2132 -258 0
-2132 258 0
-258 -259 0
258 259 0
2133 -260 0
-2133 260 0
-260 -261 0
260 261 0
2134 -262 0
-2134 262 0
-262 -263 0
262 263 0
2135 -264 0
-2135 264 0
-264 -265 0
264 265 0
2138 -266 0
-2138 266 0
-266 -267 0
266 267 0
2139 -268 0
-2139 268 0
-268 -269 0
268 269 0
2140 -270 0
-2140 270 0
-270 -271 0
270 271 0
2141 -272 0
-2141 272 0
-272 -273 0
272 273 0
2144 -274 0
-2144 274 0
-274 -275 0
274 275 0
2145 -276 0
-2145 276 0
-276 -277 0
276 277 0
2146 -278 0
-2146 278 0
-278 -279 0
278 279 0
2147 -280 0
-2147 280 0
-280 -281 0
280 281 0
2150 -282 0
-2150 282 0
-282 -283 0
282 283 0
2151 -284 0
-2151 284 0
-284 -285 0
284 285 0
2152 -286 0
-2152 286 0
-286 -287 0
286 287 0
2153 -288 0
-2153 288 0
-288 -289 0
288 289 0
2156 -290 0
-2156 290 0
-290 -291 0
290 291 0
2163 -292 0
-2163 292 0
2164 -293 0
-2164 293 0
-251 -294 0
251 294 0
2165 -295 0
-2165 295 0
-295 -296 0
295 296 0
2168 -297 0
-2168 297 0
-297 -298 0
297 298 0
-267 -299 0
267 299 0
2169 -300 0
-2169 300 0
-300 -301 0
300 301 0
-275 -302 0
275 302 0
2171 -303 0
-2171 303 0
-303 -304 0
303 304 0
2173 -305 0
-2173 305 0
-305 -306 0
305 306 0
-283 -307 0
283 307 0
2175 -308 0
-2175 308 0
-308 -309 0
308 309 0
2178 -310 0
-2178 310 0
-310 -311 0
310 311 0
-2179 -372 0
2179 372 0
-374 -375 0
374 375 0
-375 -376 0
375 376 0
2180 -377 0
-2180 377 0
-377 -378 0
377 378 0
-2181 -381 0
2181 381 0
-383 -384 0
383 384 0
-384 -385 0
384 385 0
2182 -386 0
-2182 386 0
-386 -387 0
386 387 0
-2183 -390 0
2183 390 0
-392 -393 0
392 393 0
-393 -394 0
393 394 0
2184 -395 0
-2184 395 0
-395 -396 0
395 396 0
-2185 -399 0
2185 399 0
-401 -402 0
401 402 0
-402 -403 0
402 403 0
2186 -404 0
-2186 404 0
-404 -405 0
404 405 0
-2187 -408 0
2187 408 0
-410 -411 0
410 411 0
-411 -412 0
411 412 0
2188 -413 0
-2188 413 0
-413 -414 0
413 414 0
-2189 -417 0
2189 417 0
-419 -420 0
419 420 0
-420 -421 0
420 421 0
2190 -422 0
-2190 422 0
-422 -423 0
422 423 0
-2191 -426 0
2191 426 0
-428 -429 0
428 429 0
-429 -430 0
429 430 0
2192 -431 0
-2192 431 0
-431 -432 0
431 432 0
-2193 -435 0
2193 435 0
-437 -438 0
437 438 0
-438 -439 0
438 439 0
2194 -440 0
-2194 440 0
-440 -441 0
440 441 0
-442 -443 0
442 443 0
368 -444 0
-368 444 0
2195 -445 0
-2195 445 0
-445 -446 0
445 446 0
369 -447 0
-369 447 0
2196 -448 0
-2196 448 0
-448 -449 0
448 449 0
-442 -450 0
442 450 0
2197 -451 0
-2197 451 0
-451 -452 0
451 452 0
2200 -453 0
-2200 453 0
-453 -454 0
453 454 0
-454 -455 0
454 455 0
2201 -456 0
-2201 456 0
-456 -457 0
456 457 0
2202 -458 0
-2202 458 0
-458 -459 0
458 459 0
2203 -460 0
-2203 460 0
-460 -461 0
460 461 0
2206 -462 0
-2206 462 0
-462 -463 0
462 463 0
2207 -464 0
-2207 464 0
-464 -465 0
464 465 0
2208 -466 0
-2208 466 0
-466 -467 0
466 467 0
2209 -468 0
-2209 468 0
-468 -469 0
468 469 0
2212 -470 0
-2212 470 0
-470 -471 0
470 471 0
2213 -472 0
-2213 472 0
-472 -473 0
472 473 0
2214 -474 0
-2214 474 0
-474 -475 0
474 475 0
2215 -476 0
-2215 476 0
-476 -477 0
476 477 0
2218 -478 0
-2218 478 0
-478 -479 0
478 479 0
2219 -480 0
-2219 480 0
-480 -481 0
480 481 0
2220 -482 0
-2220 482 0
-482 -483 0
482 483 0
2221 -484 0
-2221 484 0
-484 -485 0
484 485 0
2224 -486 0
-2224 486 0
-486 -487 0
486 487 0
2225 -488 0
-2225 488 0
-488 -489 0
488 489 0
2226 -490 0
-2226 490 0
-490 -491 0
490 491 0
2227 -492 0
-2227 492 0
-492 -493 0
492 493 0
2230 -494 0
-2230 494 0
-494 -495 0
494 495 0
2231 -496 0
-2231 496 0
-496 -497 0
496 497 0
2232 -498 0
-2232 498 0
-498 -499 0
498 499 0
2233 -500 0
-2233 500 0
-500 -501 0
500 501 0
2236 -502 0
-2236 502 0
-502 -503 0
502 503 0
2237 -504 0
-2237 504 0
-504 -505 0
504 505 0
2238 -506 0
-2238 506 0
-506 -507 0
506 507 0
2239 -508 0
-2239 508 0
-508 -509 0
508 509 0
2242 -510 0
-2242 510 0
-510 -511 0
510 511 0
2243 -512 0
-2243 512 0
-512 -513 0
512 513 0
2244 -514 0
-2244 514 0
-514 -515 0
514 515 0
2245 -516 0
-2245 516 0
-516 -517 0
516 517 0
2248 -518 0
-2248 518 0
-518 -519 0
518 519 0
2255 -520 0
-2255 520 0
2256 -521 0
-2256 521 0
-479 -522 0
479 522 0
2257 -523 0
-2257 523 0
-523 -524 0
523 524 0
2260 -525 0
-2260 525 0
-525 -526 0
525 526 0
-495 -527 0
495 527 0
2261 -528 0
-2261 528 0
-528 -529 0
528 529 0
-503 -530 0
503 530 0
2263 -531 0
-2263 531 0
-531 -532 0
531 532 0
2265 -533 0
-2265 533 0
-533 -534 0
533 534 0
-511 -535 0
511 535 0
-535 -536 0
535 536 0
2267 -537 0
-2267 537 0
-537 -538 0
537 538 0
2270 -539 0
-2270 539 0
-539 -540 0
539 540 0
2273 -541 0
-2273 541 0
2276 -542 0
-2276 542 0
2279 -543 0
-2279 543 0
2282 -544 0
-2282 544 0
2285 -545 0
-2285 545 0
2288 -546 0
-2288 546 0
2291 -547 0
-2291 547 0
2297 -548 0
-2297 548 0
2300 -549 0
-2300 549 0
2303 -550 0
-2303 550 0
2306 -551 0
-2306 551 0
2309 -552 0
-2309 552 0
2312 -553 0
-2312 553 0
2315 -554 0
-2315 554 0
2318 -555 0
-2318 555 0
2321 -556 0
-2321 556 0
2324 -557 0
-2324 557 0
2327 -558 0
-2327 558 0
2330 -559 0
-2330 559 0
2333 -560 0
-2333 560 0
2336 -561 0
-2336 561 0
2339 -562 0
-2339 562 0
2342 -563 0
-2342 563 0
2345 -564 0
-2345 564 0
2348 -565 0
-2348 565 0
2351 -566 0
-2351 566 0
2354 -567 0
-2354 567 0
2357 -568 0
-2357 568 0
2360 -569 0
-2360 569 0
2363 -570 0
-2363 570 0
2366 -571 0
-2366 571 0
2369 -572 0
-2369 572 0
2372 -573 0
-2372 573 0
2375 -574 0
-2375 574 0
2378 -575 0
-2378 575 0
2381 -576 0
-2381 576 0
-1 -37 0
1 37 0
-38 37 0
-38 2 0
-37 -2 38 0
-38 -39 0
38 39 0
-4 -40 0
4 40 0
-41 40 0
-41 6 0
-40 -6 41 0
-41 -42 0
41 42 0
-8 -43 0
8 43 0
-44 43 0
-44 10 0
-43 -10 44 0
-44 -45 0
44 45 0
-12 -46 0
12 46 0
-47 46 0
-47 14 0
-46 -14 47 0
-47 -48 0
47 48 0
-16 -49 0
16 49 0
-50 49 0
-50 18 0
-49 -18 50 0
-50 -51 0
50 51 0
-20 -52 0
20 52 0
-53 52 0
-53 22 0
-52 -22 53 0
-53 -54 0
53 54 0
-24 -55 0
24 55 0
-56 55 0
-56 26 0
-55 -26 56 0
-56 -57 0
56 57 0
-28 -58 0
28 58 0
-59 58 0
-59 30 0
-58 -30 59 0
-59 -60 0
59 60 0
-32 -61 0
32 61 0
-62 61 0
-62 34 0
-61 -34 62 0
-62 -63 0
62 63 0
-64 39 0
-64 42 0
-64 45 0
-64 48 0
-64 51 0
-64 54 0
-64 57 0
-64 60 0
-64 63 0
-39 -42 -45 -48 -51 -54 -57 -60 -63 64 0
-64 -65 0
64 65 0
-64 -66 0
64 66 0
-67 -66 0
-67 39 0
66 -39 67 0
-68 66 0
-68 -39 0
-66 39 68 0
-67 69 0
-68 69 0
-69 67 68 0
-2 -70 0
2 70 0
-71 -3 0
-71 -70 0
3 70 71 0
-72 69 0
-72 71 0
-69 -71 72 0
-72 -73 0
72 73 0
-74 -66 0
-74 42 0
66 -42 74 0
-75 66 0
-75 -42 0
-66 42 75 0
-74 76 0
-75 76 0
-76 74 75 0
-6 -77 0
6 77 0
-78 -7 0
-78 -77 0
7 77 78 0
-79 76 0
-79 78 0
-76 -78 79 0
-79 -80 0
79 80 0
-81 -66 0
-81 45 0
66 -45 81 0
-82 66 0
-82 -45 0
-66 45 82 0
-81 83 0
-82 83 0
-83 81 82 0
-10 -84 0
10 84 0
-85 -11 0
-85 -84 0
11 84 85 0
-86 83 0
-86 85 0
-83 -85 86 0
-86 -87 0
86 87 0
-88 -66 0
-88 48 0
66 -48 88 0
-89 66 0
-89 -48 0
-66 48 89 0
-88 90 0
-89 90 0
-90 88 89 0
-14 -91 0
14 91 0
-92 -15 0
-92 -91 0
15 91 92 0
-93 90 0
-93 92 0
-90 -92 93 0
-93 -94 0
93 94 0
-95 -66 0
-95 51 0
66 -51 95 0
-96 66 0
-96 -51 0
-66 51 96 0
-95 97 0
-96 97 0
-97 95 96 0
-18 -98 0
18 98 0
-99 -19 0
-99 -98 0
19 98 99 0
-100 97 0
-100 99 0
-97 -99 100 0
-100 -101 0
100 101 0
-102 -66 0
-102 54 0
66 -54 102 0
-103 66 0
-103 -54 0
-66 54 103 0
-102 104 0
-103 104 0
-104 102 103 0
-22 -105 0
22 105 0
-106 -23 0
-106 -105 0
23 105 106 0
-107 104 0
-107 106 0
-104 -106 107 0
-107 -108 0
107 108 0
-109 -66 0
-109 57 0
66 -57 109 0
-110 66 0
-110 -57 0
-66 57 110 0
-109 111 0
-110 111 0
-111 109 110 0
-26 -112 0
26 112 0
-113 -27 0
-113 -112 0
27 112 113 0
-114 111 0
-114 113 0
-111 -113 114 0
-114 -115 0
114 115 0
-116 -66 0
-116 60 0
66 -60 116 0
-117 66 0
-117 -60 0
-66 60 117 0
-116 118 0
-117 118 0
-118 116 117 0
-30 -119 0
30 119 0
-120 -31 0
-120 -119 0
31 119 120 0
-121 118 0
-121 120 0
-118 -120 121 0
-121 -122 0
121 122 0
-123 -66 0
-123 63 0
66 -63 123 0
-124 66 0
-124 -63 0
-66 63 124 0
-123 125 0
-124 125 0
-125 123 124 0
-34 -126 0
34 126 0
-127 -35 0
-127 -126 0
35 126 127 0
-128 125 0
-128 127 0
-125 -127 128 0
-128 -129 0
128 129 0
-130 73 0
-130 80 0
-130 87 0
-130 94 0
-130 101 0
-130 108 0
-130 115 0
-130 122 0
-130 129 0
-73 -80 -87 -94 -101 -108 -115 -122 -129 130 0
-130 -131 0
130 131 0
-130 -132 0
130 132 0
-133 -132 0
-133 73 0
132 -73 133 0
-134 132 0
-134 -73 0
-132 73 134 0
-133 135 0
-134 135 0
-135 133 134 0
-136 -5 0
-136 -70 0
5 70 136 0
-137 69 0
-137 136 0
-69 -136 137 0
-137 -138 0
137 138 0
-138 -139 0
138 139 0
-140 135 0
-140 139 0
-135 -139 140 0
-140 -141 0
140 141 0
-142 -132 0
-142 80 0
132 -80 142 0
-143 132 0
-143 -80 0
-132 80 143 0
-142 144 0
-143 144 0
-144 142 143 0
-145 -9 0
-145 -77 0
9 77 145 0
-146 76 0
-146 145 0
-76 -145 146 0
-146 -147 0
146 147 0
-147 -148 0
147 148 0
-149 144 0
-149 148 0
-144 -148 149 0
-149 -150 0
149 150 0
-151 -132 0
-151 87 0
132 -87 151 0
-152 132 0
-152 -87 0
-132 87 152 0
-151 153 0
-152 153 0
-153 151 152 0
-154 -13 0
-154 -84 0
13 84 154 0
-155 83 0
-155 154 0
-83 -154 155 0
-155 -156 0
155 156 0
-156 -157 0
156 157 0
-158 153 0
-158 157 0
-153 -157 158 0
-158 -159 0
158 159 0
-160 -132 0
-160 94 0
132 -94 160 0
-161 132 0
-161 -94 0
-132 94 161 0
-160 162 0
-161 162 0
-162 160 161 0
-163 -17 0
-163 -91 0
17 91 163 0
-164 90 0
-164 163 0
-90 -163 164 0
-164 -165 0
164 165 0
-165 -166 0
165 166 0
-167 162 0
-167 166 0
-162 -166 167 0
-167 -168 0
167 168 0
-169 -132 0
-169 101 0
132 -101 169 0
-170 132 0
-170 -101 0
-132 101 170 0
-169 171 0
-170 171 0
-171 169 170 0
-172 -21 0
-172 -98 0
21 98 172 0
-173 97 0
-173 172 0
-97 -172 173 0
-173 -174 0
173 174 0
-174 -175 0
174 175 0
-176 171 0
-176 175 0
-171 -175 176 0
-176 -177 0
176 177 0
-178 -132 0
-178 108 0
132 -108 178 0
-179 132 0
-179 -108 0
-132 108 179 0
-178 180 0
-179 180 0
-180 178 179 0
-181 -25 0
-181 -105 0
25 105 181 0
-182 104 0
-182 181 0
-104 -181 182 0
-182 -183 0
182 183 0
-183 -184 0
183 184 0
-185 180 0
-185 184 0
-180 -184 185 0
-185 -186 0
185 186 0
-187 -132 0
-187 115 0
132 -115 187 0
-188 132 0
-188 -115 0
-132 115 188 0
-187 189 0
-188 189 0
-189 187 188 0
-190 -29 0
-190 -112 0
29 112 190 0
-191 111 0
-191 190 0
-111 -190 191 0
-191 -192 0
191 192 0
-192 -193 0
192 193 0
-194 189 0
-194 193 0
-189 -193 194 0
-194 -195 0
194 195 0
-196 -132 0
-196 122 0
132 -122 196 0
-197 132 0
-197 -122 0
-132 122 197 0
-196 198 0
-197 198 0
-198 196 197 0
-199 -33 0
-199 -119 0
33 119 199 0
-200 118 0
-200 199 0
-118 -199 200 0
-200 -201 0
200 201 0
-201 -202 0
201 202 0
-203 198 0
-203 202 0
-198 -202 203 0
-203 -204 0
203 204 0
-205 -132 0
-205 129 0
132 -129 205 0
-206 132 0
-206 -129 0
-132 129 206 0
-205 207 0
-206 207 0
-207 205 206 0
-208 -36 0
-208 -126 0
36 126 208 0
-209 125 0
-209 208 0
-125 -208 209 0
-209 -210 0
209 210 0
-210 -211 0
210 211 0
-212 207 0
-212 211 0
-207 -211 212 0
-212 -213 0
212 213 0
-214 141 0
-214 150 0
-214 159 0
-214 168 0
-214 177 0
-214 186 0
-214 195 0
-214 204 0
-214 213 0
-141 -150 -159 -168 -177 -186 -195 -204 -213 214 0
-214 -215 0
214 215 0
-64 -216 0
64 216 0
-217 1 0
-217 216 0
-1 -216 217 0
-217 -218 0
217 218 0
-130 -219 0
130 219 0
-220 3 0
-220 219 0
-3 -219 220 0
-220 -221 0
220 221 0
-214 -222 0
214 222 0
-223 5 0
-223 222 0
-5 -222 223 0
-223 -224 0
223 224 0
-225 2 0
-225 218 0
-225 221 0
-225 224 0
-2 -218 -221 -224 225 0
-225 -226 0
225 226 0
-226 -227 0
226 227 0
-228 216 0
-228 4 0
-216 -4 228 0
-228 -229 0
228 229 0
-230 219 0
-230 7 0
-219 -7 230 0
-230 -231 0
230 231 0
-232 222 0
-232 9 0
-222 -9 232 0
-232 -233 0
232 233 0
-234 229 0
-234 231 0
-234 233 0
-234 6 0
-229 -231 -233 -6 234 0
-234 -235 0
234 235 0
-236 216 0
-236 8 0
-216 -8 236 0
-236 -237 0
236 237 0
-238 219 0
-238 11 0
-219 -11 238 0
-238 -239 0
238 239 0
-240 222 0
-240 13 0
-222 -13 240 0
-240 -241 0
240 241 0
-242 237 0
-242 239 0
-242 241 0
-242 10 0
-237 -239 -241 -10 242 0
-242 -243 0
242 243 0
-244 216 0
-244 12 0
-216 -12 244 0
-244 -245 0
244 245 0
-246 219 0
-246 15 0
-219 -15 246 0
-246 -247 0
246 247 0
-248 222 0
-248 17 0
-222 -17 248 0
-248 -249 0
248 249 0
-250 245 0
-250 247 0
-250 249 0
-250 14 0
-245 -247 -249 -14 250 0
-250 -251 0
250 251 0
-252 216 0
-252 16 0
-216 -16 252 0
-252 -253 0
252 253 0
-254 219 0
-254 19 0
-219 -19 254 0
-254 -255 0
254 255 0
-256 222 0
-256 21 0
-222 -21 256 0
-256 -257 0
256 257 0
-258 253 0
-258 255 0
-258 257 0
-258 18 0
-253 -255 -257 -18 258 0
-258 -259 0
258 259 0
-260 216 0
-260 20 0
-216 -20 260 0
-260 -261 0
260 261 0
-262 219 0
-262 23 0
-219 -23 262 0
-262 -263 0
262 263 0
-264 222 0
-264 25 0
-222 -25 264 0
-264 -265 0
264 265 0
-266 261 0
-266 263 0
-266 265 0
-266 22 0
-261 -263 -265 -22 266 0
-266 -267 0
266 267 0
-268 216 0
-268 24 0
-216 -24 268 0
-268 -269 0
268 269 0
-270 219 0
-270 27 0
-219 -27 270 0
-270 -271 0
270 271 0
-272 222 0
-272 29 0
-222 -29 272 0
-272 -273 0
272 273 0
-274 269 0
-274 271 0
-274 273 0
-274 26 0
-269 -271 -273 -26 274 0
-274 -275 0
274 275 0
-276 216 0
-276 28 0
-216 -28 276 0
-276 -277 0
276 277 0
-278 219 0
-278 31 0
-219 -31 278 0
-278 -279 0
278 279 0
-280 222 0
-280 33 0
-222 -33 280 0
-280 -281 0
280 281 0
-282 277 0
-282 279 0
-282 281 0
-282 30 0
-277 -279 -281 -30 282 0
-282 -283 0
282 283 0
-284 216 0
-284 32 0
-216 -32 284 0
-284 -285 0
284 285 0
-286 219 0
-286 35 0
-219 -35 286 0
-286 -287 0
286 287 0
-288 222 0
-288 36 0
-222 -36 288 0
-288 -289 0
288 289 0
-290 285 0
-290 287 0
-290 289 0
-290 34 0
-285 -287 -289 -34 290 0
-290 -291 0
290 291 0
-292 235 0
-292 243 0
-292 251 0
-292 259 0
-292 267 0
-292 275 0
-292 283 0
-292 291 0
-235 -243 -251 -259 -267 -275 -283 -291 292 0
-293 -227 0
-293 -292 0
227 292 293 0
-251 -294 0
251 294 0
-295 243 0
-295 294 0
-243 -294 295 0
-295 -296 0
295 296 0
-297 235 0
-297 243 0
-297 296 0
-297 259 0
-235 -243 -296 -259 297 0
-297 -298 0
297 298 0
-267 -299 0
267 299 0
-300 243 0
-300 251 0
-300 299 0
-300 259 0
-243 -251 -299 -259 300 0
-300 -301 0
300 301 0
-275 -302 0
275 302 0
-303 259 0
-303 251 0
-303 302 0
-259 -251 -302 303 0
-303 -304 0
303 304 0
-305 235 0
-305 243 0
-305 301 0
-305 304 0
-235 -243 -301 -304 305 0
-305 -306 0
305 306 0
-283 -307 0
283 307 0
-308 243 0
-308 251 0
-308 275 0
-308 307 0
-243 -251 -275 -307 308 0
-308 -309 0
308 309 0
-310 235 0
-310 296 0
-310 301 0
-310 309 0
-235 -296 -301 -309 310 0
-310 -311 0
310 311 0
-315 -368 0
315 368 0
-314 -369 0
314 369 0
-370 -313 0
-370 316 0
313 -316 370 0
-371 313 0
-371 -316 0
-313 316 371 0
-370 372 0
-371 372 0
-372 370 371 0
-373 -9 0
-373 -318 0
9 318 373 0
-374 317 0
-374 373 0
-317 -373 374 0
-374 -375 0
374 375 0
-375 -376 0
375 376 0
-377 372 0
-377 376 0
-372 -376 377 0
-377 -378 0
377 378 0
-379 -313 0
-379 319 0
313 -319 379 0
-380 313 0
-380 -319 0
-313 319 380 0
-379 381 0
-380 381 0
-381 379 380 0
-382 -13 0
-382 -321 0
13 321 382 0
-383 320 0
-383 382 0
-320 -382 383 0
-383 -384 0
383 384 0
-384 -385 0
384 385 0
-386 381 0
-386 385 0
-381 -385 386 0
-386 -387 0
386 387 0
-388 -313 0
-388 322 0
313 -322 388 0
-389 313 0
-389 -322 0
-313 322 389 0
-388 390 0
-389 390 0
-390 388 389 0
-391 -17 0
-391 -324 0
17 324 391 0
-392 323 0
-392 391 0
-323 -391 392 0
-392 -393 0
392 393 0
-393 -394 0
393 394 0
-395 390 0
-395 394 0
-390 -394 395 0
-395 -396 0
395 396 0
-397 -313 0
-397 325 0
313 -325 397 0
-398 313 0
-398 -325 0
-313 325 398 0
-397 399 0
-398 399 0
-399 397 398 0
-400 -21 0
-400 -327 0
21 327 400 0
-401 326 0
-401 400 0
-326 -400 401 0
-401 -402 0
401 402 0
-402 -403 0
402 403 0
-404 399 0
-404 403 0
-399 -403 404 0
-404 -405 0
404 405 0
-406 -313 0
-406 328 0
313 -328 406 0
-407 313 0
-407 -328 0
-313 328 407 0
-406 408 0
-407 408 0
-408 406 407 0
-409 -25 0
-409 -330 0
25 330 409 0
-410 329 0
-410 409 0
-329 -409 410 0
-410 -411 0
410 411 0
-411 -412 0
411 412 0
-413 408 0
-413 412 0
-408 -412 413 0
-413 -414 0
413 414 0
-415 -313 0
-415 331 0
313 -331 415 0
-416 313 0
-416 -331 0
-313 331 416 0
-415 417 0
-416 417 0
-417 415 416 0
-418 -29 0
-418 -333 0
29 333 418 0
-419 332 0
-419 418 0
-332 -418 419 0
-419 -420 0
419 420 0
-420 -421 0
420 421 0
-422 417 0
-422 421 0
-417 -421 422 0
-422 -423 0
422 423 0
-424 -313 0
-424 334 0
313 -334 424 0
-425 313 0
-425 -334 0
-313 334 425 0
-424 426 0
-425 426 0
-426 424 425 0
-427 -33 0
-427 -336 0
33 336 427 0
-428 335 0
-428 427 0
-335 -427 428 0
-428 -429 0
428 429 0
-429 -430 0
429 430 0
-431 426 0
-431 430 0
-426 -430 431 0
-431 -432 0
431 432 0
-433 -313 0
-433 337 0
313 -337 433 0
-434 313 0
-434 -337 0
-313 337 434 0
-433 435 0
-434 435 0
-435 433 434 0
-436 -36 0
-436 -339 0
36 339 436 0
-437 338 0
-437 436 0
-338 -436 437 0
-437 -438 0
437 438 0
-438 -439 0
438 439 0
-440 435 0
-440 439 0
-435 -439 440 0
-440 -441 0
440 441 0
-442 312 0
-442 378 0
-442 387 0
-442 396 0
-442 405 0
-442 414 0
-442 423 0
-442 432 0
-442 441 0
-312 -378 -387 -396 -405 -414 -423 -432 -441 442 0
-442 -443 0
442 443 0
-315 -444 0
315 444 0
-445 1 0
-445 444 0
-1 -444 445 0
-445 -446 0
445 446 0
-314 -447 0
314 447 0
-448 3 0
-448 447 0
-3 -447 448 0
-448 -449 0
448 449 0
-442 -450 0
442 450 0
-451 5 0
-451 450 0
-5 -450 451 0
-451 -452 0
451 452 0
-453 2 0
-453 446 0
-453 449 0
-453 452 0
-2 -446 -449 -452 453 0
-453 -454 0
453 454 0
-454 -455 0
454 455 0
-456 444 0
-456 4 0
-444 -4 456 0
-456 -457 0
456 457 0
-458 447 0
-458 7 0
-447 -7 458 0
-458 -459 0
458 459 0
-460 450 0
-460 9 0
-450 -9 460 0
-460 -461 0
460 461 0
-462 457 0
-462 459 0
-462 461 0
-462 6 0
-457 -459 -461 -6 462 0
-462 -463 0
462 463 0
-464 444 0
-464 8 0
-444 -8 464 0
-464 -465 0
464 465 0
-466 447 0
-466 11 0
-447 -11 466 0
-466 -467 0
466 467 0
-468 450 0
-468 13 0
-450 -13 468 0
-468 -469 0
468 469 0
-470 465 0
-470 467 0
-470 469 0
-470 10 0
-465 -467 -469 -10 470 0
-470 -471 0
470 471 0
-472 444 0
-472 12 0
-444 -12 472 0
-472 -473 0
472 473 0
-474 447 0
-474 15 0
-447 -15 474 0
-474 -475 0
474 475 0
-476 450 0
-476 17 0
-450 -17 476 0
-476 -477 0
476 477 0
-478 473 0
-478 475 0
-478 477 0
-478 14 0
-473 -475 -477 -14 478 0
-478 -479 0
478 479 0
-480 444 0
-480 16 0
-444 -16 480 0
-480 -481 0
480 481 0
-482 447 0
-482 19 0
-447 -19 482 0
-482 -483 0
482 483 0
-484 450 0
-484 21 0
-450 -21 484 0
-484 -485 0
484 485 0
-486 481 0
-486 483 0
-486 485 0
-486 18 0
-481 -483 -485 -18 486 0
-486 -487 0
486 487 0
-488 444 0
-488 20 0
-444 -20 488 0
-488 -489 0
488 489 0
-490 447 0
-490 23 0
-447 -23 490 0
-490 -491 0
490 491 0
-492 450 0
-492 25 0
-450 -25 492 0
-492 -493 0
492 493 0
-494 489 0
-494 491 0
-494 493 0
-494 22 0
-489 -491 -493 -22 494 0
-494 -495 0
494 495 0
-496 444 0
-496 24 0
-444 -24 496 0
-496 -497 0
496 497 0
-498 447 0
-498 27 0
-447 -27 498 0
-498 -499 0
498 499 0
-500 450 0
-500 29 0
-450 -29 500 0
-500 -501 0
500 501 0
-502 497 0
-502 499 0
-502 501 0
-502 26 0
-497 -499 -501 -26 502 0
-502 -503 0
502 503 0
-504 444 0
-504 28 0
-444 -28 504 0
-504 -505 0
504 505 0
-506 447 0
-506 31 0
-447 -31 506 0
-506 -507 0
506 507 0
-508 450 0
-508 33 0
-450 -33 508 0
-508 -509 0
508 509 0
-510 505 0
-510 507 0
-510 509 0
-510 30 0
-505 -507 -509 -30 510 0
-510 -511 0
510 511 0
-512 444 0
-512 32 0
-444 -32 512 0
-512 -513 0
512 513 0
-514 447 0
-514 35 0
-447 -35 514 0
-514 -515 0
514 515 0
-516 450 0
-516 36 0
-450 -36 516 0
-516 -517 0
516 517 0
-518 513 0
-518 515 0
-518 517 0
-518 34 0
-513 -515 -517 -34 518 0
-518 -519 0
518 519 0
-520 463 0
-520 471 0
-520 479 0
-520 487 0
-520 495 0
-520 503 0
-520 511 0
-520 519 0
-463 -471 -479 -487 -495 -503 -511 -519 520 0
-521 -455 0
-521 -520 0
455 520 521 0
-479 -522 0
479 522 0
-523 471 0
-523 522 0
-471 -522 523 0
-523 -524 0
523 524 0
-525 463 0
-525 471 0
-525 524 0
-525 487 0
-463 -471 -524 -487 525 0
-525 -526 0
525 526 0
-495 -527 0
495 527 0
-528 471 0
-528 479 0
-528 527 0
-528 487 0
-471 -479 -527 -487 528 0
-528 -529 0
528 529 0
-503 -530 0
503 530 0
-531 487 0
-531 479 0
-531 530 0
-487 -479 -530 531 0
-531 -532 0
531 532 0
-533 463 0
-533 471 0
-533 529 0
-533 532 0
-463 -471 -529 -532 533 0
-533 -534 0
533 534 0
-511 -535 0
511 535 0
-535 -536 0
535 536 0
-537 471 0
-537 479 0
-537 503 0
-537 536 0
-471 -479 -503 -536 537 0
-537 -538 0
537 538 0
-539 463 0
-539 524 0
-539 529 0
-539 538 0
-463 -524 -529 -538 539 0
-539 -540 0
539 540 0
-541 -65 368 0
-541 65 -368 0
541 -65 -368 0
541 65 368 0
-542 -131 369 0
-542 131 -369 0
542 -131 -369 0
542 131 369 0
-543 -215 443 0
-543 215 -443 0
543 -215 -443 0
543 215 443 0
-544 -293 521 0
-544 293 -521 0
544 -293 -521 0
544 293 521 0
-545 -298 526 0
-545 298 -526 0
545 -298 -526 0
545 298 526 0
-546 -306 534 0
-546 306 -534 0
546 -306 -534 0
546 306 534 0
-547 -311 540 0
-547 311 -540 0
547 -311 -540 0
547 311 540 0
-541 -542 -543 -544 -545 -546 -547 548 0
-548 541 0
-548 542 0
-548 543 0
-548 544 0
-548 545 0
-548 546 0
-548 547 0
-6 -340 -549 0
-6 340 549 0
6 -340 549 0
6 340 -549 0
-10 -341 -550 0
-10 341 550 0
10 -341 550 0
10 341 -550 0
-14 -342 -551 0
-14 342 551 0
14 -342 551 0
14 342 -551 0
-18 -343 -552 0
-18 343 552 0
18 -343 552 0
18 343 -552 0
-22 -344 -553 0
-22 344 553 0
22 -344 553 0
22 344 -553 0
-26 -345 -554 0
-26 345 554 0
26 -345 554 0
26 345 -554 0
-30 -346 -555 0
-30 346 555 0
30 -346 555 0
30 346 -555 0
-34 -347 -556 0
-34 347 556 0
34 -347 556 0
34 347 -556 0
-1 -348 -557 0
-1 348 557 0
1 -348 557 0
1 348 -557 0
-2 -349 -558 0
-2 349 558 0
2 -349 558 0
2 349 -558 0
-4 -350 -559 0
-4 350 559 0
4 -350 559 0
4 350 -559 0
-8 -351 -560 0
-8 351 560 0
8 -351 560 0
8 351 -560 0
-12 -352 -561 0
-12 352 561 0
12 -352 561 0
12 352 -561 0
-16 -353 -562 0
-16 353 562 0
16 -353 562 0
16 353 -562 0
-20 -354 -563 0
-20 354 563 0
20 -354 563 0
20 354 -563 0
-24 -355 -564 0
-24 355 564 0
24 -355 564 0
24 355 -564 0
-28 -356 -565 0
-28 356 565 0
28 -356 565 0
28 356 -565 0
-32 -357 -566 0
-32 357 566 0
32 -357 566 0
32 357 -566 0
-31 -358 -567 0
-31 358 567 0
31 -358 567 0
31 358 -567 0
-27 -359 -568 0
-27 359 568 0
27 -359 568 0
27 359 -568 0
-23 -360 -569 0
-23 360 569 0
23 -360 569 0
23 360 -569 0
-19 -361 -570 0
-19 361 570 0
19 -361 570 0
19 361 -570 0
-15 -362 -571 0
-15 362 571 0
15 -362 571 0
15 362 -571 0
-11 -363 -572 0
-11 363 572 0
11 -363 572 0
11 363 -572 0
-7 -364 -573 0
-7 364 573 0
7 -364 573 0
7 364 -573 0
-35 -365 -574 0
-35 365 574 0
35 -365 574 0
35 365 -574 0
-3 -366 -575 0
-3 366 575 0
3 -366 575 0
3 366 -575 0
-5 -367 -576 0
-5 367 576 0
5 -367 576 0
5 367 -576 0
549 550 551 552 553 554 555 556 557 558 559 560 561 562 563 564 565 566 567 568 569 570 571 572 573 574 575 576 548 0
2 -1971 0
37 -1971 0
-2 -37 1971 0
6 -1972 0
40 -1972 0
-6 -40 1972 0
10 -1973 0
43 -1973 0
-10 -43 1973 0
14 -1974 0
46 -1974 0
-14 -46 1974 0
18 -1975 0
49 -1975 0
-18 -49 1975 0
22 -1976 0
52 -1976 0
-22 -52 1976 0
26 -1977 0
55 -1977 0
-26 -55 1977 0
30 -1978 0
58 -1978 0
-30 -58 1978 0
34 -1979 0
61 -1979 0
-34 -61 1979 0
57 -1980 0
60 -1980 0
-57 -60 1980 0
63 -1981 0
1980 -1981 0
-63 -1980 1981 0
39 -1982 0
42 -1982 0
-39 -42 1982 0
45 -1983 0
48 -1983 0
-45 -48 1983 0
51 -1984 0
54 -1984 0
-51 -54 1984 0
1983 -1985 0
1984 -1985 0
-1983 -1984 1985 0
1982 -1986 0
1985 -1986 0
-1982 -1985 1986 0
1981 -1987 0
1986 -1987 0
-1981 -1986 1987 0
39 -1988 0
-66 -1988 0
-39 66 1988 0
-39 -1989 0
66 -1989 0
39 -66 1989 0
-67 -1990 0
-68 -1990 0
67 68 1990 0
-3 -1991 0
-70 -1991 0
3 70 1991 0
69 -1992 0
71 -1992 0
-69 -71 1992 0
42 -1993 0
-66 -1993 0
-42 66 1993 0
-42 -1994 0
66 -1994 0
42 -66 1994 0
-74 -1995 0
-75 -1995 0
74 75 1995 0
-7 -1996 0
-77 -1996 0
7 77 1996 0
76 -1997 0
78 -1997 0
-76 -78 1997 0
45 -1998 0
-66 -1998 0
-45 66 1998 0
-45 -1999 0
66 -1999 0
45 -66 1999 0
-81 -2000 0
-82 -2000 0
81 82 2000 0
-11 -2001 0
-84 -2001 0
11 84 2001 0
83 -2002 0
85 -2002 0
-83 -85 2002 0
48 -2003 0
-66 -2003 0
-48 66 2003 0
-48 -2004 0
66 -2004 0
48 -66 2004 0
-88 -2005 0
-89 -2005 0
88 89 2005 0
-15 -2006 0
-91 -2006 0
15 91 2006 0
90 -2007 0
92 -2007 0
-90 -92 2007 0
51 -2008 0
-66 -2008 0
-51 66 2008 0
-51 -2009 0
66 -2009 0
51 -66 2009 0
-95 -2010 0
-96 -2010 0
95 96 2010 0
-19 -2011 0
-98 -2011 0
19 98 2011 0
97 -2012 0
99 -2012 0
-97 -99 2012 0
54 -2013 0
-66 -2013 0
-54 66 2013 0
-54 -2014 0
66 -2014 0
54 -66 2014 0
-102 -2015 0
-103 -2015 0
102 103 2015 0
-23 -2016 0
-105 -2016 0
23 105 2016 0
104 -2017 0
106 -2017 0
-104 -106 2017 0
57 -2018 0
-66 -2018 0
-57 66 2018 0
-57 -2019 0
66 -2019 0
57 -66 2019 0
-109 -2020 0
-110 -2020 0
109 110 2020 0
-27 -2021 0
-112 -2021 0
27 112 2021 0
111 -2022 0
113 -2022 0
-111 -113 2022 0
60 -2023 0
-66 -2023 0
-60 66 2023 0
-60 -2024 0
66 -2024 0
60 -66 2024 0
-116 -2025 0
-117 -2025 0
116 117 2025 0
-31 -2026 0
-119 -2026 0
31 119 2026 0
118 -2027 0
120 -2027 0
-118 -120 2027 0
63 -2028 0
-66 -2028 0
-63 66 2028 0
-63 -2029 0
66 -2029 0
63 -66 2029 0
-123 -2030 0
-124 -2030 0
123 124 2030 0
-35 -2031 0
-126 -2031 0
35 126 2031 0
125 -2032 0
127 -2032 0
-125 -127 2032 0
115 -2033 0
122 -2033 0
-115 -122 2033 0
129 -2034 0
2033 -2034 0
-129 -2033 2034 0
73 -2035 0
80 -2035 0
-73 -80 2035 0
87 -2036 0
94 -2036 0
-87 -94 2036 0
101 -2037 0
108 -2037 0
-101 -108 2037 0
2036 -2038 0
2037 -2038 0
-2036 -2037 2038 0
2035 -2039 0
2038 -2039 0
-2035 -2038 2039 0
2034 -2040 0
2039 -2040 0
-2034 -2039 2040 0
73 -2041 0
-132 -2041 0
-73 132 2041 0
-73 -2042 0
132 -2042 0
73 -132 2042 0
-133 -2043 0
-134 -2043 0
133 134 2043 0
-5 -2044 0
-70 -2044 0
5 70 2044 0
69 -2045 0
136 -2045 0
-69 -136 2045 0
135 -2046 0
139 -2046 0
-135 -139 2046 0
80 -2047 0
-132 -2047 0
-80 132 2047 0
-80 -2048 0
132 -2048 0
80 -132 2048 0
-142 -2049 0
-143 -2049 0
142 143 2049 0
-9 -2050 0
-77 -2050 0
9 77 2050 0
76 -2051 0
145 -2051 0
-76 -145 2051 0
144 -2052 0
148 -2052 0
-144 -148 2052 0
87 -2053 0
-132 -2053 0
-87 132 2053 0
-87 -2054 0
132 -2054 0
87 -132 2054 0
-151 -2055 0
-152 -2055 0
151 152 2055 0
-13 -2056 0
-84 -2056 0
13 84 2056 0
83 -2057 0
154 -2057 0
-83 -154 2057 0
153 -2058 0
157 -2058 0
-153 -157 2058 0
94 -2059 0
-132 -2059 0
-94 132 2059 0
-94 -2060 0
132 -2060 0
94 -132 2060 0
-160 -2061 0
-161 -2061 0
160 161 2061 0
-17 -2062 0
-91 -2062 0
17 91 2062 0
90 -2063 0
163 -2063 0
-90 -163 2063 0
162 -2064 0
166 -2064 0
-162 -166 2064 0
101 -2065 0
-132 -2065 0
-101 132 2065 0
-101 -2066 0
132 -2066 0
101 -132 2066 0
-169 -2067 0
-170 -2067 0
169 170 2067 0
-21 -2068 0
-98 -2068 0
21 98 2068 0
97 -2069 0
172 -2069 0
-97 -172 2069 0
171 -2070 0
175 -2070 0
-171 -175 2070 0
108 -2071 0
-132 -2071 0
-108 132 2071 0
-108 -2072 0
132 -2072 0
108 -132 2072 0
-178 -2073 0
-179 -2073 0
178 179 2073 0
-25 -2074 0
-105 -2074 0
25 105 2074 0
104 -2075 0
181 -2075 0
-104 -181 2075 0
180 -2076 0
184 -2076 0
-180 -184 2076 0
115 -2077 0
-132 -2077 0
-115 132 2077 0
-115 -2078 0
132 -2078 0
115 -132 2078 0
-187 -2079 0
-188 -2079 0
187 188 2079 0
-29 -2080 0
-112 -2080 0
29 112 2080 0
111 -2081 0
190 -2081 0
-111 -190 2081 0
189 -2082 0
193 -2082 0
-189 -193 2082 0
122 -2083 0
-132 -2083 0
-122 132 2083 0
-122 -2084 0
132 -2084 0
122 -132 2084 0
-196 -2085 0
-197 -2085 0
196 197 2085 0
-33 -2086 0
-119 -2086 0
33 119 2086 0
118 -2087 0
199 -2087 0
-118 -199 2087 0
198 -2088 0
202 -2088 0
-198 -202 2088 0
129 -2089 0
-132 -2089 0
-129 132 2089 0
-129 -2090 0
132 -2090 0
129 -132 2090 0
-205 -2091 0
-206 -2091 0
205 206 2091 0
-36 -2092 0
-126 -2092 0
36 126 2092 0
125 -2093 0
208 -2093 0
-125 -208 2093 0
207 -2094 0
211 -2094 0
-207 -211 2094 0
195 -2095 0
204 -2095 0
-195 -204 2095 0
213 -2096 0
2095 -2096 0
-213 -2095 2096 0
141 -2097 0
150 -2097 0
-141 -150 2097 0
159 -2098 0
168 -2098 0
-159 -168 2098 0
177 -2099 0
186 -2099 0
-177 -186 2099 0
2098 -2100 0
2099 -2100 0
-2098 -2099 2100 0
2097 -2101 0
2100 -2101 0
-2097 -2100 2101 0
2096 -2102 0
2101 -2102 0
-2096 -2101 2102 0
1 -2103 0
216 -2103 0
-1 -216 2103 0
3 -2104 0
219 -2104 0
-3 -219 2104 0
5 -2105 0
222 -2105 0
-5 -222 2105 0
2 -2106 0
218 -2106 0
-2 -218 2106 0
221 -2107 0
224 -2107 0
-221 -224 2107 0
2106 -2108 0
2107 -2108 0
-2106 -2107 2108 0
4 -2109 0
216 -2109 0
-4 -216 2109 0
7 -2110 0
219 -2110 0
-7 -219 2110 0
9 -2111 0
222 -2111 0
-9 -222 2111 0
6 -2112 0
229 -2112 0
-6 -229 2112 0
231 -2113 0
233 -2113 0
-231 -233 2113 0
2112 -2114 0
2113 -2114 0
-2112 -2113 2114 0
8 -2115 0
216 -2115 0
-8 -216 2115 0
11 -2116 0
219 -2116 0
-11 -219 2116 0
13 -2117 0
222 -2117 0
-13 -222 2117 0
10 -2118 0
237 -2118 0
-10 -237 2118 0
239 -2119 0
241 -2119 0
-239 -241 2119 0
2118 -2120 0
2119 -2120 0
-2118 -2119 2120 0
12 -2121 0
216 -2121 0
-12 -216 2121 0
15 -2122 0
219 -2122 0
-15 -219 2122 0
17 -2123 0
222 -2123 0
-17 -222 2123 0
14 -2124 0
245 -2124 0
-14 -245 2124 0
247 -2125 0
249 -2125 0
-247 -249 2125 0
2124 -2126 0
2125 -2126 0
-2124 -2125 2126 0
16 -2127 0
216 -2127 0
-16 -216 2127 0
19 -2128 0
219 -2128 0
-19 -219 2128 0
21 -2129 0
222 -2129 0
-21 -222 2129 0
18 -2130 0
253 -2130 0
-18 -253 2130 0
255 -2131 0
257 -2131 0
-255 -257 2131 0
2130 -2132 0
2131 -2132 0
-2130 -2131 2132 0
20 -2133 0
216 -2133 0
-20 -216 2133 0
23 -2134 0
219 -2134 0
-23 -219 2134 0
25 -2135 0
222 -2135 0
-25 -222 2135 0
22 -2136 0
261 -2136 0
-22 -261 2136 0
263 -2137 0
265 -2137 0
-263 -265 2137 0
2136 -2138 0
2137 -2138 0
-2136 -2137 2138 0
24 -2139 0
216 -2139 0
-24 -216 2139 0
27 -2140 0
219 -2140 0
-27 -219 2140 0
29 -2141 0
222 -2141 0
-29 -222 2141 0
26 -2142 0
269 -2142 0
-26 -269 2142 0
271 -2143 0
273 -2143 0
-271 -273 2143 0
2142 -2144 0
2143 -2144 0
-2142 -2143 2144 0
28 -2145 0
216 -2145 0
-28 -216 2145 0
31 -2146 0
219 -2146 0
-31 -219 2146 0
33 -2147 0
222 -2147 0
-33 -222 2147 0
30 -2148 0
277 -2148 0
-30 -277 2148 0
279 -2149 0
281 -2149 0
-279 -281 2149 0
2148 -2150 0
2149 -2150 0
-2148 -2149 2150 0
32 -2151 0
216 -2151 0
-32 -216 2151 0
35 -2152 0
219 -2152 0
-35 -219 2152 0
36 -2153 0
222 -2153 0
-36 -222 2153 0
34 -2154 0
285 -2154 0
-34 -285 2154 0
287 -2155 0
289 -2155 0
-287 -289 2155 0
2154 -2156 0
2155 -2156 0
-2154 -2155 2156 0
243 -2157 0
251 -2157 0
-243 -251 2157 0
259 -2158 0
2157 -2158 0
-259 -2157 2158 0
235 -2159 0
267 -2159 0
-235 -267 2159 0
275 -2160 0
283 -2160 0
-275 -283 2160 0
291 -2161 0
2160 -2161 0
-291 -2160 2161 0
2159 -2162 0
2161 -2162 0
-2159 -2161 2162 0
2158 -2163 0
2162 -2163 0
-2158 -2162 2163 0
-227 -2164 0
-292 -2164 0
227 292 2164 0
243 -2165 0
294 -2165 0
-243 -294 2165 0
235 -2166 0
243 -2166 0
-235 -243 2166 0
259 -2167 0
296 -2167 0
-259 -296 2167 0
2166 -2168 0
2167 -2168 0
-2166 -2167 2168 0
299 -2169 0
2158 -2169 0
-299 -2158 2169 0
251 -2170 0
259 -2170 0
-251 -259 2170 0
302 -2171 0
2170 -2171 0
-302 -2170 2171 0
301 -2172 0
304 -2172 0
-301 -304 2172 0
2166 -2173 0
2172 -2173 0
-2166 -2172 2173 0
275 -2174 0
307 -2174 0
-275 -307 2174 0
2157 -2175 0
2174 -2175 0
-2157 -2174 2175 0
235 -2176 0
296 -2176 0
-235 -296 2176 0
301 -2177 0
309 -2177 0
-301 -309 2177 0
2176 -2178 0
2177 -2178 0
-2176 -2177 2178 0
-370 -2179 0
-371 -2179 0
370 371 2179 0
372 -2180 0
376 -2180 0
-372 -376 2180 0
-379 -2181 0
-380 -2181 0
379 380 2181 0
381 -2182 0
385 -2182 0
-381 -385 2182 0
-388 -2183 0
-389 -2183 0
388 389 2183 0
390 -2184 0
394 -2184 0
-390 -394 2184 0
-397 -2185 0
-398 -2185 0
397 398 2185 0
399 -2186 0
403 -2186 0
-399 -403 2186 0
-406 -2187 0
-407 -2187 0
406 407 2187 0
408 -2188 0
412 -2188 0
-408 -412 2188 0
-415 -2189 0
-416 -2189 0
415 416 2189 0
417 -2190 0
421 -2190 0
-417 -421 2190 0
-424 -2191 0
-425 -2191 0
424 425 2191 0
426 -2192 0
430 -2192 0
-426 -430 2192 0
-433 -2193 0
-434 -2193 0
433 434 2193 0
435 -2194 0
439 -2194 0
-435 -439 2194 0
1 -2195 0
444 -2195 0
-1 -444 2195 0
3 -2196 0
447 -2196 0
-3 -447 2196 0
5 -2197 0
450 -2197 0
-5 -450 2197 0
2 -2198 0
446 -2198 0
-2 -446 2198 0
449 -2199 0
452 -2199 0
-449 -452 2199 0
2198 -2200 0
2199 -2200 0
-2198 -2199 2200 0
4 -2201 0
444 -2201 0
-4 -444 2201 0
7 -2202 0
447 -2202 0
-7 -447 2202 0
9 -2203 0
450 -2203 0
-9 -450 2203 0
6 -2204 0
457 -2204 0
-6 -457 2204 0
459 -2205 0
461 -2205 0
-459 -461 2205 0
2204 -2206 0
2205 -2206 0
-2204 -2205 2206 0
8 -2207 0
444 -2207 0
-8 -444 2207 0
11 -2208 0
447 -2208 0
-11 -447 2208 0
13 -2209 0
450 -2209 0
-13 -450 2209 0
10 -2210 0
465 -2210 0
-10 -465 2210 0
467 -2211 0
469 -2211 0
-467 -469 2211 0
2210 -2212 0
2211 -2212 0
-2210 -2211 2212 0
12 -2213 0
444 -2213 0
-12 -444 2213 0
15 -2214 0
447 -2214 0
-15 -447 2214 0
17 -2215 0
450 -2215 0
-17 -450 2215 0
14 -2216 0
473 -2216 0
-14 -473 2216 0
475 -2217 0
477 -2217 0
-475 -477 2217 0
2216 -2218 0
2217 -2218 0
-2216 -2217 2218 0
16 -2219 0
444 -2219 0
-16 -444 2219 0
19 -2220 0
447 -2220 0
-19 -447 2220 0
21 -2221 0
450 -2221 0
-21 -450 2221 0
18 -2222 0
481 -2222 0
-18 -481 2222 0
483 -2223 0
485 -2223 0
-483 -485 2223 0
2222 -2224 0
2223 -2224 0
-2222 -2223 2224 0
20 -2225 0
444 -2225 0
-20 -444 2225 0
23 -2226 0
447 -2226 0
-23 -447 2226 0
25 -2227 0
450 -2227 0
-25 -450 2227 0
22 -2228 0
489 -2228 0
-22 -489 2228 0
491 -2229 0
493 -2229 0
-491 -493 2229 0
2228 -2230 0
2229 -2230 0
-2228 -2229 2230 0
24 -2231 0
444 -2231 0
-24 -444 2231 0
27 -2232 0
447 -2232 0
-27 -447 2232 0
29 -2233 0
450 -2233 0
-29 -450 2233 0
26 -2234 0
497 -2234 0
-26 -497 2234 0
499 -2235 0
501 -2235 0
-499 -501 2235 0
2234 -2236 0
2235 -2236 0
-2234 -2235 2236 0
28 -2237 0
444 -2237 0
-28 -444 2237 0
31 -2238 0
447 -2238 0
-31 -447 2238 0
33 -2239 0
450 -2239 0
-33 -450 2239 0
30 -2240 0
505 -2240 0
-30 -505 2240 0
507 -2241 0
509 -2241 0
-507 -509 2241 0
2240 -2242 0
2241 -2242 0
-2240 -2241 2242 0
32 -2243 0
444 -2243 0
-32 -444 2243 0
35 -2244 0
447 -2244 0
-35 -447 2244 0
36 -2245 0
450 -2245 0
-36 -450 2245 0
34 -2246 0
513 -2246 0
-34 -513 2246 0
515 -2247 0
517 -2247 0
-515 -517 2247 0
2246 -2248 0
2247 -2248 0
-2246 -2247 2248 0
471 -2249 0
479 -2249 0
-471 -479 2249 0
487 -2250 0
2249 -2250 0
-487 -2249 2250 0
463 -2251 0
495 -2251 0
-463 -495 2251 0
503 -2252 0
511 -2252 0
-503 -511 2252 0
519 -2253 0
2252 -2253 0
-519 -2252 2253 0
2251 -2254 0
2253 -2254 0
-2251 -2253 2254 0
2250 -2255 0
2254 -2255 0
-2250 -2254 2255 0
-455 -2256 0
-520 -2256 0
455 520 2256 0
471 -2257 0
522 -2257 0
-471 -522 2257 0
463 -2258 0
471 -2258 0
-463 -471 2258 0
487 -2259 0
524 -2259 0
-487 -524 2259 0
2258 -2260 0
2259 -2260 0
-2258 -2259 2260 0
527 -2261 0
2250 -2261 0
-527 -2250 2261 0
479 -2262 0
487 -2262 0
-479 -487 2262 0
530 -2263 0
2262 -2263 0
-530 -2262 2263 0
529 -2264 0
532 -2264 0
-529 -532 2264 0
2258 -2265 0
2264 -2265 0
-2258 -2264 2265 0
503 -2266 0
536 -2266 0
-503 -536 2266 0
2249 -2267 0
2266 -2267 0
-2249 -2266 2267 0
463 -2268 0
524 -2268 0
-463 -524 2268 0
529 -2269 0
538 -2269 0
-529 -538 2269 0
2268 -2270 0
2269 -2270 0
-2268 -2269 2270 0
65 -2271 0
-368 -2271 0
-65 368 2271 0
-65 -2272 0
368 -2272 0
65 -368 2272 0
-2271 -2273 0
-2272 -2273 0
2271 2272 2273 0
131 -2274 0
-369 -2274 0
-131 369 2274 0
-131 -2275 0
369 -2275 0
131 -369 2275 0
-2274 -2276 0
-2275 -2276 0
2274 2275 2276 0
215 -2277 0
-443 -2277 0
-215 443 2277 0
-215 -2278 0
443 -2278 0
215 -443 2278 0
-2277 -2279 0
-2278 -2279 0
2277 2278 2279 0
293 -2280 0
-521 -2280 0
-293 521 2280 0
-293 -2281 0
521 -2281 0
293 -521 2281 0
-2280 -2282 0
-2281 -2282 0
2280 2281 2282 0
298 -2283 0
-526 -2283 0
-298 526 2283 0
-298 -2284 0
526 -2284 0
298 -526 2284 0
-2283 -2285 0
-2284 -2285 0
2283 2284 2285 0
306 -2286 0
-534 -2286 0
-306 534 2286 0
-306 -2287 0
534 -2287 0
306 -534 2287 0
-2286 -2288 0
-2287 -2288 0
2286 2287 2288 0
311 -2289 0
-540 -2289 0
-311 540 2289 0
-311 -2290 0
540 -2290 0
311 -540 2290 0
-2289 -2291 0
-2290 -2291 0
2289 2290 2291 0
545 -2292 0
546 -2292 0
-545 -546 2292 0
547 -2293 0
2292 -2293 0
-547 -2292 2293 0
541 -2294 0
542 -2294 0
-541 -542 2294 0
543 -2295 0
544 -2295 0
-543 -544 2295 0
2294 -2296 0
2295 -2296 0
-2294 -2295 2296 0
2293 -2297 0
2296 -2297 0
-2293 -2296 2297 0
-6 -2298 0
-340 -2298 0
6 340 2298 0
6 -2299 0
340 -2299 0
-6 -340 2299 0
-2298 -2300 0
-2299 -2300 0
2298 2299 2300 0
-10 -2301 0
-341 -2301 0
10 341 2301 0
10 -2302 0
341 -2302 0
-10 -341 2302 0
-2301 -2303 0
-2302 -2303 0
2301 2302 2303 0
-14 -2304 0
-342 -2304 0
14 342 2304 0
14 -2305 0
342 -2305 0
-14 -342 2305 0
-2304 -2306 0
-2305 -2306 0
2304 2305 2306 0
-18 -2307 0
-343 -2307 0
18 343 2307 0
18 -2308 0
343 -2308 0
-18 -343 2308 0
-2307 -2309 0
-2308 -2309 0
2307 2308 2309 0
-22 -2310 0
-344 -2310 0
22 344 2310 0
22 -2311 0
344 -2311 0
-22 -344 2311 0
-2310 -2312 0
-2311 -2312 0
2310 2311 2312 0
-26 -2313 0
-345 -2313 0
26 345 2313 0
26 -2314 0
345 -2314 0
-26 -345 2314 0
-2313 -2315 0
-2314 -2315 0
2313 2314 2315 0
-30 -2316 0
-346 -2316 0
30 346 2316 0
30 -2317 0
346 -2317 0
-30 -346 2317 0
-2316 -2318 0
-2317 -2318 0
2316 2317 2318 0
-34 -2319 0
-347 -2319 0
34 347 2319 0
34 -2320 0
347 -2320 0
-34 -347 2320 0
-2319 -2321 0
-2320 -2321 0
2319 2320 2321 0
-1 -2322 0
-348 -2322 0
1 348 2322 0
1 -2323 0
348 -2323 0
-1 -348 2323 0
-2322 -2324 0
-2323 -2324 0
2322 2323 2324 0
-2 -2325 0
-349 -2325 0
2 349 2325 0
2 -2326 0
349 -2326 0
-2 -349 2326 0
-2325 -2327 0
-2326 -2327 0
2325 2326 2327 0
-4 -2328 0
-350 -2328 0
4 350 2328 0
4 -2329 0
350 -2329 0
-4 -350 2329 0
-2328 -2330 0
-2329 -2330 0
2328 2329 2330 0
-8 -2331 0
-351 -2331 0
8 351 2331 0
8 -2332 0
351 -2332 0
-8 -351 2332 0
-2331 -2333 0
-2332 -2333 0
2331 2332 2333 0
-12 -2334 0
-352 -2334 0
12 352 2334 0
12 -2335 0
352 -2335 0
-12 -352 2335 0
-2334 -2336 0
-2335 -2336 0
2334 2335 2336 0
-16 -2337 0
-353 -2337 0
16 353 2337 0
16 -2338 0
353 -2338 0
-16 -353 2338 0
-2337 -2339 0
-2338 -2339 0
2337 2338 2339 0
-20 -2340 0
-354 -2340 0
20 354 2340 0
20 -2341 0
354 -2341 0
-20 -354 2341 0
-2340 -2342 0
-2341 -2342 0
2340 2341 2342 0
-24 -2343 0
-355 -2343 0
24 355 2343 0
24 -2344 0
355 -2344 0
-24 -355 2344 0
-2343 -2345 0
-2344 -2345 0
2343 2344 2345 0
-28 -2346 0
-356 -2346 0
28 356 2346 0
28 -2347 0
356 -2347 0
-28 -356 2347 0
-2346 -2348 0
-2347 -2348 0
2346 2347 2348 0
-32 -2349 0
-357 -2349 0
32 357 2349 0
32 -2350 0
357 -2350 0
-32 -357 2350 0
-2349 -2351 0
-2350 -2351 0
2349 2350 2351 0
-31 -2352 0
-358 -2352 0
31 358 2352 0
31 -2353 0
358 -2353 0
-31 -358 2353 0
-2352 -2354 0
-2353 -2354 0
2352 2353 2354 0
-27 -2355 0
-359 -2355 0
27 359 2355 0
27 -2356 0
359 -2356 0
-27 -359 2356 0
-2355 -2357 0
-2356 -2357 0
2355 2356 2357 0
-23 -2358 0
-360 -2358 0
23 360 2358 0
23 -2359 0
360 -2359 0
-23 -360 2359 0
-2358 -2360 0
-2359 -2360 0
2358 2359 2360 0
-19 -2361 0
-361 -2361 0
19 361 2361 0
19 -2362 0
361 -2362 0
-19 -361 2362 0
-2361 -2363 0
-2362 -2363 0
2361 2362 2363 0
-15 -2364 0
-362 -2364 0
15 362 2364 0
15 -2365 0
362 -2365 0
-15 -362 2365 0
-2364 -2366 0
-2365 -2366 0
2364 2365 2366 0
-11 -2367 0
-363 -2367 0
11 363 2367 0
11 -2368 0
363 -2368 0
-11 -363 2368 0
-2367 -2369 0
-2368 -2369 0
2367 2368 2369 0
-7 -2370 0
-364 -2370 0
7 364 2370 0
7 -2371 0
364 -2371 0
-7 -364 2371 0
-2370 -2372 0
-2371 -2372 0
2370 2371 2372 0
-35 -2373 0
-365 -2373 0
35 365 2373 0
35 -2374 0
365 -2374 0
-35 -365 2374 0
-2373 -2375 0
-2374 -2375 0
2373 2374 2375 0
-3 -2376 0
-366 -2376 0
3 366 2376 0
3 -2377 0
366 -2377 0
-3 -366 2377 0
-2376 -2378 0
-2377 -2378 0
2376 2377 2378 0
-5 -2379 0
-367 -2379 0
5 367 2379 0
5 -2380 0
367 -2380 0
-5 -367 2380 0
-2379 -2381 0
-2380 -2381 0
2379 2380 2381 0
