c defined variables: 6 15 23 28 32 41 45 54 58 66 71 75 83 87 92 96 100 109 113 122 126 130 138 143 147 151 160 164 168 177 181 190 194 203 214 221 228 232 236 243 247 254 258 265 269 276 280 287 294 298 302 306 310 317 321 328 332 336 343 347 351 355 365 380 384 397 401 408 416 417 426 427 430 431 434 435 436 437 440 441 442 443 446 447 448 449 452 453 454 455 458 459 460 461 462 463 466 467 468 469 470 471 474 475 476 477 478 479 482 483 484 485 486 487 490 491 492 493 494 495 500 501 502 507 508 509 512 513 514 515 516 517 520 521 522 523 524 525 526 527 530 531 532 533 534 535 536 537 540 541 542 543 544 545 546 547 550 551 552 553 554 555 556 557 560 561 562 563 564 565 566 567 570 571 572 573 574 575 576 577 580 581 582 583 584 585 586 587 590 591 592 593 594 595 596 597 600 601 602 603 604 605 606 607 608 609 612 613 615 616 617 618 619 620 621 624 625 626 629 630 631 632 633 636 637 638 639 640 641 642 643 644 645 648 649 650 651 652 653 654 655 656 657 658 659 662 663 664 666 667 668 669 670 671 672 673 677 678 679 681 682 683 684 685 686 687 691 692 693 694 695 696 697 698 699 700 701 702 703 704 705 706 709 
p cnf 2317 2741
a 396 400 368 324 320 327 331 339 335 346 342 350 354 411 253 257 250 246 74 78 65 69 52 61 48 57 39 44 121 134 364 376 361 264 358 371 53 62 70 79 91 104 108 117 268 379 383 404 272 279 275 207 202 414 407 185 176 198 189 155 142 172 159 26 35 13 18 22 31 1 4 9 415 690 261 313 316 387 286 283 290 297 293 309 305 301 206 201 193 184 197 188 171 158 180 175 40 49 5 10 2 27 36 14 19 217 220 210 213 235 231 224 227 239 242 112 107 103 90 95 99 82 86 125 116 393 420 390 141 150 146 154 120 129 133 137 167 163 0
e 3 7 8 11 12 16 17 20 21 24 25 29 30 33 34 37 38 42 43 46 47 50 51 55 56 59 60 63 64 67 68 72 73 76 77 80 81 84 85 88 89 93 94 97 98 101 102 105 106 110 111 114 115 118 119 123 124 127 128 131 132 135 136 139 140 144 145 148 149 152 153 156 157 161 162 165 166 169 170 173 174 178 179 182 183 186 187 191 192 195 196 199 200 204 205 208 209 211 212 215 216 218 219 222 223 225 226 229 230 233 234 237 238 240 241 244 245 248 249 251 252 255 256 259 260 262 263 266 267 270 271 273 274 277 278 281 282 284 285 288 289 291 292 295 296 299 300 303 304 307 308 311 312 314 315 318 319 322 323 325 326 329 330 333 334 337 338 340 341 344 345 348 349 352 353 356 357 359 360 362 363 366 367 369 370 373 374 375 377 378 381 382 385 386 388 389 391 392 394 395 398 399 402 403 405 406 409 410 412 413 418 419 421 422 423 424 425 428 429 432 433 438 439 444 445 450 451 456 457 464 465 472 473 480 481 488 489 496 497 499 503 504 506 510 511 518 519 528 529 538 539 548 549 558 559 568 569 578 579 588 589 598 599 610 611 614 622 623 628 634 635 646 647 660 661 665 674 675 680 688 689 707 708 6 15 23 28 32 41 45 54 58 66 71 75 83 87 92 96 100 109 113 122 126 130 138 143 147 151 160 164 168 177 181 190 194 203 214 221 228 232 236 243 247 254 258 265 269 276 280 287 294 298 302 306 310 317 321 328 332 336 343 347 351 355 365 380 384 397 401 408 416 417 426 427 430 431 434 435 436 437 440 441 442 443 446 447 448 449 452 453 454 455 458 459 460 461 462 463 466 467 468 469 470 471 474 475 476 477 478 479 482 483 484 485 486 487 490 491 492 493 494 495 500 501 502 507 508 509 512 513 514 515 516 517 520 521 522 523 524 525 526 527 530 531 532 533 534 535 536 537 540 541 542 543 544 545 546 547 550 551 552 553 554 555 556 557 560 561 562 563 564 565 566 567 570 571 572 573 574 575 576 577 580 581 582 583 584 585 586 587 590 591 592 593 594 595 596 597 600 601 602 603 604 605 606 607 608 609 612 613 615 616 617 618 619 620 621 624 625 626 629 630 631 632 633 636 637 638 639 640 641 642 643 644 645 648 649 650 651 652 653 654 655 656 657 658 659 662 663 664 666 667 668 669 670 671 672 673 677 678 679 681 682 683 684 685 686 687 691 692 693 694 695 696 697 698 699 700 701 702 703 704 705 706 709 2033 2034 2035 2036 2037 2038 2039 2040 2041 2042 2043 2044 2045 2046 2047 2048 2049 2050 2051 2052 2053 2054 2055 2056 2057 2058 2059 2060 2061 2062 2063 2064 2065 2066 2067 2068 2069 2070 2071 2072 2073 2074 2075 2076 2077 2078 2079 2080 2081 2082 2083 2084 2085 2086 2087 2088 2089 2090 2091 2092 2093 2094 2095 2096 2097 2098 2099 2100 2101 2102 2103 2104 2105 2106 2107 2108 2109 2110 2111 2112 2113 2114 2115 2116 2117 2118 2119 2120 2121 2122 2123 2124 2125 2126 2127 2128 2129 2130 2131 2132 2133 2134 2135 2136 2137 2138 2139 2140 2141 2142 2143 2144 2145 2146 2147 2148 2149 2150 2151 2152 2153 2154 2155 2156 2157 2158 2159 2160 2161 2162 2163 2164 2165 2166 2167 2168 2169 2170 2171 2172 2173 2174 2175 2176 2177 2178 2179 2180 2181 2182 2183 2184 2185 2186 2187 2188 2189 2190 2191 2192 2193 2194 2195 2196 2197 2198 2199 2200 2201 2202 2203 2204 2205 2206 2207 2208 2209 2210 2211 2212 2213 2214 2215 2216 2217 2218 2219 2220 2221 2222 2223 2224 2225 2226 2227 2228 2229 2230 2231 2232 2233 2234 2235 2236 2237 2238 2239 2240 2241 2242 2243 2244 2245 2246 2247 2248 2249 2250 2251 2252 2253 2254 2255 2256 2257 2258 2259 2260 2261 2262 2263 2264 2265 2266 2267 2268 2269 2270 2271 2272 2273 2274 2275 2276 2277 2278 2279 2280 2281 2282 2283 2284 2285 2286 2287 2288 2289 2290 2291 2292 2293 2294 2295 2296 2297 2298 2299 2300 2301 2302 2303 2304 2305 2306 2307 2308 2309 2310 2311 2312 2313 2314 2315 2316 2317 0
d 498 275 272 0
d 372 361 368 0
d 505 286 290 0
d 676 420 414 0
d 627 393 390 0
2034 -6 0
-2034 6 0
2035 -15 0
-2035 15 0
2036 -23 0
-2036 23 0
2037 -28 0
-2037 28 0
2038 -32 0
-2038 32 0
2039 -41 0
-2039 41 0
2040 -45 0
-2040 45 0
2041 -54 0
-2041 54 0
2042 -58 0
-2042 58 0
2043 -66 0
-2043 66 0
2044 -71 0
-2044 71 0
2045 -75 0
-2045 75 0
2046 -83 0
-2046 83 0
2047 -87 0
-2047 87 0
2048 -92 0
-2048 92 0
2049 -96 0
-2049 96 0
2050 -100 0
-2050 100 0
2051 -109 0
-2051 109 0
2052 -113 0
-2052 113 0
2053 -122 0
-2053 122 0
2054 -126 0
-2054 126 0
2055 -130 0
-2055 130 0
2056 -138 0
-2056 138 0
2057 -143 0
-2057 143 0
2058 -147 0
-2058 147 0
2059 -151 0
-2059 151 0
2060 -160 0
-2060 160 0
2061 -164 0
-2061 164 0
2062 -168 0
-2062 168 0
2063 -177 0
-2063 177 0
2064 -181 0
-2064 181 0
2065 -190 0
-2065 190 0
2066 -194 0
-2066 194 0
2067 -203 0
-2067 203 0
2068 -214 0
-2068 214 0
2069 -221 0
-2069 221 0
2070 -228 0
-2070 228 0
2071 -232 0
-2071 232 0
2072 -236 0
-2072 236 0
2073 -243 0
-2073 243 0
2074 -247 0
-2074 247 0
2075 -254 0
-2075 254 0
2076 -258 0
-2076 258 0
2077 -265 0
-2077 265 0
2078 -269 0
-2078 269 0
2079 -276 0
-2079 276 0
2080 -280 0
-2080 280 0
2081 -287 0
-2081 287 0
2082 -294 0
-2082 294 0
2083 -298 0
-2083 298 0
2084 -302 0
-2084 302 0
2085 -306 0
-2085 306 0
2086 -310 0
-2086 310 0
2087 -317 0
-2087 317 0
2088 -321 0
-2088 321 0
2089 -328 0
-2089 328 0
2090 -332 0
-2090 332 0
2091 -336 0
-2091 336 0
2092 -343 0
-2092 343 0
2093 -347 0
-2093 347 0
2094 -351 0
-2094 351 0
2095 -355 0
-2095 355 0
2096 -365 0
-2096 365 0
2097 -380 0
-2097 380 0
2098 -384 0
-2098 384 0
2099 -397 0
-2099 397 0
2100 -401 0
-2100 401 0
2101 -408 0
-2101 408 0
2102 -416 0
-2102 416 0
2103 -417 0
-2103 417 0
2104 -426 0
-2104 426 0
2105 -427 0
-2105 427 0
2106 -430 0
-2106 430 0
2107 -431 0
-2107 431 0
2108 -434 0
-2108 434 0
2109 -435 0
-2109 435 0
2110 -436 0
-2110 436 0
2111 -437 0
-2111 437 0
2112 -440 0
-2112 440 0
2113 -441 0
-2113 441 0
2114 -442 0
-2114 442 0
2115 -443 0
-2115 443 0
2116 -446 0
-2116 446 0
2117 -447 0
-2117 447 0
2118 -448 0
-2118 448 0
2119 -449 0
-2119 449 0
2120 -452 0
-2120 452 0
2121 -453 0
-2121 453 0
2122 -454 0
-2122 454 0
2123 -455 0
-2123 455 0
2124 -458 0
-2124 458 0
2125 -459 0
-2125 459 0
2126 -460 0
-2126 460 0
2127 -461 0
-2127 461 0
2128 -462 0
-2128 462 0
2129 -463 0
-2129 463 0
2130 -466 0
-2130 466 0
2131 -467 0
-2131 467 0
2132 -468 0
-2132 468 0
2133 -469 0
-2133 469 0
2134 -470 0
-2134 470 0
2135 -471 0
-2135 471 0
2136 -474 0
-2136 474 0
2137 -475 0
-2137 475 0
2138 -476 0
-2138 476 0
2139 -477 0
-2139 477 0
2140 -478 0
-2140 478 0
2141 -479 0
-2141 479 0
2142 -482 0
-2142 482 0
2143 -483 0
-2143 483 0
2144 -484 0
-2144 484 0
2145 -485 0
-2145 485 0
2146 -486 0
-2146 486 0
2147 -487 0
-2147 487 0
2148 -490 0
-2148 490 0
2149 -491 0
-2149 491 0
2150 -492 0
-2150 492 0
2151 -493 0
-2151 493 0
2152 -494 0
-2152 494 0
2153 -495 0
-2153 495 0
2154 -500 0
-2154 500 0
2155 -501 0
-2155 501 0
2156 -502 0
-2156 502 0
2157 -507 0
-2157 507 0
2158 -508 0
-2158 508 0
2159 -509 0
-2159 509 0
2160 -512 0
-2160 512 0
2161 -513 0
-2161 513 0
2162 -514 0
-2162 514 0
2163 -515 0
-2163 515 0
2164 -516 0
-2164 516 0
2165 -517 0
-2165 517 0
2166 -520 0
-2166 520 0
2167 -521 0
-2167 521 0
2168 -522 0
-2168 522 0
2169 -523 0
-2169 523 0
2170 -524 0
-2170 524 0
2171 -525 0
-2171 525 0
2172 -526 0
-2172 526 0
2173 -527 0
-2173 527 0
2174 -530 0
-2174 530 0
2175 -531 0
-2175 531 0
2176 -532 0
-2176 532 0
2177 -533 0
-2177 533 0
2178 -534 0
-2178 534 0
2179 -535 0
-2179 535 0
2180 -536 0
-2180 536 0
2181 -537 0
-2181 537 0
2182 -540 0
-2182 540 0
2183 -541 0
-2183 541 0
2184 -542 0
-2184 542 0
2185 -543 0
-2185 543 0
2186 -544 0
-2186 544 0
2187 -545 0
-2187 545 0
2188 -546 0
-2188 546 0
2189 -547 0
-2189 547 0
2190 -550 0
-2190 550 0
2191 -551 0
-2191 551 0
2192 -552 0
-2192 552 0
2193 -553 0
-2193 553 0
2194 -554 0
-2194 554 0
2195 -555 0
-2195 555 0
2196 -556 0
-2196 556 0
2197 -557 0
-2197 557 0
2198 -560 0
-2198 560 0
2199 -561 0
-2199 561 0
2200 -562 0
-2200 562 0
2201 -563 0
-2201 563 0
2202 -564 0
-2202 564 0
2203 -565 0
-2203 565 0
2204 -566 0
-2204 566 0
2205 -567 0
-2205 567 0
2206 -570 0
-2206 570 0
2207 -571 0
-2207 571 0
2208 -572 0
-2208 572 0
2209 -573 0
-2209 573 0
2210 -574 0
-2210 574 0
2211 -575 0
-2211 575 0
2212 -576 0
-2212 576 0
2213 -577 0
-2213 577 0
2214 -580 0
-2214 580 0
2215 -581 0
-2215 581 0
2216 -582 0
-2216 582 0
2217 -583 0
-2217 583 0
2218 -584 0
-2218 584 0
2219 -585 0
-2219 585 0
2220 -586 0
-2220 586 0
2221 -587 0
-2221 587 0
2222 -590 0
-2222 590 0
2223 -591 0
-2223 591 0
2224 -592 0
-2224 592 0
2225 -593 0
-2225 593 0
2226 -594 0
-2226 594 0
2227 -595 0
-2227 595 0
2228 -596 0
-2228 596 0
2229 -597 0
-2229 597 0
2230 -600 0
-2230 600 0
2231 -601 0
-2231 601 0
2232 -602 0
-2232 602 0
2233 -603 0
-2233 603 0
2234 -604 0
-2234 604 0
2235 -605 0
-2235 605 0
2236 -606 0
-2236 606 0
2237 -607 0
-2237 607 0
2238 -608 0
-2238 608 0
2239 -609 0
-2239 609 0
2240 -612 0
-2240 612 0
2241 -613 0
-2241 613 0
2242 -615 0
-2242 615 0
2243 -616 0
-2243 616 0
2244 -617 0
-2244 617 0
2245 -618 0
-2245 618 0
2246 -619 0
-2246 619 0
2247 -620 0
-2247 620 0
2248 -621 0
-2248 621 0
2249 -624 0
-2249 624 0
2250 -625 0
-2250 625 0
2251 -626 0
-2251 626 0
2252 -629 0
-2252 629 0
2253 -630 0
-2253 630 0
2254 -631 0
-2254 631 0
2255 -632 0
-2255 632 0
2256 -633 0
-2256 633 0
2257 -636 0
-2257 636 0
2258 -637 0
-2258 637 0
2259 -638 0
-2259 638 0
2260 -639 0
-2260 639 0
2261 -640 0
-2261 640 0
2262 -641 0
-2262 641 0
2263 -642 0
-2263 642 0
2264 -643 0
-2264 643 0
2265 -644 0
-2265 644 0
2266 -645 0
-2266 645 0
2267 -648 0
-2267 648 0
2268 -649 0
-2268 649 0
2269 -650 0
-2269 650 0
2270 -651 0
-2270 651 0
2271 -652 0
-2271 652 0
2272 -653 0
-2272 653 0
2273 -654 0
-2273 654 0
2274 -655 0
-2274 655 0
2275 -656 0
-2275 656 0
2276 -657 0
-2276 657 0
2277 -658 0
-2277 658 0
2278 -659 0
-2278 659 0
2279 -662 0
-2279 662 0
2280 -663 0
-2280 663 0
2281 -664 0
-2281 664 0
2282 -666 0
-2282 666 0
2283 -667 0
-2283 667 0
2284 -668 0
-2284 668 0
2285 -669 0
-2285 669 0
2286 -670 0
-2286 670 0
2287 -671 0
-2287 671 0
2288 -672 0
-2288 672 0
2289 -673 0
-2289 673 0
2290 -677 0
-2290 677 0
2291 -678 0
-2291 678 0
2292 -679 0
-2292 679 0
2293 -681 0
-2293 681 0
2294 -682 0
-2294 682 0
2295 -683 0
-2295 683 0
2296 -684 0
-2296 684 0
2297 -685 0
-2297 685 0
2298 -686 0
-2298 686 0
2299 -687 0
-2299 687 0
2300 -691 0
-2300 691 0
2301 -692 0
-2301 692 0
2302 -693 0
-2302 693 0
2303 -694 0
-2303 694 0
2304 -695 0
-2304 695 0
2307 -696 0
-2307 696 0
2308 -697 0
-2308 697 0
2309 -698 0
-2309 698 0
2310 -699 0
-2310 699 0
2311 -700 0
-2311 700 0
2312 -701 0
-2312 701 0
2313 -702 0
-2313 702 0
2314 -703 0
-2314 703 0
2315 -704 0
-2315 704 0
2316 -705 0
-2316 705 0
2317 -706 0
-2317 706 0
2033 -709 0
-2033 709 0
709 0
-709 422 708 0
-422 419 -421 0
-419 413 -418 0
-413 410 -412 0
-410 406 -409 0
-406 403 -405 0
-403 399 -402 0
-399 395 -398 0
-395 392 -394 0
-392 389 -391 0
-389 386 -388 0
-386 382 -385 0
-382 378 -381 0
-378 375 -377 0
-375 370 -374 0
-370 367 -369 0
-367 363 -366 0
-363 360 -362 0
-360 357 -359 0
-357 353 -356 0
-353 349 -352 0
-349 345 -348 0
-345 341 -344 0
-341 338 -340 0
-338 334 -337 0
-334 330 -333 0
-330 326 -329 0
-326 323 -325 0
-323 319 -322 0
-319 315 -318 0
-315 312 -314 0
-312 308 -311 0
-308 304 -307 0
-304 300 -303 0
-300 296 -299 0
-296 292 -295 0
-292 289 -291 0
-289 285 -288 0
-285 282 -284 0
-282 278 -281 0
-278 274 -277 0
-274 271 -273 0
-271 267 -270 0
-267 263 -266 0
-263 260 -262 0
-260 256 -259 0
-256 252 -255 0
-252 249 -251 0
-249 245 -248 0
-245 241 -244 0
-241 238 -240 0
-238 234 -237 0
-234 230 -233 0
-230 226 -229 0
-226 223 -225 0
-223 219 -222 0
-219 216 -218 0
-216 212 -215 0
-212 209 -211 0
-209 205 -208 0
-205 200 -204 0
-200 196 -199 0
-196 192 -195 0
-192 187 -191 0
-187 183 -186 0
-183 179 -182 0
-179 174 -178 0
-174 170 -173 0
-170 166 -169 0
-166 162 -165 0
-162 157 -161 0
-157 153 -156 0
-153 149 -152 0
-149 145 -148 0
-145 140 -144 0
-140 136 -139 0
-136 132 -135 0
-132 128 -131 0
-128 124 -127 0
-124 119 -123 0
-119 115 -118 0
-115 111 -114 0
-111 106 -110 0
-106 102 -105 0
-102 98 -101 0
-98 94 -97 0
-94 89 -93 0
-89 85 -88 0
-85 81 -84 0
-81 77 -80 0
-77 73 -76 0
-73 68 -72 0
-68 64 -67 0
-64 60 -63 0
-60 56 -59 0
-56 51 -55 0
-51 47 -50 0
-47 43 -46 0
-43 38 -42 0
-38 34 -37 0
-34 30 -33 0
-30 25 -29 0
-25 21 -24 0
-21 17 -20 0
-17 12 -16 0
-12 8 -11 0
-8 -3 -7 0
1 -2 3 0
-1 2 3 0
4 6 7 0
-4 -6 7 0
-1 5 6 0
-6 1 0
-6 -5 0
9 -10 11 0
-9 10 11 0
13 15 16 0
-13 -15 16 0
-9 14 15 0
-15 9 0
-15 -14 0
18 -19 20 0
-18 19 20 0
22 23 24 0
-22 -23 24 0
-4 -13 23 0
-23 4 0
-23 13 0
26 28 29 0
-26 -28 29 0
-18 27 28 0
-28 18 0
-28 -27 0
31 32 33 0
-31 -32 33 0
-13 -26 32 0
-32 13 0
-32 26 0
35 -36 37 0
-35 36 37 0
39 41 42 0
-39 -41 42 0
-35 40 41 0
-41 35 0
-41 -40 0
44 45 46 0
-44 -45 46 0
-26 -39 45 0
-45 26 0
-45 39 0
48 -49 50 0
-48 49 50 0
52 54 55 0
-52 -54 55 0
-48 53 54 0
-54 48 0
-54 -53 0
57 58 59 0
-57 -58 59 0
-39 -52 58 0
-58 39 0
-58 52 0
61 -62 63 0
-61 62 63 0
65 66 67 0
-65 -66 67 0
-22 -44 66 0
-66 22 0
-66 44 0
69 71 72 0
-69 -71 72 0
-61 70 71 0
-71 61 0
-71 -70 0
74 75 76 0
-74 -75 76 0
-31 -57 75 0
-75 31 0
-75 57 0
78 -79 80 0
-78 79 80 0
82 83 84 0
-82 -83 84 0
-52 -69 83 0
-83 52 0
-83 69 0
86 87 88 0
-86 -87 88 0
-44 -82 87 0
-87 44 0
-87 82 0
90 92 93 0
-90 -92 93 0
-78 91 92 0
-92 78 0
-92 -91 0
95 96 97 0
-95 -96 97 0
-69 -90 96 0
-96 69 0
-96 90 0
99 100 101 0
-99 -100 101 0
-57 -95 100 0
-100 57 0
-100 95 0
103 -104 105 0
-103 104 105 0
107 109 110 0
-107 -109 110 0
-103 108 109 0
-109 103 0
-109 -108 0
112 113 114 0
-112 -113 114 0
-90 -107 113 0
-113 90 0
-113 107 0
116 -117 118 0
-116 117 118 0
120 122 123 0
-120 -122 123 0
-116 121 122 0
-122 116 0
-122 -121 0
125 126 127 0
-125 -126 127 0
-107 -120 126 0
-126 107 0
-126 120 0
129 130 131 0
-129 -130 131 0
-82 -112 130 0
-130 82 0
-130 112 0
133 -134 135 0
-133 134 135 0
137 138 139 0
-137 -138 139 0
-95 -125 138 0
-138 95 0
-138 125 0
141 143 144 0
-141 -143 144 0
-133 142 143 0
-143 133 0
-143 -142 0
146 147 148 0
-146 -147 148 0
-120 -141 147 0
-147 120 0
-147 141 0
150 151 152 0
-150 -151 152 0
-112 -146 151 0
-151 112 0
-151 146 0
154 -155 156 0
-154 155 156 0
158 160 161 0
-158 -160 161 0
-154 159 160 0
-160 154 0
-160 -159 0
163 164 165 0
-163 -164 165 0
-141 -158 164 0
-164 141 0
-164 158 0
167 168 169 0
-167 -168 169 0
-125 -163 168 0
-168 125 0
-168 163 0
171 -172 173 0
-171 172 173 0
175 177 178 0
-175 -177 178 0
-171 176 177 0
-177 171 0
-177 -176 0
180 181 182 0
-180 -181 182 0
-158 -175 181 0
-181 158 0
-181 175 0
184 -185 186 0
-184 185 186 0
188 190 191 0
-188 -190 191 0
-184 189 190 0
-190 184 0
-190 -189 0
193 194 195 0
-193 -194 195 0
-175 -188 194 0
-194 175 0
-194 188 0
197 -198 199 0
-197 198 199 0
201 203 204 0
-201 -203 204 0
-197 202 203 0
-203 197 0
-203 -202 0
206 -207 208 0
-206 207 208 0
210 -2 211 0
-210 2 211 0
213 214 215 0
-213 -214 215 0
-210 5 214 0
-214 210 0
-214 -5 0
217 -10 218 0
-217 10 218 0
220 221 222 0
-220 -221 222 0
-217 14 221 0
-221 217 0
-221 -14 0
224 -19 225 0
-224 19 225 0
227 228 229 0
-227 -228 229 0
-213 -220 228 0
-228 213 0
-228 220 0
231 232 233 0
-231 -232 233 0
-224 27 232 0
-232 224 0
-232 -27 0
235 236 237 0
-235 -236 237 0
-220 -231 236 0
-236 220 0
-236 231 0
239 -36 240 0
-239 36 240 0
242 243 244 0
-242 -243 244 0
-239 40 243 0
-243 239 0
-243 -40 0
246 247 248 0
-246 -247 248 0
-231 -242 247 0
-247 231 0
-247 242 0
250 -49 251 0
-250 49 251 0
253 254 255 0
-253 -254 255 0
-250 53 254 0
-254 250 0
-254 -53 0
257 258 259 0
-257 -258 259 0
-242 -253 258 0
-258 242 0
-258 253 0
261 -62 262 0
-261 62 262 0
264 265 266 0
-264 -265 266 0
-227 -246 265 0
-265 227 0
-265 246 0
268 269 270 0
-268 -269 270 0
-261 70 269 0
-269 261 0
-269 -70 0
272 268 273 0
-272 -268 273 0
275 276 277 0
-275 -276 277 0
-79 -213 276 0
-276 79 0
-276 213 0
279 280 281 0
-279 -280 281 0
-235 -257 280 0
-280 235 0
-280 257 0
283 -79 284 0
-283 79 284 0
286 287 288 0
-286 -287 288 0
-283 -91 287 0
-287 283 0
-287 91 0
290 227 291 0
-290 -227 291 0
293 294 295 0
-293 -294 295 0
-253 -268 294 0
-294 253 0
-294 268 0
297 298 299 0
-297 -298 299 0
-246 -293 298 0
-298 246 0
-298 293 0
301 302 303 0
-301 -302 303 0
-283 91 302 0
-302 283 0
-302 -91 0
305 306 307 0
-305 -306 307 0
-268 -301 306 0
-306 268 0
-306 301 0
309 310 311 0
-309 -310 311 0
-257 -305 310 0
-310 257 0
-310 305 0
313 -104 314 0
-313 104 314 0
316 317 318 0
-316 -317 318 0
-313 108 317 0
-317 313 0
-317 -108 0
320 321 322 0
-320 -321 322 0
-301 -316 321 0
-321 301 0
-321 316 0
324 -117 325 0
-324 117 325 0
327 328 329 0
-327 -328 329 0
-324 121 328 0
-328 324 0
-328 -121 0
331 332 333 0
-331 -332 333 0
-316 -327 332 0
-332 316 0
-332 327 0
335 336 337 0
-335 -336 337 0
-293 -320 336 0
-336 293 0
-336 320 0
339 -134 340 0
-339 134 340 0
342 343 344 0
-342 -343 344 0
-305 -331 343 0
-343 305 0
-343 331 0
346 347 348 0
-346 -347 348 0
-339 142 347 0
-347 339 0
-347 -142 0
350 351 352 0
-350 -351 352 0
-327 -346 351 0
-351 327 0
-351 346 0
354 355 356 0
-354 -355 356 0
-320 -350 355 0
-355 320 0
-355 350 0
358 -155 359 0
-358 155 359 0
361 346 362 0
-361 -346 362 0
364 365 366 0
-364 -365 366 0
-358 159 365 0
-365 358 0
-365 -159 0
368 364 369 0
-368 -364 369 0
371 373 374 0
-371 -373 374 0
-331 -372 373 0
-373 331 0
-373 372 0
376 -172 377 0
-376 172 377 0
379 380 381 0
-379 -380 381 0
-376 176 380 0
-380 376 0
-380 -176 0
383 384 385 0
-383 -384 385 0
-364 -379 384 0
-384 364 0
-384 379 0
387 -185 388 0
-387 185 388 0
390 297 391 0
-390 -297 391 0
393 354 394 0
-393 -354 394 0
396 397 398 0
-396 -397 398 0
-387 189 397 0
-397 387 0
-397 -189 0
400 401 402 0
-400 -401 402 0
-379 -396 401 0
-401 379 0
-401 396 0
404 -198 405 0
-404 198 405 0
407 408 409 0
-407 -408 409 0
-404 202 408 0
-408 404 0
-408 -202 0
411 -207 412 0
-411 207 412 0
414 417 418 0
-414 -417 418 0
-416 -227 417 0
-411 -415 416 0
-417 416 0
-417 227 0
-416 411 0
-416 415 0
420 297 421 0
-420 -297 421 0
-708 689 0
-708 707 0
-689 675 0
-689 688 0
-675 661 0
-675 674 0
-661 647 0
-661 660 0
-647 635 0
-647 646 0
-635 623 0
-635 634 0
-623 611 0
-623 622 0
-611 599 0
-611 610 0
-599 589 0
-599 598 0
-589 579 0
-589 588 0
-579 569 0
-579 578 0
-569 559 0
-569 568 0
-559 549 0
-559 558 0
-549 539 0
-549 548 0
-539 529 0
-539 538 0
-529 519 0
-529 528 0
-519 511 0
-519 518 0
-511 504 0
-511 510 0
-504 497 0
-504 503 0
-497 489 0
-497 496 0
-489 481 0
-489 488 0
-481 473 0
-481 480 0
-473 465 0
-473 472 0
-465 457 0
-465 464 0
-457 451 0
-457 456 0
-451 445 0
-451 450 0
-445 439 0
-445 444 0
-439 433 0
-439 438 0
-433 429 0
-433 432 0
-429 425 0
-429 428 0
-425 423 0
-425 424 0
-423 -2 2 0
-423 2 -2 0
-424 -2 2 0
-424 2 -2 0
-428 -426 427 0
-428 426 -427 0
-426 210 0
-426 5 0
-427 1 0
-427 5 0
-210 -5 426 0
-1 -5 427 0
-432 -430 431 0
-432 430 -431 0
-430 10 0
-430 213 0
-431 10 0
-431 4 0
-10 -213 430 0
-10 -4 431 0
-438 -435 437 0
-438 435 -437 0
-435 213 0
-435 434 0
-434 217 0
-434 14 0
-437 4 0
-437 436 0
-436 9 0
-436 14 0
-213 -434 435 0
-217 -14 434 0
-4 -436 437 0
-9 -14 436 0
-444 -441 443 0
-444 441 -443 0
-441 220 0
-441 440 0
-440 19 0
-440 213 0
-443 13 0
-443 442 0
-442 19 0
-442 4 0
-220 -440 441 0
-19 -213 440 0
-13 -442 443 0
-19 -4 442 0
-450 -447 449 0
-450 447 -449 0
-447 446 0
-447 227 0
-446 224 0
-446 27 0
-449 448 0
-449 22 0
-448 18 0
-448 27 0
-446 -227 447 0
-224 -27 446 0
-448 -22 449 0
-18 -27 448 0
-456 -453 455 0
-456 453 -455 0
-453 452 0
-453 235 0
-452 36 0
-452 213 0
-455 454 0
-455 31 0
-454 36 0
-454 4 0
-452 -235 453 0
-36 -213 452 0
-454 -31 455 0
-36 -4 454 0
-464 -460 463 0
-464 460 -463 0
-460 227 0
-460 459 0
-459 231 0
-459 458 0
-458 239 0
-458 40 0
-463 22 0
-463 462 0
-462 26 0
-462 461 0
-461 35 0
-461 40 0
-227 -459 460 0
-231 -458 459 0
-239 -40 458 0
-22 -462 463 0
-26 -461 462 0
-35 -40 461 0
-472 -468 471 0
-472 468 -471 0
-468 235 0
-468 467 0
-467 242 0
-467 466 0
-466 49 0
-466 213 0
-471 31 0
-471 470 0
-470 39 0
-470 469 0
-469 49 0
-469 4 0
-235 -467 468 0
-242 -466 467 0
-49 -213 466 0
-31 -470 471 0
-39 -469 470 0
-49 -4 469 0
-480 -476 479 0
-480 476 -479 0
-476 246 0
-476 475 0
-475 474 0
-475 227 0
-474 250 0
-474 53 0
-479 44 0
-479 478 0
-478 477 0
-478 22 0
-477 48 0
-477 53 0
-246 -475 476 0
-474 -227 475 0
-250 -53 474 0
-44 -478 479 0
-477 -22 478 0
-48 -53 477 0
-488 -484 487 0
-488 484 -487 0
-484 257 0
-484 483 0
-483 482 0
-483 235 0
-482 62 0
-482 213 0
-487 57 0
-487 486 0
-486 485 0
-486 31 0
-485 62 0
-485 4 0
-257 -483 484 0
-482 -235 483 0
-62 -213 482 0
-57 -486 487 0
-485 -31 486 0
-62 -4 485 0
-496 -492 495 0
-496 492 -495 0
-492 491 0
-492 264 0
-491 253 0
-491 490 0
-490 261 0
-490 70 0
-495 494 0
-495 65 0
-494 52 0
-494 493 0
-493 61 0
-493 70 0
-491 -264 492 0
-253 -490 491 0
-261 -70 490 0
-494 -65 495 0
-52 -493 494 0
-61 -70 493 0
-503 -499 502 0
-503 499 -502 0
-499 498 0
-499 279 0
-502 501 0
-502 74 0
-501 69 0
-501 500 0
-500 79 0
-500 4 0
-498 -279 499 0
-501 -74 502 0
-69 -500 501 0
-79 -4 500 0
-510 -506 509 0
-510 506 -509 0
-506 505 0
-506 297 0
-509 508 0
-509 86 0
-508 507 0
-508 22 0
-507 78 0
-507 91 0
-505 -297 506 0
-508 -86 509 0
-507 -22 508 0
-78 -91 507 0
-518 -514 517 0
-518 514 -517 0
-514 513 0
-514 309 0
-513 512 0
-513 235 0
-512 104 0
-512 213 0
-517 516 0
-517 99 0
-516 515 0
-516 31 0
-515 104 0
-515 4 0
-513 -309 514 0
-512 -235 513 0
-104 -213 512 0
-516 -99 517 0
-515 -31 516 0
-104 -4 515 0
-528 -523 527 0
-528 523 -527 0
-523 264 0
-523 522 0
-522 293 0
-522 521 0
-521 301 0
-521 520 0
-520 313 0
-520 108 0
-527 65 0
-527 526 0
-526 82 0
-526 525 0
-525 90 0
-525 524 0
-524 103 0
-524 108 0
-264 -522 523 0
-293 -521 522 0
-301 -520 521 0
-313 -108 520 0
-65 -526 527 0
-82 -525 526 0
-90 -524 525 0
-103 -108 524 0
-538 -533 537 0
-538 533 -537 0
-533 279 0
-533 532 0
-532 305 0
-532 531 0
-531 316 0
-531 530 0
-530 117 0
-530 213 0
-537 74 0
-537 536 0
-536 95 0
-536 535 0
-535 107 0
-535 534 0
-534 117 0
-534 4 0
-279 -532 533 0
-305 -531 532 0
-316 -530 531 0
-117 -213 530 0
-74 -536 537 0
-95 -535 536 0
-107 -534 535 0
-117 -4 534 0
-548 -543 547 0
-548 543 -547 0
-543 297 0
-543 542 0
-542 320 0
-542 541 0
-541 540 0
-541 227 0
-540 324 0
-540 121 0
-547 86 0
-547 546 0
-546 112 0
-546 545 0
-545 544 0
-545 22 0
-544 116 0
-544 121 0
-297 -542 543 0
-320 -541 542 0
-540 -227 541 0
-324 -121 540 0
-86 -546 547 0
-112 -545 546 0
-544 -22 545 0
-116 -121 544 0
-558 -553 557 0
-558 553 -557 0
-553 309 0
-553 552 0
-552 331 0
-552 551 0
-551 550 0
-551 235 0
-550 134 0
-550 213 0
-557 99 0
-557 556 0
-556 125 0
-556 555 0
-555 554 0
-555 31 0
-554 134 0
-554 4 0
-309 -552 553 0
-331 -551 552 0
-550 -235 551 0
-134 -213 550 0
-99 -556 557 0
-125 -555 556 0
-554 -31 555 0
-134 -4 554 0
-568 -563 567 0
-568 563 -567 0
-563 335 0
-563 562 0
-562 561 0
-562 264 0
-561 327 0
-561 560 0
-560 339 0
-560 142 0
-567 129 0
-567 566 0
-566 565 0
-566 65 0
-565 120 0
-565 564 0
-564 133 0
-564 142 0
-335 -562 563 0
-561 -264 562 0
-327 -560 561 0
-339 -142 560 0
-129 -566 567 0
-565 -65 566 0
-120 -564 565 0
-133 -142 564 0
-578 -573 577 0
-578 573 -577 0
-573 342 0
-573 572 0
-572 571 0
-572 279 0
-571 346 0
-571 570 0
-570 155 0
-570 213 0
-577 137 0
-577 576 0
-576 575 0
-576 74 0
-575 141 0
-575 574 0
-574 155 0
-574 4 0
-342 -572 573 0
-571 -279 572 0
-346 -570 571 0
-155 -213 570 0
-137 -576 577 0
-575 -74 576 0
-141 -574 575 0
-155 -4 574 0
-588 -583 587 0
-588 583 -587 0
-583 354 0
-583 582 0
-582 581 0
-582 297 0
-581 580 0
-581 227 0
-580 358 0
-580 159 0
-587 150 0
-587 586 0
-586 585 0
-586 86 0
-585 584 0
-585 22 0
-584 154 0
-584 159 0
-354 -582 583 0
-581 -297 582 0
-580 -227 581 0
-358 -159 580 0
-150 -586 587 0
-585 -86 586 0
-584 -22 585 0
-154 -159 584 0
-598 -593 597 0
-598 593 -597 0
-593 371 0
-593 592 0
-592 591 0
-592 309 0
-591 590 0
-591 235 0
-590 172 0
-590 213 0
-597 167 0
-597 596 0
-596 595 0
-596 99 0
-595 594 0
-595 31 0
-594 172 0
-594 4 0
-371 -592 593 0
-591 -309 592 0
-590 -235 591 0
-172 -213 590 0
-167 -596 597 0
-595 -99 596 0
-594 -31 595 0
-172 -4 594 0
-610 -604 609 0
-610 604 -609 0
-604 602 0
-604 603 0
-602 350 0
-602 601 0
-601 364 0
-601 600 0
-600 376 0
-600 176 0
-603 264 0
-603 335 0
-609 607 0
-609 608 0
-607 146 0
-607 606 0
-606 158 0
-606 605 0
-605 171 0
-605 176 0
-608 65 0
-608 129 0
-602 -603 604 0
-350 -601 602 0
-364 -600 601 0
-376 -176 600 0
-264 -335 603 0
-607 -608 609 0
-146 -606 607 0
-158 -605 606 0
-171 -176 605 0
-65 -129 608 0
-622 -616 621 0
-622 616 -621 0
-616 614 0
-616 615 0
-614 372 0
-614 613 0
-613 379 0
-613 612 0
-612 185 0
-612 213 0
-615 279 0
-615 342 0
-621 619 0
-621 620 0
-619 163 0
-619 618 0
-618 175 0
-618 617 0
-617 185 0
-617 4 0
-620 74 0
-620 137 0
-614 -615 616 0
-372 -613 614 0
-379 -612 613 0
-185 -213 612 0
-279 -342 615 0
-619 -620 621 0
-163 -618 619 0
-175 -617 618 0
-185 -4 617 0
-74 -137 620 0
-634 -628 633 0
-634 628 -633 0
-628 626 0
-628 627 0
-626 383 0
-626 625 0
-625 624 0
-625 227 0
-624 387 0
-624 189 0
-633 631 0
-633 632 0
-631 180 0
-631 630 0
-630 629 0
-630 22 0
-629 184 0
-629 189 0
-632 86 0
-632 150 0
-626 -627 628 0
-383 -625 626 0
-624 -227 625 0
-387 -189 624 0
-631 -632 633 0
-180 -630 631 0
-629 -22 630 0
-184 -189 629 0
-86 -150 632 0
-646 -640 645 0
-646 640 -645 0
-640 638 0
-640 639 0
-638 400 0
-638 637 0
-637 636 0
-637 235 0
-636 198 0
-636 213 0
-639 309 0
-639 371 0
-645 643 0
-645 644 0
-643 193 0
-643 642 0
-642 641 0
-642 31 0
-641 198 0
-641 4 0
-644 99 0
-644 167 0
-638 -639 640 0
-400 -637 638 0
-636 -235 637 0
-198 -213 636 0
-309 -371 639 0
-643 -644 645 0
-193 -642 643 0
-641 -31 642 0
-198 -4 641 0
-99 -167 644 0
-660 -653 659 0
-660 653 -659 0
-653 650 0
-653 652 0
-650 649 0
-650 264 0
-649 396 0
-649 648 0
-648 404 0
-648 202 0
-652 335 0
-652 651 0
-651 350 0
-651 383 0
-659 656 0
-659 658 0
-656 655 0
-656 65 0
-655 188 0
-655 654 0
-654 197 0
-654 202 0
-658 129 0
-658 657 0
-657 146 0
-657 180 0
-650 -652 653 0
-649 -264 650 0
-396 -648 649 0
-404 -202 648 0
-335 -651 652 0
-350 -383 651 0
-656 -658 659 0
-655 -65 656 0
-188 -654 655 0
-197 -202 654 0
-129 -657 658 0
-146 -180 657 0
-674 -667 673 0
-674 667 -673 0
-667 664 0
-667 666 0
-664 663 0
-664 279 0
-663 407 0
-663 662 0
-662 207 0
-662 213 0
-666 342 0
-666 665 0
-665 372 0
-665 400 0
-673 670 0
-673 672 0
-670 669 0
-670 74 0
-669 201 0
-669 668 0
-668 207 0
-668 4 0
-672 137 0
-672 671 0
-671 163 0
-671 193 0
-664 -666 667 0
-663 -279 664 0
-407 -662 663 0
-207 -213 662 0
-342 -665 666 0
-372 -400 665 0
-670 -672 673 0
-669 -74 670 0
-201 -668 669 0
-207 -4 668 0
-137 -671 672 0
-163 -193 671 0
-688 -680 687 0
-688 680 -687 0
-680 676 0
-680 679 0
-679 354 0
-679 678 0
-678 383 0
-678 677 0
-677 396 0
-677 407 0
-687 683 0
-687 686 0
-683 682 0
-683 86 0
-682 681 0
-682 22 0
-681 206 0
-681 415 0
-686 150 0
-686 685 0
-685 180 0
-685 684 0
-684 188 0
-684 201 0
-676 -679 680 0
-354 -678 679 0
-383 -677 678 0
-396 -407 677 0
-683 -686 687 0
-682 -86 683 0
-681 -22 682 0
-206 -415 681 0
-150 -685 686 0
-180 -684 685 0
-188 -201 684 0
-707 -698 706 0
-707 698 -706 0
-698 693 0
-698 697 0
-693 692 0
-693 309 0
-692 691 0
-692 235 0
-691 690 0
-691 213 0
-697 371 0
-697 -696 0
400 695 696 0
-400 -695 696 0
-407 -694 695 0
-411 415 694 0
-695 407 0
-695 694 0
-694 411 0
-694 -415 0
-706 701 0
-706 705 0
-701 700 0
-701 99 0
-700 699 0
-700 31 0
-699 690 0
-699 4 0
-705 167 0
-705 704 0
-704 193 0
-704 703 0
-703 201 0
-703 702 0
-702 206 0
-702 -415 0
-693 -697 698 0
-692 -309 693 0
-691 -235 692 0
-690 -213 691 0
-371 696 697 0
-696 -400 695 0
-696 400 -695 0
-695 407 0
-695 694 0
-694 411 0
-694 -415 0
-407 -694 695 0
-411 415 694 0
-701 -705 706 0
-700 -99 701 0
-699 -31 700 0
-690 -4 699 0
-167 -704 705 0
-193 -703 704 0
-201 -702 703 0
-206 415 702 0
2033 0
1 -2034 0
-5 -2034 0
-1 5 2034 0
9 -2035 0
-14 -2035 0
-9 14 2035 0
13 -2036 0
4 -2036 0
-13 -4 2036 0
18 -2037 0
-27 -2037 0
-18 27 2037 0
26 -2038 0
13 -2038 0
-26 -13 2038 0
35 -2039 0
-40 -2039 0
-35 40 2039 0
39 -2040 0
26 -2040 0
-39 -26 2040 0
48 -2041 0
-53 -2041 0
-48 53 2041 0
52 -2042 0
39 -2042 0
-52 -39 2042 0
44 -2043 0
22 -2043 0
-44 -22 2043 0
61 -2044 0
-70 -2044 0
-61 70 2044 0
57 -2045 0
31 -2045 0
-57 -31 2045 0
69 -2046 0
52 -2046 0
-69 -52 2046 0
44 -2047 0
82 -2047 0
-44 -82 2047 0
78 -2048 0
-91 -2048 0
-78 91 2048 0
69 -2049 0
90 -2049 0
-69 -90 2049 0
57 -2050 0
95 -2050 0
-57 -95 2050 0
-108 -2051 0
103 -2051 0
108 -103 2051 0
107 -2052 0
90 -2052 0
-107 -90 2052 0
-121 -2053 0
116 -2053 0
121 -116 2053 0
107 -2054 0
120 -2054 0
-107 -120 2054 0
112 -2055 0
82 -2055 0
-112 -82 2055 0
95 -2056 0
125 -2056 0
-95 -125 2056 0
-142 -2057 0
133 -2057 0
142 -133 2057 0
141 -2058 0
120 -2058 0
-141 -120 2058 0
112 -2059 0
146 -2059 0
-112 -146 2059 0
-159 -2060 0
154 -2060 0
159 -154 2060 0
158 -2061 0
141 -2061 0
-158 -141 2061 0
125 -2062 0
163 -2062 0
-125 -163 2062 0
-176 -2063 0
171 -2063 0
176 -171 2063 0
158 -2064 0
175 -2064 0
-158 -175 2064 0
-189 -2065 0
184 -2065 0
189 -184 2065 0
188 -2066 0
175 -2066 0
-188 -175 2066 0
-202 -2067 0
197 -2067 0
202 -197 2067 0
-5 -2068 0
210 -2068 0
5 -210 2068 0
-14 -2069 0
217 -2069 0
14 -217 2069 0
220 -2070 0
213 -2070 0
-220 -213 2070 0
-27 -2071 0
224 -2071 0
27 -224 2071 0
220 -2072 0
231 -2072 0
-220 -231 2072 0
-40 -2073 0
239 -2073 0
40 -239 2073 0
231 -2074 0
242 -2074 0
-231 -242 2074 0
250 -2075 0
-53 -2075 0
-250 53 2075 0
253 -2076 0
242 -2076 0
-253 -242 2076 0
246 -2077 0
227 -2077 0
-246 -227 2077 0
-70 -2078 0
261 -2078 0
70 -261 2078 0
79 -2079 0
213 -2079 0
-79 -213 2079 0
257 -2080 0
235 -2080 0
-257 -235 2080 0
91 -2081 0
283 -2081 0
-91 -283 2081 0
253 -2082 0
268 -2082 0
-253 -268 2082 0
246 -2083 0
293 -2083 0
-246 -293 2083 0
-91 -2084 0
283 -2084 0
91 -283 2084 0
268 -2085 0
301 -2085 0
-268 -301 2085 0
257 -2086 0
305 -2086 0
-257 -305 2086 0
-108 -2087 0
313 -2087 0
108 -313 2087 0
316 -2088 0
301 -2088 0
-316 -301 2088 0
324 -2089 0
-121 -2089 0
-324 121 2089 0
327 -2090 0
316 -2090 0
-327 -316 2090 0
320 -2091 0
293 -2091 0
-320 -293 2091 0
331 -2092 0
305 -2092 0
-331 -305 2092 0
339 -2093 0
-142 -2093 0
-339 142 2093 0
327 -2094 0
346 -2094 0
-327 -346 2094 0
320 -2095 0
350 -2095 0
-320 -350 2095 0
358 -2096 0
-159 -2096 0
-358 159 2096 0
376 -2097 0
-176 -2097 0
-376 176 2097 0
364 -2098 0
379 -2098 0
-364 -379 2098 0
-189 -2099 0
387 -2099 0
189 -387 2099 0
396 -2100 0
379 -2100 0
-396 -379 2100 0
404 -2101 0
-202 -2101 0
-404 202 2101 0
411 -2102 0
415 -2102 0
-411 -415 2102 0
227 -2103 0
416 -2103 0
-227 -416 2103 0
5 -2104 0
210 -2104 0
-5 -210 2104 0
1 -2105 0
5 -2105 0
-1 -5 2105 0
10 -2106 0
213 -2106 0
-10 -213 2106 0
4 -2107 0
10 -2107 0
-4 -10 2107 0
14 -2108 0
217 -2108 0
-14 -217 2108 0
213 -2109 0
434 -2109 0
-213 -434 2109 0
9 -2110 0
14 -2110 0
-9 -14 2110 0
4 -2111 0
436 -2111 0
-4 -436 2111 0
19 -2112 0
213 -2112 0
-19 -213 2112 0
220 -2113 0
440 -2113 0
-220 -440 2113 0
4 -2114 0
19 -2114 0
-4 -19 2114 0
13 -2115 0
442 -2115 0
-13 -442 2115 0
27 -2116 0
224 -2116 0
-27 -224 2116 0
227 -2117 0
446 -2117 0
-227 -446 2117 0
18 -2118 0
27 -2118 0
-18 -27 2118 0
22 -2119 0
448 -2119 0
-22 -448 2119 0
36 -2120 0
213 -2120 0
-36 -213 2120 0
235 -2121 0
452 -2121 0
-235 -452 2121 0
4 -2122 0
36 -2122 0
-4 -36 2122 0
31 -2123 0
454 -2123 0
-31 -454 2123 0
40 -2124 0
239 -2124 0
-40 -239 2124 0
231 -2125 0
458 -2125 0
-231 -458 2125 0
227 -2126 0
459 -2126 0
-227 -459 2126 0
35 -2127 0
40 -2127 0
-35 -40 2127 0
26 -2128 0
461 -2128 0
-26 -461 2128 0
22 -2129 0
462 -2129 0
-22 -462 2129 0
49 -2130 0
213 -2130 0
-49 -213 2130 0
242 -2131 0
466 -2131 0
-242 -466 2131 0
235 -2132 0
467 -2132 0
-235 -467 2132 0
4 -2133 0
49 -2133 0
-4 -49 2133 0
39 -2134 0
469 -2134 0
-39 -469 2134 0
31 -2135 0
470 -2135 0
-31 -470 2135 0
250 -2136 0
53 -2136 0
-250 -53 2136 0
227 -2137 0
474 -2137 0
-227 -474 2137 0
246 -2138 0
475 -2138 0
-246 -475 2138 0
48 -2139 0
53 -2139 0
-48 -53 2139 0
22 -2140 0
477 -2140 0
-22 -477 2140 0
44 -2141 0
478 -2141 0
-44 -478 2141 0
62 -2142 0
213 -2142 0
-62 -213 2142 0
235 -2143 0
482 -2143 0
-235 -482 2143 0
257 -2144 0
483 -2144 0
-257 -483 2144 0
62 -2145 0
4 -2145 0
-62 -4 2145 0
31 -2146 0
485 -2146 0
-31 -485 2146 0
57 -2147 0
486 -2147 0
-57 -486 2147 0
70 -2148 0
261 -2148 0
-70 -261 2148 0
253 -2149 0
490 -2149 0
-253 -490 2149 0
264 -2150 0
491 -2150 0
-264 -491 2150 0
61 -2151 0
70 -2151 0
-61 -70 2151 0
52 -2152 0
493 -2152 0
-52 -493 2152 0
65 -2153 0
494 -2153 0
-65 -494 2153 0
79 -2154 0
4 -2154 0
-79 -4 2154 0
69 -2155 0
500 -2155 0
-69 -500 2155 0
74 -2156 0
501 -2156 0
-74 -501 2156 0
78 -2157 0
91 -2157 0
-78 -91 2157 0
22 -2158 0
507 -2158 0
-22 -507 2158 0
86 -2159 0
508 -2159 0
-86 -508 2159 0
104 -2160 0
213 -2160 0
-104 -213 2160 0
235 -2161 0
512 -2161 0
-235 -512 2161 0
309 -2162 0
513 -2162 0
-309 -513 2162 0
104 -2163 0
4 -2163 0
-104 -4 2163 0
31 -2164 0
515 -2164 0
-31 -515 2164 0
99 -2165 0
516 -2165 0
-99 -516 2165 0
108 -2166 0
313 -2166 0
-108 -313 2166 0
301 -2167 0
520 -2167 0
-301 -520 2167 0
293 -2168 0
521 -2168 0
-293 -521 2168 0
264 -2169 0
522 -2169 0
-264 -522 2169 0
108 -2170 0
103 -2170 0
-108 -103 2170 0
90 -2171 0
524 -2171 0
-90 -524 2171 0
82 -2172 0
525 -2172 0
-82 -525 2172 0
65 -2173 0
526 -2173 0
-65 -526 2173 0
117 -2174 0
213 -2174 0
-117 -213 2174 0
316 -2175 0
530 -2175 0
-316 -530 2175 0
305 -2176 0
531 -2176 0
-305 -531 2176 0
279 -2177 0
532 -2177 0
-279 -532 2177 0
117 -2178 0
4 -2178 0
-117 -4 2178 0
107 -2179 0
534 -2179 0
-107 -534 2179 0
95 -2180 0
535 -2180 0
-95 -535 2180 0
74 -2181 0
536 -2181 0
-74 -536 2181 0
324 -2182 0
121 -2182 0
-324 -121 2182 0
227 -2183 0
540 -2183 0
-227 -540 2183 0
320 -2184 0
541 -2184 0
-320 -541 2184 0
297 -2185 0
542 -2185 0
-297 -542 2185 0
121 -2186 0
116 -2186 0
-121 -116 2186 0
22 -2187 0
544 -2187 0
-22 -544 2187 0
112 -2188 0
545 -2188 0
-112 -545 2188 0
86 -2189 0
546 -2189 0
-86 -546 2189 0
134 -2190 0
213 -2190 0
-134 -213 2190 0
235 -2191 0
550 -2191 0
-235 -550 2191 0
331 -2192 0
551 -2192 0
-331 -551 2192 0
309 -2193 0
552 -2193 0
-309 -552 2193 0
134 -2194 0
4 -2194 0
-134 -4 2194 0
31 -2195 0
554 -2195 0
-31 -554 2195 0
125 -2196 0
555 -2196 0
-125 -555 2196 0
99 -2197 0
556 -2197 0
-99 -556 2197 0
339 -2198 0
142 -2198 0
-339 -142 2198 0
327 -2199 0
560 -2199 0
-327 -560 2199 0
264 -2200 0
561 -2200 0
-264 -561 2200 0
335 -2201 0
562 -2201 0
-335 -562 2201 0
142 -2202 0
133 -2202 0
-142 -133 2202 0
120 -2203 0
564 -2203 0
-120 -564 2203 0
65 -2204 0
565 -2204 0
-65 -565 2204 0
129 -2205 0
566 -2205 0
-129 -566 2205 0
155 -2206 0
213 -2206 0
-155 -213 2206 0
346 -2207 0
570 -2207 0
-346 -570 2207 0
279 -2208 0
571 -2208 0
-279 -571 2208 0
342 -2209 0
572 -2209 0
-342 -572 2209 0
155 -2210 0
4 -2210 0
-155 -4 2210 0
141 -2211 0
574 -2211 0
-141 -574 2211 0
74 -2212 0
575 -2212 0
-74 -575 2212 0
137 -2213 0
576 -2213 0
-137 -576 2213 0
358 -2214 0
159 -2214 0
-358 -159 2214 0
227 -2215 0
580 -2215 0
-227 -580 2215 0
297 -2216 0
581 -2216 0
-297 -581 2216 0
354 -2217 0
582 -2217 0
-354 -582 2217 0
159 -2218 0
154 -2218 0
-159 -154 2218 0
22 -2219 0
584 -2219 0
-22 -584 2219 0
86 -2220 0
585 -2220 0
-86 -585 2220 0
150 -2221 0
586 -2221 0
-150 -586 2221 0
172 -2222 0
213 -2222 0
-172 -213 2222 0
235 -2223 0
590 -2223 0
-235 -590 2223 0
309 -2224 0
591 -2224 0
-309 -591 2224 0
371 -2225 0
592 -2225 0
-371 -592 2225 0
172 -2226 0
4 -2226 0
-172 -4 2226 0
31 -2227 0
594 -2227 0
-31 -594 2227 0
99 -2228 0
595 -2228 0
-99 -595 2228 0
167 -2229 0
596 -2229 0
-167 -596 2229 0
376 -2230 0
176 -2230 0
-376 -176 2230 0
364 -2231 0
600 -2231 0
-364 -600 2231 0
350 -2232 0
601 -2232 0
-350 -601 2232 0
335 -2233 0
264 -2233 0
-335 -264 2233 0
602 -2234 0
603 -2234 0
-602 -603 2234 0
176 -2235 0
171 -2235 0
-176 -171 2235 0
158 -2236 0
605 -2236 0
-158 -605 2236 0
146 -2237 0
606 -2237 0
-146 -606 2237 0
65 -2238 0
129 -2238 0
-65 -129 2238 0
607 -2239 0
608 -2239 0
-607 -608 2239 0
185 -2240 0
213 -2240 0
-185 -213 2240 0
379 -2241 0
612 -2241 0
-379 -612 2241 0
342 -2242 0
279 -2242 0
-342 -279 2242 0
614 -2243 0
615 -2243 0
-614 -615 2243 0
185 -2244 0
4 -2244 0
-185 -4 2244 0
175 -2245 0
617 -2245 0
-175 -617 2245 0
163 -2246 0
618 -2246 0
-163 -618 2246 0
74 -2247 0
137 -2247 0
-74 -137 2247 0
619 -2248 0
620 -2248 0
-619 -620 2248 0
189 -2249 0
387 -2249 0
-189 -387 2249 0
227 -2250 0
624 -2250 0
-227 -624 2250 0
383 -2251 0
625 -2251 0
-383 -625 2251 0
189 -2252 0
184 -2252 0
-189 -184 2252 0
22 -2253 0
629 -2253 0
-22 -629 2253 0
180 -2254 0
630 -2254 0
-180 -630 2254 0
86 -2255 0
150 -2255 0
-86 -150 2255 0
631 -2256 0
632 -2256 0
-631 -632 2256 0
198 -2257 0
213 -2257 0
-198 -213 2257 0
235 -2258 0
636 -2258 0
-235 -636 2258 0
400 -2259 0
637 -2259 0
-400 -637 2259 0
371 -2260 0
309 -2260 0
-371 -309 2260 0
638 -2261 0
639 -2261 0
-638 -639 2261 0
198 -2262 0
4 -2262 0
-198 -4 2262 0
31 -2263 0
641 -2263 0
-31 -641 2263 0
193 -2264 0
642 -2264 0
-193 -642 2264 0
99 -2265 0
167 -2265 0
-99 -167 2265 0
643 -2266 0
644 -2266 0
-643 -644 2266 0
404 -2267 0
202 -2267 0
-404 -202 2267 0
396 -2268 0
648 -2268 0
-396 -648 2268 0
264 -2269 0
649 -2269 0
-264 -649 2269 0
350 -2270 0
383 -2270 0
-350 -383 2270 0
335 -2271 0
651 -2271 0
-335 -651 2271 0
650 -2272 0
652 -2272 0
-650 -652 2272 0
202 -2273 0
197 -2273 0
-202 -197 2273 0
188 -2274 0
654 -2274 0
-188 -654 2274 0
65 -2275 0
655 -2275 0
-65 -655 2275 0
180 -2276 0
146 -2276 0
-180 -146 2276 0
129 -2277 0
657 -2277 0
-129 -657 2277 0
656 -2278 0
658 -2278 0
-656 -658 2278 0
207 -2279 0
213 -2279 0
-207 -213 2279 0
407 -2280 0
662 -2280 0
-407 -662 2280 0
279 -2281 0
663 -2281 0
-279 -663 2281 0
342 -2282 0
665 -2282 0
-342 -665 2282 0
664 -2283 0
666 -2283 0
-664 -666 2283 0
207 -2284 0
4 -2284 0
-207 -4 2284 0
201 -2285 0
668 -2285 0
-201 -668 2285 0
74 -2286 0
669 -2286 0
-74 -669 2286 0
193 -2287 0
163 -2287 0
-193 -163 2287 0
137 -2288 0
671 -2288 0
-137 -671 2288 0
670 -2289 0
672 -2289 0
-670 -672 2289 0
396 -2290 0
407 -2290 0
-396 -407 2290 0
383 -2291 0
677 -2291 0
-383 -677 2291 0
354 -2292 0
678 -2292 0
-354 -678 2292 0
415 -2293 0
206 -2293 0
-415 -206 2293 0
22 -2294 0
681 -2294 0
-22 -681 2294 0
86 -2295 0
682 -2295 0
-86 -682 2295 0
201 -2296 0
188 -2296 0
-201 -188 2296 0
180 -2297 0
684 -2297 0
-180 -684 2297 0
150 -2298 0
685 -2298 0
-150 -685 2298 0
683 -2299 0
686 -2299 0
-683 -686 2299 0
690 -2300 0
213 -2300 0
-690 -213 2300 0
235 -2301 0
691 -2301 0
-235 -691 2301 0
309 -2302 0
692 -2302 0
-309 -692 2302 0
411 -2303 0
-415 -2303 0
-411 415 2303 0
407 -2304 0
694 -2304 0
-407 -694 2304 0
400 -2305 0
-695 -2305 0
-400 695 2305 0
-400 -2306 0
695 -2306 0
400 -695 2306 0
-2305 -2307 0
-2306 -2307 0
2305 2306 2307 0
371 -2308 0
-696 -2308 0
-371 696 2308 0
693 -2309 0
697 -2309 0
-693 -697 2309 0
4 -2310 0
690 -2310 0
-4 -690 2310 0
31 -2311 0
699 -2311 0
-31 -699 2311 0
99 -2312 0
700 -2312 0
-99 -700 2312 0
-415 -2313 0
206 -2313 0
415 -206 2313 0
201 -2314 0
702 -2314 0
-201 -702 2314 0
193 -2315 0
703 -2315 0
-193 -703 2315 0
167 -2316 0
704 -2316 0
-167 -704 2316 0
701 -2317 0
705 -2317 0
-701 -705 2317 0
