c defined variables: 6 15 23 28 32 41 45 54 58 66 71 75 83 87 92 96 100 109 113 122 126 130 138 143 147 151 160 164 168 177 181 190 194 203 214 221 228 232 236 243 247 254 258 265 269 276 280 287 291 295 299 303 310 314 321 325 329 336 340 344 348 358 373 377 384 388 395 396 397 401 402 406 414 415 426 427 428 435 436 442 443 446 447 450 451 452 453 456 457 458 459 462 463 464 465 468 469 470 471 474 475 476 477 478 479 482 483 484 485 486 487 490 491 492 493 494 495 498 499 500 501 502 503 506 507 508 509 510 511 516 517 518 521 522 523 524 525 526 529 530 531 532 533 534 537 538 539 540 541 542 543 544 547 548 549 550 551 552 553 554 557 558 559 560 561 562 563 564 567 568 569 570 571 572 573 574 577 578 579 580 581 582 583 584 587 588 589 590 591 592 593 594 597 598 599 600 601 602 603 604 607 608 609 610 611 612 613 614 617 618 619 620 621 622 623 624 625 626 629 630 632 633 634 635 636 637 638 641 642 643 644 645 646 647 648 649 650 653 654 655 656 657 658 659 660 661 662 666 667 668 669 670 671 674 675 676 678 679 680 681 682 683 684 685 689 690 691 692 693 694 695 699 700 701 704 705 706 707 708 709 710 711 712 715 
p cnf 2327 2749
a 405 400 369 320 324 332 328 339 335 343 347 364 351 418 253 257 250 246 74 78 65 69 52 61 48 57 39 44 121 134 372 376 357 264 354 361 53 62 70 79 91 104 108 117 434 268 380 431 387 421 272 279 275 207 202 409 412 185 176 198 189 155 142 172 159 26 35 13 18 22 31 1 4 9 413 698 261 313 317 383 283 290 286 302 298 294 306 309 206 201 193 184 197 188 171 158 180 175 40 49 5 10 2 27 36 14 19 217 220 210 213 235 231 224 227 239 242 112 107 103 90 95 99 82 86 125 116 391 425 394 141 150 146 154 120 129 133 137 167 163 0
e 3 7 8 11 12 16 17 20 21 24 25 29 30 33 34 37 38 42 43 46 47 50 51 55 56 59 60 63 64 67 68 72 73 76 77 80 81 84 85 88 89 93 94 97 98 101 102 105 106 110 111 114 115 118 119 123 124 127 128 131 132 135 136 139 140 144 145 148 149 152 153 156 157 161 162 165 166 169 170 173 174 178 179 182 183 186 187 191 192 195 196 199 200 204 205 208 209 211 212 215 216 218 219 222 223 225 226 229 230 233 234 237 238 240 241 244 245 248 249 251 252 255 256 259 260 262 263 266 267 270 271 273 274 277 278 281 282 284 285 288 289 292 293 296 297 300 301 304 305 307 308 311 312 315 316 318 319 322 323 326 327 330 331 333 334 337 338 341 342 345 346 349 350 352 353 355 356 359 360 362 363 366 367 368 370 371 374 375 378 379 381 382 385 386 389 390 392 393 398 399 403 404 407 408 410 411 416 417 419 420 423 424 429 430 432 433 437 438 439 440 441 444 445 448 449 454 455 460 461 466 467 472 473 480 481 488 489 496 497 504 505 512 513 515 519 520 527 528 535 536 545 546 555 556 565 566 575 576 585 586 595 596 605 606 615 616 627 628 631 639 640 651 652 663 664 672 673 677 686 687 696 697 703 713 714 6 15 23 28 32 41 45 54 58 66 71 75 83 87 92 96 100 109 113 122 126 130 138 143 147 151 160 164 168 177 181 190 194 203 214 221 228 232 236 243 247 254 258 265 269 276 280 287 291 295 299 303 310 314 321 325 329 336 340 344 348 358 373 377 384 388 395 396 397 401 402 406 414 415 426 427 428 435 436 442 443 446 447 450 451 452 453 456 457 458 459 462 463 464 465 468 469 470 471 474 475 476 477 478 479 482 483 484 485 486 487 490 491 492 493 494 495 498 499 500 501 502 503 506 507 508 509 510 511 516 517 518 521 522 523 524 525 526 529 530 531 532 533 534 537 538 539 540 541 542 543 544 547 548 549 550 551 552 553 554 557 558 559 560 561 562 563 564 567 568 569 570 571 572 573 574 577 578 579 580 581 582 583 584 587 588 589 590 591 592 593 594 597 598 599 600 601 602 603 604 607 608 609 610 611 612 613 614 617 618 619 620 621 622 623 624 625 626 629 630 632 633 634 635 636 637 638 641 642 643 644 645 646 647 648 649 650 653 654 655 656 657 658 659 660 661 662 666 667 668 669 670 671 674 675 676 678 679 680 681 682 683 684 685 689 690 691 692 693 694 695 699 700 701 704 705 706 707 708 709 710 711 712 715 2042 2043 2044 2045 2046 2047 2048 2049 2050 2051 2052 2053 2054 2055 2056 2057 2058 2059 2060 2061 2062 2063 2064 2065 2066 2067 2068 2069 2070 2071 2072 2073 2074 2075 2076 2077 2078 2079 2080 2081 2082 2083 2084 2085 2086 2087 2088 2089 2090 2091 2092 2093 2094 2095 2096 2097 2098 2099 2100 2101 2102 2103 2104 2105 2106 2107 2108 2109 2110 2111 2112 2113 2114 2115 2116 2117 2118 2119 2120 2121 2122 2123 2124 2125 2126 2127 2128 2129 2130 2131 2132 2133 2134 2135 2136 2137 2138 2139 2140 2141 2142 2143 2144 2145 2146 2147 2148 2149 2150 2151 2152 2153 2154 2155 2156 2157 2158 2159 2160 2161 2162 2163 2164 2165 2166 2167 2168 2169 2170 2171 2172 2173 2174 2175 2176 2177 2178 2179 2180 2181 2182 2183 2184 2185 2186 2187 2188 2189 2190 2191 2192 2193 2194 2195 2196 2197 2198 2199 2200 2201 2202 2203 2204 2205 2206 2207 2208 2209 2210 2211 2212 2213 2214 2215 2216 2217 2218 2219 2220 2221 2222 2223 2224 2225 2226 2227 2228 2229 2230 2231 2232 2233 2234 2235 2236 2237 2238 2239 2240 2241 2242 2243 2244 2245 2246 2247 2248 2249 2250 2251 2252 2253 2254 2255 2256 2257 2258 2259 2260 2261 2262 2263 2264 2265 2266 2267 2268 2269 2270 2271 2272 2273 2274 2275 2276 2277 2278 2279 2280 2281 2282 2283 2284 2285 2286 2287 2288 2289 2290 2291 2292 2293 2294 2295 2296 2297 2298 2299 2300 2301 2302 2303 2304 2305 2306 2307 2308 2309 2310 2311 2312 2313 2314 2315 2316 2317 2318 2319 2320 2321 2322 2323 2324 2325 2326 2327 0
d 514 275 272 0
d 665 400 394 0
d 365 354 361 0
d 422 418 412 0
d 688 421 425 0
d 702 434 431 0
2043 -6 0
-2043 6 0
2044 -15 0
-2044 15 0
2045 -23 0
-2045 23 0
2046 -28 0
-2046 28 0
2047 -32 0
-2047 32 0
2048 -41 0
-2048 41 0
2049 -45 0
-2049 45 0
2050 -54 0
-2050 54 0
2051 -58 0
-2051 58 0
2052 -66 0
-2052 66 0
2053 -71 0
-2053 71 0
2054 -75 0
-2054 75 0
2055 -83 0
-2055 83 0
2056 -87 0
-2056 87 0
2057 -92 0
-2057 92 0
2058 -96 0
-2058 96 0
2059 -100 0
-2059 100 0
2060 -109 0
-2060 109 0
2061 -113 0
-2061 113 0
2062 -122 0
-2062 122 0
2063 -126 0
-2063 126 0
2064 -130 0
-2064 130 0
2065 -138 0
-2065 138 0
2066 -143 0
-2066 143 0
2067 -147 0
-2067 147 0
2068 -151 0
-2068 151 0
2069 -160 0
-2069 160 0
2070 -164 0
-2070 164 0
2071 -168 0
-2071 168 0
2072 -177 0
-2072 177 0
2073 -181 0
-2073 181 0
2074 -190 0
-2074 190 0
2075 -194 0
-2075 194 0
2076 -203 0
-2076 203 0
2077 -214 0
-2077 214 0
2078 -221 0
-2078 221 0
2079 -228 0
-2079 228 0
2080 -232 0
-2080 232 0
2081 -236 0
-2081 236 0
2082 -243 0
-2082 243 0
2083 -247 0
-2083 247 0
2084 -254 0
-2084 254 0
2085 -258 0
-2085 258 0
2086 -265 0
-2086 265 0
2087 -269 0
-2087 269 0
2088 -276 0
-2088 276 0
2089 -280 0
-2089 280 0
2090 -287 0
-2090 287 0
2091 -291 0
-2091 291 0
2092 -295 0
-2092 295 0
2093 -299 0
-2093 299 0
2094 -303 0
-2094 303 0
2095 -310 0
-2095 310 0
2096 -314 0
-2096 314 0
2097 -321 0
-2097 321 0
2098 -325 0
-2098 325 0
2099 -329 0
-2099 329 0
2100 -336 0
-2100 336 0
2101 -340 0
-2101 340 0
2102 -344 0
-2102 344 0
2103 -348 0
-2103 348 0
2104 -358 0
-2104 358 0
2105 -373 0
-2105 373 0
2106 -377 0
-2106 377 0
2107 -384 0
-2107 384 0
2108 -388 0
-2108 388 0
2109 -395 0
-2109 395 0
2110 -396 0
-2110 396 0
2111 -397 0
-2111 397 0
2112 -401 0
-2112 401 0
2113 -402 0
-2113 402 0
2114 -406 0
-2114 406 0
2115 -414 0
-2115 414 0
2116 -415 0
-2116 415 0
2117 -426 0
-2117 426 0
2118 -427 0
-2118 427 0
2119 -428 0
-2119 428 0
2120 -435 0
-2120 435 0
2121 -436 0
-2121 436 0
2122 -442 0
-2122 442 0
2123 -443 0
-2123 443 0
2124 -446 0
-2124 446 0
2125 -447 0
-2125 447 0
2126 -450 0
-2126 450 0
2127 -451 0
-2127 451 0
2128 -452 0
-2128 452 0
2129 -453 0
-2129 453 0
2130 -456 0
-2130 456 0
2131 -457 0
-2131 457 0
2132 -458 0
-2132 458 0
2133 -459 0
-2133 459 0
2134 -462 0
-2134 462 0
2135 -463 0
-2135 463 0
2136 -464 0
-2136 464 0
2137 -465 0
-2137 465 0
2138 -468 0
-2138 468 0
2139 -469 0
-2139 469 0
2140 -470 0
-2140 470 0
2141 -471 0
-2141 471 0
2142 -474 0
-2142 474 0
2143 -475 0
-2143 475 0
2144 -476 0
-2144 476 0
2145 -477 0
-2145 477 0
2146 -478 0
-2146 478 0
2147 -479 0
-2147 479 0
2148 -482 0
-2148 482 0
2149 -483 0
-2149 483 0
2150 -484 0
-2150 484 0
2151 -485 0
-2151 485 0
2152 -486 0
-2152 486 0
2153 -487 0
-2153 487 0
2154 -490 0
-2154 490 0
2155 -491 0
-2155 491 0
2156 -492 0
-2156 492 0
2157 -493 0
-2157 493 0
2158 -494 0
-2158 494 0
2159 -495 0
-2159 495 0
2160 -498 0
-2160 498 0
2161 -499 0
-2161 499 0
2162 -500 0
-2162 500 0
2163 -501 0
-2163 501 0
2164 -502 0
-2164 502 0
2165 -503 0
-2165 503 0
2166 -506 0
-2166 506 0
2167 -507 0
-2167 507 0
2168 -508 0
-2168 508 0
2169 -509 0
-2169 509 0
2170 -510 0
-2170 510 0
2171 -511 0
-2171 511 0
2172 -516 0
-2172 516 0
2173 -517 0
-2173 517 0
2174 -518 0
-2174 518 0
2175 -521 0
-2175 521 0
2176 -522 0
-2176 522 0
2177 -523 0
-2177 523 0
2178 -524 0
-2178 524 0
2179 -525 0
-2179 525 0
2180 -526 0
-2180 526 0
2181 -529 0
-2181 529 0
2182 -530 0
-2182 530 0
2185 -531 0
-2185 531 0
2186 -532 0
-2186 532 0
2187 -533 0
-2187 533 0
2188 -534 0
-2188 534 0
2189 -537 0
-2189 537 0
2190 -538 0
-2190 538 0
2191 -539 0
-2191 539 0
2192 -540 0
-2192 540 0
2193 -541 0
-2193 541 0
2194 -542 0
-2194 542 0
2195 -543 0
-2195 543 0
2196 -544 0
-2196 544 0
2197 -547 0
-2197 547 0
2198 -548 0
-2198 548 0
2199 -549 0
-2199 549 0
2200 -550 0
-2200 550 0
2201 -551 0
-2201 551 0
2202 -552 0
-2202 552 0
2203 -553 0
-2203 553 0
2204 -554 0
-2204 554 0
2205 -557 0
-2205 557 0
2206 -558 0
-2206 558 0
2207 -559 0
-2207 559 0
2208 -560 0
-2208 560 0
2209 -561 0
-2209 561 0
2210 -562 0
-2210 562 0
2211 -563 0
-2211 563 0
2212 -564 0
-2212 564 0
2213 -567 0
-2213 567 0
2214 -568 0
-2214 568 0
2215 -569 0
-2215 569 0
2216 -570 0
-2216 570 0
2217 -571 0
-2217 571 0
2218 -572 0
-2218 572 0
2219 -573 0
-2219 573 0
2220 -574 0
-2220 574 0
2221 -577 0
-2221 577 0
2222 -578 0
-2222 578 0
2223 -579 0
-2223 579 0
2224 -580 0
-2224 580 0
2225 -581 0
-2225 581 0
2226 -582 0
-2226 582 0
2227 -583 0
-2227 583 0
2228 -584 0
-2228 584 0
2229 -587 0
-2229 587 0
2230 -588 0
-2230 588 0
2231 -589 0
-2231 589 0
2232 -590 0
-2232 590 0
2233 -591 0
-2233 591 0
2234 -592 0
-2234 592 0
2235 -593 0
-2235 593 0
2236 -594 0
-2236 594 0
2237 -597 0
-2237 597 0
2238 -598 0
-2238 598 0
2239 -599 0
-2239 599 0
2240 -600 0
-2240 600 0
2241 -601 0
-2241 601 0
2242 -602 0
-2242 602 0
2243 -603 0
-2243 603 0
2244 -604 0
-2244 604 0
2245 -607 0
-2245 607 0
2246 -608 0
-2246 608 0
2247 -609 0
-2247 609 0
2248 -610 0
-2248 610 0
2249 -611 0
-2249 611 0
2250 -612 0
-2250 612 0
2251 -613 0
-2251 613 0
2252 -614 0
-2252 614 0
2253 -617 0
-2253 617 0
2254 -618 0
-2254 618 0
2255 -619 0
-2255 619 0
2256 -620 0
-2256 620 0
2257 -621 0
-2257 621 0
2258 -622 0
-2258 622 0
2259 -623 0
-2259 623 0
2260 -624 0
-2260 624 0
2261 -625 0
-2261 625 0
2262 -626 0
-2262 626 0
2263 -629 0
-2263 629 0
2264 -630 0
-2264 630 0
2265 -632 0
-2265 632 0
2266 -633 0
-2266 633 0
2267 -634 0
-2267 634 0
2268 -635 0
-2268 635 0
2269 -636 0
-2269 636 0
2270 -637 0
-2270 637 0
2271 -638 0
-2271 638 0
2272 -641 0
-2272 641 0
2273 -642 0
-2273 642 0
2274 -643 0
-2274 643 0
2275 -644 0
-2275 644 0
2276 -645 0
-2276 645 0
2277 -646 0
-2277 646 0
2278 -647 0
-2278 647 0
2279 -648 0
-2279 648 0
2280 -649 0
-2280 649 0
2281 -650 0
-2281 650 0
2282 -653 0
-2282 653 0
2283 -654 0
-2283 654 0
2284 -655 0
-2284 655 0
2285 -656 0
-2285 656 0
2286 -657 0
-2286 657 0
2287 -658 0
-2287 658 0
2288 -659 0
-2288 659 0
2289 -660 0
-2289 660 0
2290 -661 0
-2290 661 0
2291 -662 0
-2291 662 0
2292 -666 0
-2292 666 0
2293 -667 0
-2293 667 0
2294 -668 0
-2294 668 0
2295 -669 0
-2295 669 0
2296 -670 0
-2296 670 0
2297 -671 0
-2297 671 0
2298 -674 0
-2298 674 0
2299 -675 0
-2299 675 0
2300 -676 0
-2300 676 0
2301 -678 0
-2301 678 0
2302 -679 0
-2302 679 0
2303 -680 0
-2303 680 0
2304 -681 0
-2304 681 0
2305 -682 0
-2305 682 0
2306 -683 0
-2306 683 0
2307 -684 0
-2307 684 0
2308 -685 0
-2308 685 0
2309 -689 0
-2309 689 0
2310 -690 0
-2310 690 0
2311 -691 0
-2311 691 0
2312 -692 0
-2312 692 0
2313 -693 0
-2313 693 0
2314 -694 0
-2314 694 0
2315 -695 0
-2315 695 0
2316 -699 0
-2316 699 0
2317 -700 0
-2317 700 0
2318 -701 0
-2318 701 0
2319 -704 0
-2319 704 0
2320 -705 0
-2320 705 0
2321 -706 0
-2321 706 0
2322 -707 0
-2322 707 0
2323 -708 0
-2323 708 0
2324 -709 0
-2324 709 0
2325 -710 0
-2325 710 0
2326 -711 0
-2326 711 0
2327 -712 0
-2327 712 0
2042 -715 0
-2042 715 0
715 0
-715 438 714 0
-438 433 -437 0
-433 430 -432 0
-430 424 -429 0
-424 420 -423 0
-420 417 -419 0
-417 411 -416 0
-411 408 -410 0
-408 404 -407 0
-404 399 -403 0
-399 393 -398 0
-393 390 -392 0
-390 386 -389 0
-386 382 -385 0
-382 379 -381 0
-379 375 -378 0
-375 371 -374 0
-371 368 -370 0
-368 363 -367 0
-363 360 -362 0
-360 356 -359 0
-356 353 -355 0
-353 350 -352 0
-350 346 -349 0
-346 342 -345 0
-342 338 -341 0
-338 334 -337 0
-334 331 -333 0
-331 327 -330 0
-327 323 -326 0
-323 319 -322 0
-319 316 -318 0
-316 312 -315 0
-312 308 -311 0
-308 305 -307 0
-305 301 -304 0
-301 297 -300 0
-297 293 -296 0
-293 289 -292 0
-289 285 -288 0
-285 282 -284 0
-282 278 -281 0
-278 274 -277 0
-274 271 -273 0
-271 267 -270 0
-267 263 -266 0
-263 260 -262 0
-260 256 -259 0
-256 252 -255 0
-252 249 -251 0
-249 245 -248 0
-245 241 -244 0
-241 238 -240 0
-238 234 -237 0
-234 230 -233 0
-230 226 -229 0
-226 223 -225 0
-223 219 -222 0
-219 216 -218 0
-216 212 -215 0
-212 209 -211 0
-209 205 -208 0
-205 200 -204 0
-200 196 -199 0
-196 192 -195 0
-192 187 -191 0
-187 183 -186 0
-183 179 -182 0
-179 174 -178 0
-174 170 -173 0
-170 166 -169 0
-166 162 -165 0
-162 157 -161 0
-157 153 -156 0
-153 149 -152 0
-149 145 -148 0
-145 140 -144 0
-140 136 -139 0
-136 132 -135 0
-132 128 -131 0
-128 124 -127 0
-124 119 -123 0
-119 115 -118 0
-115 111 -114 0
-111 106 -110 0
-106 102 -105 0
-102 98 -101 0
-98 94 -97 0
-94 89 -93 0
-89 85 -88 0
-85 81 -84 0
-81 77 -80 0
-77 73 -76 0
-73 68 -72 0
-68 64 -67 0
-64 60 -63 0
-60 56 -59 0
-56 51 -55 0
-51 47 -50 0
-47 43 -46 0
-43 38 -42 0
-38 34 -37 0
-34 30 -33 0
-30 25 -29 0
-25 21 -24 0
-21 17 -20 0
-17 12 -16 0
-12 8 -11 0
-8 -3 -7 0
1 -2 3 0
-1 2 3 0
4 6 7 0
-4 -6 7 0
-1 5 6 0
-6 1 0
-6 -5 0
9 -10 11 0
-9 10 11 0
13 15 16 0
-13 -15 16 0
-9 14 15 0
-15 9 0
-15 -14 0
18 -19 20 0
-18 19 20 0
22 23 24 0
-22 -23 24 0
-4 -13 23 0
-23 4 0
-23 13 0
26 28 29 0
-26 -28 29 0
-18 27 28 0
-28 18 0
-28 -27 0
31 32 33 0
-31 -32 33 0
-13 -26 32 0
-32 13 0
-32 26 0
35 -36 37 0
-35 36 37 0
39 41 42 0
-39 -41 42 0
-35 40 41 0
-41 35 0
-41 -40 0
44 45 46 0
-44 -45 46 0
-26 -39 45 0
-45 26 0
-45 39 0
48 -49 50 0
-48 49 50 0
52 54 55 0
-52 -54 55 0
-48 53 54 0
-54 48 0
-54 -53 0
57 58 59 0
-57 -58 59 0
-39 -52 58 0
-58 39 0
-58 52 0
61 -62 63 0
-61 62 63 0
65 66 67 0
-65 -66 67 0
-22 -44 66 0
-66 22 0
-66 44 0
69 71 72 0
-69 -71 72 0
-61 70 71 0
-71 61 0
-71 -70 0
74 75 76 0
-74 -75 76 0
-31 -57 75 0
-75 31 0
-75 57 0
78 -79 80 0
-78 79 80 0
82 83 84 0
-82 -83 84 0
-52 -69 83 0
-83 52 0
-83 69 0
86 87 88 0
-86 -87 88 0
-44 -82 87 0
-87 44 0
-87 82 0
90 92 93 0
-90 -92 93 0
-78 91 92 0
-92 78 0
-92 -91 0
95 96 97 0
-95 -96 97 0
-69 -90 96 0
-96 69 0
-96 90 0
99 100 101 0
-99 -100 101 0
-57 -95 100 0
-100 57 0
-100 95 0
103 -104 105 0
-103 104 105 0
107 109 110 0
-107 -109 110 0
-103 108 109 0
-109 103 0
-109 -108 0
112 113 114 0
-112 -113 114 0
-90 -107 113 0
-113 90 0
-113 107 0
116 -117 118 0
-116 117 118 0
120 122 123 0
-120 -122 123 0
-116 121 122 0
-122 116 0
-122 -121 0
125 126 127 0
-125 -126 127 0
-107 -120 126 0
-126 107 0
-126 120 0
129 130 131 0
-129 -130 131 0
-82 -112 130 0
-130 82 0
-130 112 0
133 -134 135 0
-133 134 135 0
137 138 139 0
-137 -138 139 0
-95 -125 138 0
-138 95 0
-138 125 0
141 143 144 0
-141 -143 144 0
-133 142 143 0
-143 133 0
-143 -142 0
146 147 148 0
-146 -147 148 0
-120 -141 147 0
-147 120 0
-147 141 0
150 151 152 0
-150 -151 152 0
-112 -146 151 0
-151 112 0
-151 146 0
154 -155 156 0
-154 155 156 0
158 160 161 0
-158 -160 161 0
-154 159 160 0
-160 154 0
-160 -159 0
163 164 165 0
-163 -164 165 0
-141 -158 164 0
-164 141 0
-164 158 0
167 168 169 0
-167 -168 169 0
-125 -163 168 0
-168 125 0
-168 163 0
171 -172 173 0
-171 172 173 0
175 177 178 0
-175 -177 178 0
-171 176 177 0
-177 171 0
-177 -176 0
180 181 182 0
-180 -181 182 0
-158 -175 181 0
-181 158 0
-181 175 0
184 -185 186 0
-184 185 186 0
188 190 191 0
-188 -190 191 0
-184 189 190 0
-190 184 0
-190 -189 0
193 194 195 0
-193 -194 195 0
-175 -188 194 0
-194 175 0
-194 188 0
197 -198 199 0
-197 198 199 0
201 203 204 0
-201 -203 204 0
-197 202 203 0
-203 197 0
-203 -202 0
206 -207 208 0
-206 207 208 0
210 -2 211 0
-210 2 211 0
213 214 215 0
-213 -214 215 0
-210 5 214 0
-214 210 0
-214 -5 0
217 -10 218 0
-217 10 218 0
220 221 222 0
-220 -221 222 0
-217 14 221 0
-221 217 0
-221 -14 0
224 -19 225 0
-224 19 225 0
227 228 229 0
-227 -228 229 0
-213 -220 228 0
-228 213 0
-228 220 0
231 232 233 0
-231 -232 233 0
-224 27 232 0
-232 224 0
-232 -27 0
235 236 237 0
-235 -236 237 0
-220 -231 236 0
-236 220 0
-236 231 0
239 -36 240 0
-239 36 240 0
242 243 244 0
-242 -243 244 0
-239 40 243 0
-243 239 0
-243 -40 0
246 247 248 0
-246 -247 248 0
-231 -242 247 0
-247 231 0
-247 242 0
250 -49 251 0
-250 49 251 0
253 254 255 0
-253 -254 255 0
-250 53 254 0
-254 250 0
-254 -53 0
257 258 259 0
-257 -258 259 0
-242 -253 258 0
-258 242 0
-258 253 0
261 -62 262 0
-261 62 262 0
264 265 266 0
-264 -265 266 0
-227 -246 265 0
-265 227 0
-265 246 0
268 269 270 0
-268 -269 270 0
-261 70 269 0
-269 261 0
-269 -70 0
272 268 273 0
-272 -268 273 0
275 276 277 0
-275 -276 277 0
-79 -213 276 0
-276 79 0
-276 213 0
279 280 281 0
-279 -280 281 0
-235 -257 280 0
-280 235 0
-280 257 0
283 -79 284 0
-283 79 284 0
286 287 288 0
-286 -287 288 0
-253 -268 287 0
-287 253 0
-287 268 0
290 291 292 0
-290 -291 292 0
-246 -286 291 0
-291 246 0
-291 286 0
294 295 296 0
-294 -295 296 0
-283 91 295 0
-295 283 0
-295 -91 0
298 299 300 0
-298 -299 300 0
-268 -294 299 0
-299 268 0
-299 294 0
302 303 304 0
-302 -303 304 0
-257 -298 303 0
-303 257 0
-303 298 0
306 -104 307 0
-306 104 307 0
309 310 311 0
-309 -310 311 0
-306 108 310 0
-310 306 0
-310 -108 0
313 314 315 0
-313 -314 315 0
-294 -309 314 0
-314 294 0
-314 309 0
317 -117 318 0
-317 117 318 0
320 321 322 0
-320 -321 322 0
-317 121 321 0
-321 317 0
-321 -121 0
324 325 326 0
-324 -325 326 0
-309 -320 325 0
-325 309 0
-325 320 0
328 329 330 0
-328 -329 330 0
-286 -313 329 0
-329 286 0
-329 313 0
332 -134 333 0
-332 134 333 0
335 336 337 0
-335 -336 337 0
-298 -324 336 0
-336 298 0
-336 324 0
339 340 341 0
-339 -340 341 0
-332 142 340 0
-340 332 0
-340 -142 0
343 344 345 0
-343 -344 345 0
-320 -339 344 0
-344 320 0
-344 339 0
347 348 349 0
-347 -348 349 0
-313 -343 348 0
-348 313 0
-348 343 0
351 -155 352 0
-351 155 352 0
354 339 355 0
-354 -339 355 0
357 358 359 0
-357 -358 359 0
-351 159 358 0
-358 351 0
-358 -159 0
361 357 362 0
-361 -357 362 0
364 366 367 0
-364 -366 367 0
-324 -365 366 0
-366 324 0
-366 365 0
369 -172 370 0
-369 172 370 0
372 373 374 0
-372 -373 374 0
-369 176 373 0
-373 369 0
-373 -176 0
376 377 378 0
-376 -377 378 0
-357 -372 377 0
-377 357 0
-377 372 0
380 -185 381 0
-380 185 381 0
383 384 385 0
-383 -384 385 0
-380 189 384 0
-384 380 0
-384 -189 0
387 388 389 0
-387 -388 389 0
-372 -383 388 0
-388 372 0
-388 383 0
391 -198 392 0
-391 198 392 0
394 397 398 0
-394 -397 398 0
-396 -264 397 0
-383 -395 396 0
-391 -202 395 0
-397 396 0
-397 264 0
-396 383 0
-396 395 0
-395 391 0
-395 202 0
400 402 403 0
-400 -402 403 0
-328 -401 402 0
-343 -376 401 0
-402 328 0
-402 401 0
-401 343 0
-401 376 0
405 406 407 0
-405 -406 407 0
-391 202 406 0
-406 391 0
-406 -202 0
409 -207 410 0
-409 207 410 0
412 415 416 0
-412 -415 416 0
-414 -227 415 0
-409 -413 414 0
-415 414 0
-415 227 0
-414 409 0
-414 413 0
418 290 419 0
-418 -290 419 0
421 422 423 0
-421 -422 423 0
425 428 429 0
-425 -428 429 0
-347 -427 428 0
-376 -426 427 0
-383 -405 426 0
-428 347 0
-428 427 0
-427 376 0
-427 426 0
-426 383 0
-426 405 0
431 387 432 0
-431 -387 432 0
434 436 437 0
-434 -436 437 0
-405 -435 436 0
-409 413 435 0
-436 405 0
-436 435 0
-435 409 0
-435 -413 0
-714 697 0
-714 713 0
-697 687 0
-697 696 0
-687 673 0
-687 686 0
-673 664 0
-673 672 0
-664 652 0
-664 663 0
-652 640 0
-652 651 0
-640 628 0
-640 639 0
-628 616 0
-628 627 0
-616 606 0
-616 615 0
-606 596 0
-606 605 0
-596 586 0
-596 595 0
-586 576 0
-586 585 0
-576 566 0
-576 575 0
-566 556 0
-566 565 0
-556 546 0
-556 555 0
-546 536 0
-546 545 0
-536 528 0
-536 535 0
-528 520 0
-528 527 0
-520 513 0
-520 519 0
-513 505 0
-513 512 0
-505 497 0
-505 504 0
-497 489 0
-497 496 0
-489 481 0
-489 488 0
-481 473 0
-481 480 0
-473 467 0
-473 472 0
-467 461 0
-467 466 0
-461 455 0
-461 460 0
-455 449 0
-455 454 0
-449 445 0
-449 448 0
-445 441 0
-445 444 0
-441 439 0
-441 440 0
-439 -2 2 0
-439 2 -2 0
-440 -2 2 0
-440 2 -2 0
-444 -442 443 0
-444 442 -443 0
-442 210 0
-442 5 0
-443 1 0
-443 5 0
-210 -5 442 0
-1 -5 443 0
-448 -446 447 0
-448 446 -447 0
-446 10 0
-446 213 0
-447 10 0
-447 4 0
-10 -213 446 0
-10 -4 447 0
-454 -451 453 0
-454 451 -453 0
-451 213 0
-451 450 0
-450 217 0
-450 14 0
-453 4 0
-453 452 0
-452 9 0
-452 14 0
-213 -450 451 0
-217 -14 450 0
-4 -452 453 0
-9 -14 452 0
-460 -457 459 0
-460 457 -459 0
-457 220 0
-457 456 0
-456 19 0
-456 213 0
-459 13 0
-459 458 0
-458 19 0
-458 4 0
-220 -456 457 0
-19 -213 456 0
-13 -458 459 0
-19 -4 458 0
-466 -463 465 0
-466 463 -465 0
-463 462 0
-463 227 0
-462 224 0
-462 27 0
-465 464 0
-465 22 0
-464 18 0
-464 27 0
-462 -227 463 0
-224 -27 462 0
-464 -22 465 0
-18 -27 464 0
-472 -469 471 0
-472 469 -471 0
-469 468 0
-469 235 0
-468 36 0
-468 213 0
-471 470 0
-471 31 0
-470 36 0
-470 4 0
-468 -235 469 0
-36 -213 468 0
-470 -31 471 0
-36 -4 470 0
-480 -476 479 0
-480 476 -479 0
-476 227 0
-476 475 0
-475 231 0
-475 474 0
-474 239 0
-474 40 0
-479 22 0
-479 478 0
-478 26 0
-478 477 0
-477 35 0
-477 40 0
-227 -475 476 0
-231 -474 475 0
-239 -40 474 0
-22 -478 479 0
-26 -477 478 0
-35 -40 477 0
-488 -484 487 0
-488 484 -487 0
-484 235 0
-484 483 0
-483 242 0
-483 482 0
-482 49 0
-482 213 0
-487 31 0
-487 486 0
-486 39 0
-486 485 0
-485 49 0
-485 4 0
-235 -483 484 0
-242 -482 483 0
-49 -213 482 0
-31 -486 487 0
-39 -485 486 0
-49 -4 485 0
-496 -492 495 0
-496 492 -495 0
-492 246 0
-492 491 0
-491 490 0
-491 227 0
-490 250 0
-490 53 0
-495 44 0
-495 494 0
-494 493 0
-494 22 0
-493 48 0
-493 53 0
-246 -491 492 0
-490 -227 491 0
-250 -53 490 0
-44 -494 495 0
-493 -22 494 0
-48 -53 493 0
-504 -500 503 0
-504 500 -503 0
-500 257 0
-500 499 0
-499 498 0
-499 235 0
-498 62 0
-498 213 0
-503 57 0
-503 502 0
-502 501 0
-502 31 0
-501 62 0
-501 4 0
-257 -499 500 0
-498 -235 499 0
-62 -213 498 0
-57 -502 503 0
-501 -31 502 0
-62 -4 501 0
-512 -508 511 0
-512 508 -511 0
-508 507 0
-508 264 0
-507 253 0
-507 506 0
-506 261 0
-506 70 0
-511 510 0
-511 65 0
-510 52 0
-510 509 0
-509 61 0
-509 70 0
-507 -264 508 0
-253 -506 507 0
-261 -70 506 0
-510 -65 511 0
-52 -509 510 0
-61 -70 509 0
-519 -515 518 0
-519 515 -518 0
-515 514 0
-515 279 0
-518 517 0
-518 74 0
-517 69 0
-517 516 0
-516 79 0
-516 4 0
-514 -279 515 0
-517 -74 518 0
-69 -516 517 0
-79 -4 516 0
-527 -523 526 0
-527 523 -526 0
-523 522 0
-523 290 0
-522 521 0
-522 227 0
-521 283 0
-521 91 0
-526 525 0
-526 86 0
-525 524 0
-525 22 0
-524 78 0
-524 91 0
-522 -290 523 0
-521 -227 522 0
-283 -91 521 0
-525 -86 526 0
-524 -22 525 0
-78 -91 524 0
-535 531 534 0
-535 -531 -534 0
530 302 531 0
-530 -302 531 0
-529 -235 530 0
-104 -213 529 0
-530 529 0
-530 235 0
-529 104 0
-529 213 0
-534 533 0
-534 99 0
-533 532 0
-533 31 0
-532 104 0
-532 4 0
-531 -530 302 0
-531 530 -302 0
-530 529 0
-530 235 0
-529 104 0
-529 213 0
-529 -235 530 0
-104 -213 529 0
-533 -99 534 0
-532 -31 533 0
-104 -4 532 0
-545 -540 544 0
-545 540 -544 0
-540 264 0
-540 539 0
-539 286 0
-539 538 0
-538 294 0
-538 537 0
-537 306 0
-537 108 0
-544 65 0
-544 543 0
-543 82 0
-543 542 0
-542 90 0
-542 541 0
-541 103 0
-541 108 0
-264 -539 540 0
-286 -538 539 0
-294 -537 538 0
-306 -108 537 0
-65 -543 544 0
-82 -542 543 0
-90 -541 542 0
-103 -108 541 0
-555 -550 554 0
-555 550 -554 0
-550 279 0
-550 549 0
-549 298 0
-549 548 0
-548 309 0
-548 547 0
-547 117 0
-547 213 0
-554 74 0
-554 553 0
-553 95 0
-553 552 0
-552 107 0
-552 551 0
-551 117 0
-551 4 0
-279 -549 550 0
-298 -548 549 0
-309 -547 548 0
-117 -213 547 0
-74 -553 554 0
-95 -552 553 0
-107 -551 552 0
-117 -4 551 0
-565 -560 564 0
-565 560 -564 0
-560 290 0
-560 559 0
-559 313 0
-559 558 0
-558 557 0
-558 227 0
-557 317 0
-557 121 0
-564 86 0
-564 563 0
-563 112 0
-563 562 0
-562 561 0
-562 22 0
-561 116 0
-561 121 0
-290 -559 560 0
-313 -558 559 0
-557 -227 558 0
-317 -121 557 0
-86 -563 564 0
-112 -562 563 0
-561 -22 562 0
-116 -121 561 0
-575 -570 574 0
-575 570 -574 0
-570 302 0
-570 569 0
-569 324 0
-569 568 0
-568 567 0
-568 235 0
-567 134 0
-567 213 0
-574 99 0
-574 573 0
-573 125 0
-573 572 0
-572 571 0
-572 31 0
-571 134 0
-571 4 0
-302 -569 570 0
-324 -568 569 0
-567 -235 568 0
-134 -213 567 0
-99 -573 574 0
-125 -572 573 0
-571 -31 572 0
-134 -4 571 0
-585 -580 584 0
-585 580 -584 0
-580 328 0
-580 579 0
-579 578 0
-579 264 0
-578 320 0
-578 577 0
-577 332 0
-577 142 0
-584 129 0
-584 583 0
-583 582 0
-583 65 0
-582 120 0
-582 581 0
-581 133 0
-581 142 0
-328 -579 580 0
-578 -264 579 0
-320 -577 578 0
-332 -142 577 0
-129 -583 584 0
-582 -65 583 0
-120 -581 582 0
-133 -142 581 0
-595 -590 594 0
-595 590 -594 0
-590 335 0
-590 589 0
-589 588 0
-589 279 0
-588 339 0
-588 587 0
-587 155 0
-587 213 0
-594 137 0
-594 593 0
-593 592 0
-593 74 0
-592 141 0
-592 591 0
-591 155 0
-591 4 0
-335 -589 590 0
-588 -279 589 0
-339 -587 588 0
-155 -213 587 0
-137 -593 594 0
-592 -74 593 0
-141 -591 592 0
-155 -4 591 0
-605 -600 604 0
-605 600 -604 0
-600 347 0
-600 599 0
-599 598 0
-599 290 0
-598 597 0
-598 227 0
-597 351 0
-597 159 0
-604 150 0
-604 603 0
-603 602 0
-603 86 0
-602 601 0
-602 22 0
-601 154 0
-601 159 0
-347 -599 600 0
-598 -290 599 0
-597 -227 598 0
-351 -159 597 0
-150 -603 604 0
-602 -86 603 0
-601 -22 602 0
-154 -159 601 0
-615 -610 614 0
-615 610 -614 0
-610 364 0
-610 609 0
-609 608 0
-609 302 0
-608 607 0
-608 235 0
-607 172 0
-607 213 0
-614 167 0
-614 613 0
-613 612 0
-613 99 0
-612 611 0
-612 31 0
-611 172 0
-611 4 0
-364 -609 610 0
-608 -302 609 0
-607 -235 608 0
-172 -213 607 0
-167 -613 614 0
-612 -99 613 0
-611 -31 612 0
-172 -4 611 0
-627 -621 626 0
-627 621 -626 0
-621 619 0
-621 620 0
-619 343 0
-619 618 0
-618 357 0
-618 617 0
-617 369 0
-617 176 0
-620 264 0
-620 328 0
-626 624 0
-626 625 0
-624 146 0
-624 623 0
-623 158 0
-623 622 0
-622 171 0
-622 176 0
-625 65 0
-625 129 0
-619 -620 621 0
-343 -618 619 0
-357 -617 618 0
-369 -176 617 0
-264 -328 620 0
-624 -625 626 0
-146 -623 624 0
-158 -622 623 0
-171 -176 622 0
-65 -129 625 0
-639 -633 638 0
-639 633 -638 0
-633 631 0
-633 632 0
-631 365 0
-631 630 0
-630 372 0
-630 629 0
-629 185 0
-629 213 0
-632 279 0
-632 335 0
-638 636 0
-638 637 0
-636 163 0
-636 635 0
-635 175 0
-635 634 0
-634 185 0
-634 4 0
-637 74 0
-637 137 0
-631 -632 633 0
-365 -630 631 0
-372 -629 630 0
-185 -213 629 0
-279 -335 632 0
-636 -637 638 0
-163 -635 636 0
-175 -634 635 0
-185 -4 634 0
-74 -137 637 0
-651 -645 650 0
-651 645 -650 0
-645 643 0
-645 644 0
-643 376 0
-643 642 0
-642 641 0
-642 227 0
-641 380 0
-641 189 0
-644 290 0
-644 347 0
-650 648 0
-650 649 0
-648 180 0
-648 647 0
-647 646 0
-647 22 0
-646 184 0
-646 189 0
-649 86 0
-649 150 0
-643 -644 645 0
-376 -642 643 0
-641 -227 642 0
-380 -189 641 0
-290 -347 644 0
-648 -649 650 0
-180 -647 648 0
-646 -22 647 0
-184 -189 646 0
-86 -150 649 0
-663 -657 662 0
-663 657 -662 0
-657 655 0
-657 656 0
-655 387 0
-655 654 0
-654 653 0
-654 235 0
-653 198 0
-653 213 0
-656 302 0
-656 364 0
-662 660 0
-662 661 0
-660 193 0
-660 659 0
-659 658 0
-659 31 0
-658 198 0
-658 4 0
-661 99 0
-661 167 0
-655 -656 657 0
-387 -654 655 0
-653 -235 654 0
-198 -213 653 0
-302 -364 656 0
-660 -661 662 0
-193 -659 660 0
-658 -31 659 0
-198 -4 658 0
-99 -167 661 0
-672 -665 671 0
-672 665 -671 0
-671 668 0
-671 670 0
-668 667 0
-668 65 0
-667 188 0
-667 666 0
-666 197 0
-666 202 0
-670 129 0
-670 669 0
-669 146 0
-669 180 0
-668 -670 671 0
-667 -65 668 0
-188 -666 667 0
-197 -202 666 0
-129 -669 670 0
-146 -180 669 0
-686 -679 685 0
-686 679 -685 0
-679 676 0
-679 678 0
-676 675 0
-676 279 0
-675 405 0
-675 674 0
-674 207 0
-674 213 0
-678 335 0
-678 677 0
-677 365 0
-677 387 0
-685 682 0
-685 684 0
-682 681 0
-682 74 0
-681 201 0
-681 680 0
-680 207 0
-680 4 0
-684 137 0
-684 683 0
-683 163 0
-683 193 0
-676 -678 679 0
-675 -279 676 0
-405 -674 675 0
-207 -213 674 0
-335 -677 678 0
-365 -387 677 0
-682 -684 685 0
-681 -74 682 0
-201 -680 681 0
-207 -4 680 0
-137 -683 684 0
-163 -193 683 0
-696 -688 695 0
-696 688 -695 0
-695 691 0
-695 694 0
-691 690 0
-691 86 0
-690 689 0
-690 22 0
-689 206 0
-689 413 0
-694 150 0
-694 693 0
-693 180 0
-693 692 0
-692 188 0
-692 201 0
-691 -694 695 0
-690 -86 691 0
-689 -22 690 0
-206 -413 689 0
-150 -693 694 0
-180 -692 693 0
-188 -201 692 0
-713 -704 712 0
-713 704 -712 0
-704 701 0
-704 703 0
-701 700 0
-701 302 0
-700 699 0
-700 235 0
-699 698 0
-699 213 0
-703 364 0
-703 702 0
-712 707 0
-712 711 0
-707 706 0
-707 99 0
-706 705 0
-706 31 0
-705 698 0
-705 4 0
-711 167 0
-711 710 0
-710 193 0
-710 709 0
-709 201 0
-709 708 0
-708 206 0
-708 -413 0
-701 -703 704 0
-700 -302 701 0
-699 -235 700 0
-698 -213 699 0
-364 -702 703 0
-707 -711 712 0
-706 -99 707 0
-705 -31 706 0
-698 -4 705 0
-167 -710 711 0
-193 -709 710 0
-201 -708 709 0
-206 413 708 0
2042 0
1 -2043 0
-5 -2043 0
-1 5 2043 0
9 -2044 0
-14 -2044 0
-9 14 2044 0
13 -2045 0
4 -2045 0
-13 -4 2045 0
18 -2046 0
-27 -2046 0
-18 27 2046 0
26 -2047 0
13 -2047 0
-26 -13 2047 0
35 -2048 0
-40 -2048 0
-35 40 2048 0
39 -2049 0
26 -2049 0
-39 -26 2049 0
48 -2050 0
-53 -2050 0
-48 53 2050 0
52 -2051 0
39 -2051 0
-52 -39 2051 0
44 -2052 0
22 -2052 0
-44 -22 2052 0
61 -2053 0
-70 -2053 0
-61 70 2053 0
57 -2054 0
31 -2054 0
-57 -31 2054 0
69 -2055 0
52 -2055 0
-69 -52 2055 0
44 -2056 0
82 -2056 0
-44 -82 2056 0
78 -2057 0
-91 -2057 0
-78 91 2057 0
69 -2058 0
90 -2058 0
-69 -90 2058 0
57 -2059 0
95 -2059 0
-57 -95 2059 0
-108 -2060 0
103 -2060 0
108 -103 2060 0
107 -2061 0
90 -2061 0
-107 -90 2061 0
-121 -2062 0
116 -2062 0
121 -116 2062 0
107 -2063 0
120 -2063 0
-107 -120 2063 0
112 -2064 0
82 -2064 0
-112 -82 2064 0
95 -2065 0
125 -2065 0
-95 -125 2065 0
-142 -2066 0
133 -2066 0
142 -133 2066 0
141 -2067 0
120 -2067 0
-141 -120 2067 0
112 -2068 0
146 -2068 0
-112 -146 2068 0
-159 -2069 0
154 -2069 0
159 -154 2069 0
158 -2070 0
141 -2070 0
-158 -141 2070 0
125 -2071 0
163 -2071 0
-125 -163 2071 0
-176 -2072 0
171 -2072 0
176 -171 2072 0
158 -2073 0
175 -2073 0
-158 -175 2073 0
-189 -2074 0
184 -2074 0
189 -184 2074 0
188 -2075 0
175 -2075 0
-188 -175 2075 0
-202 -2076 0
197 -2076 0
202 -197 2076 0
-5 -2077 0
210 -2077 0
5 -210 2077 0
-14 -2078 0
217 -2078 0
14 -217 2078 0
220 -2079 0
213 -2079 0
-220 -213 2079 0
-27 -2080 0
224 -2080 0
27 -224 2080 0
220 -2081 0
231 -2081 0
-220 -231 2081 0
-40 -2082 0
239 -2082 0
40 -239 2082 0
231 -2083 0
242 -2083 0
-231 -242 2083 0
250 -2084 0
-53 -2084 0
-250 53 2084 0
253 -2085 0
242 -2085 0
-253 -242 2085 0
246 -2086 0
227 -2086 0
-246 -227 2086 0
-70 -2087 0
261 -2087 0
70 -261 2087 0
79 -2088 0
213 -2088 0
-79 -213 2088 0
257 -2089 0
235 -2089 0
-257 -235 2089 0
253 -2090 0
268 -2090 0
-253 -268 2090 0
246 -2091 0
286 -2091 0
-246 -286 2091 0
-91 -2092 0
283 -2092 0
91 -283 2092 0
268 -2093 0
294 -2093 0
-268 -294 2093 0
257 -2094 0
298 -2094 0
-257 -298 2094 0
-108 -2095 0
306 -2095 0
108 -306 2095 0
294 -2096 0
309 -2096 0
-294 -309 2096 0
-121 -2097 0
317 -2097 0
121 -317 2097 0
320 -2098 0
309 -2098 0
-320 -309 2098 0
313 -2099 0
286 -2099 0
-313 -286 2099 0
324 -2100 0
298 -2100 0
-324 -298 2100 0
332 -2101 0
-142 -2101 0
-332 142 2101 0
320 -2102 0
339 -2102 0
-320 -339 2102 0
343 -2103 0
313 -2103 0
-343 -313 2103 0
351 -2104 0
-159 -2104 0
-351 159 2104 0
369 -2105 0
-176 -2105 0
-369 176 2105 0
372 -2106 0
357 -2106 0
-372 -357 2106 0
380 -2107 0
-189 -2107 0
-380 189 2107 0
372 -2108 0
383 -2108 0
-372 -383 2108 0
202 -2109 0
391 -2109 0
-202 -391 2109 0
383 -2110 0
395 -2110 0
-383 -395 2110 0
264 -2111 0
396 -2111 0
-264 -396 2111 0
343 -2112 0
376 -2112 0
-343 -376 2112 0
328 -2113 0
401 -2113 0
-328 -401 2113 0
-202 -2114 0
391 -2114 0
202 -391 2114 0
409 -2115 0
413 -2115 0
-409 -413 2115 0
227 -2116 0
414 -2116 0
-227 -414 2116 0
405 -2117 0
383 -2117 0
-405 -383 2117 0
376 -2118 0
426 -2118 0
-376 -426 2118 0
347 -2119 0
427 -2119 0
-347 -427 2119 0
409 -2120 0
-413 -2120 0
-409 413 2120 0
405 -2121 0
435 -2121 0
-405 -435 2121 0
5 -2122 0
210 -2122 0
-5 -210 2122 0
1 -2123 0
5 -2123 0
-1 -5 2123 0
10 -2124 0
213 -2124 0
-10 -213 2124 0
4 -2125 0
10 -2125 0
-4 -10 2125 0
14 -2126 0
217 -2126 0
-14 -217 2126 0
213 -2127 0
450 -2127 0
-213 -450 2127 0
9 -2128 0
14 -2128 0
-9 -14 2128 0
4 -2129 0
452 -2129 0
-4 -452 2129 0
19 -2130 0
213 -2130 0
-19 -213 2130 0
220 -2131 0
456 -2131 0
-220 -456 2131 0
4 -2132 0
19 -2132 0
-4 -19 2132 0
13 -2133 0
458 -2133 0
-13 -458 2133 0
27 -2134 0
224 -2134 0
-27 -224 2134 0
227 -2135 0
462 -2135 0
-227 -462 2135 0
18 -2136 0
27 -2136 0
-18 -27 2136 0
22 -2137 0
464 -2137 0
-22 -464 2137 0
36 -2138 0
213 -2138 0
-36 -213 2138 0
235 -2139 0
468 -2139 0
-235 -468 2139 0
4 -2140 0
36 -2140 0
-4 -36 2140 0
31 -2141 0
470 -2141 0
-31 -470 2141 0
40 -2142 0
239 -2142 0
-40 -239 2142 0
231 -2143 0
474 -2143 0
-231 -474 2143 0
227 -2144 0
475 -2144 0
-227 -475 2144 0
35 -2145 0
40 -2145 0
-35 -40 2145 0
26 -2146 0
477 -2146 0
-26 -477 2146 0
22 -2147 0
478 -2147 0
-22 -478 2147 0
49 -2148 0
213 -2148 0
-49 -213 2148 0
242 -2149 0
482 -2149 0
-242 -482 2149 0
235 -2150 0
483 -2150 0
-235 -483 2150 0
4 -2151 0
49 -2151 0
-4 -49 2151 0
39 -2152 0
485 -2152 0
-39 -485 2152 0
31 -2153 0
486 -2153 0
-31 -486 2153 0
250 -2154 0
53 -2154 0
-250 -53 2154 0
227 -2155 0
490 -2155 0
-227 -490 2155 0
246 -2156 0
491 -2156 0
-246 -491 2156 0
48 -2157 0
53 -2157 0
-48 -53 2157 0
22 -2158 0
493 -2158 0
-22 -493 2158 0
44 -2159 0
494 -2159 0
-44 -494 2159 0
62 -2160 0
213 -2160 0
-62 -213 2160 0
235 -2161 0
498 -2161 0
-235 -498 2161 0
257 -2162 0
499 -2162 0
-257 -499 2162 0
62 -2163 0
4 -2163 0
-62 -4 2163 0
31 -2164 0
501 -2164 0
-31 -501 2164 0
57 -2165 0
502 -2165 0
-57 -502 2165 0
70 -2166 0
261 -2166 0
-70 -261 2166 0
253 -2167 0
506 -2167 0
-253 -506 2167 0
264 -2168 0
507 -2168 0
-264 -507 2168 0
61 -2169 0
70 -2169 0
-61 -70 2169 0
52 -2170 0
509 -2170 0
-52 -509 2170 0
65 -2171 0
510 -2171 0
-65 -510 2171 0
79 -2172 0
4 -2172 0
-79 -4 2172 0
69 -2173 0
516 -2173 0
-69 -516 2173 0
74 -2174 0
517 -2174 0
-74 -517 2174 0
91 -2175 0
283 -2175 0
-91 -283 2175 0
227 -2176 0
521 -2176 0
-227 -521 2176 0
290 -2177 0
522 -2177 0
-290 -522 2177 0
78 -2178 0
91 -2178 0
-78 -91 2178 0
22 -2179 0
524 -2179 0
-22 -524 2179 0
86 -2180 0
525 -2180 0
-86 -525 2180 0
104 -2181 0
213 -2181 0
-104 -213 2181 0
235 -2182 0
529 -2182 0
-235 -529 2182 0
302 -2183 0
-530 -2183 0
-302 530 2183 0
-302 -2184 0
530 -2184 0
302 -530 2184 0
-2183 -2185 0
-2184 -2185 0
2183 2184 2185 0
104 -2186 0
4 -2186 0
-104 -4 2186 0
31 -2187 0
532 -2187 0
-31 -532 2187 0
99 -2188 0
533 -2188 0
-99 -533 2188 0
108 -2189 0
306 -2189 0
-108 -306 2189 0
294 -2190 0
537 -2190 0
-294 -537 2190 0
286 -2191 0
538 -2191 0
-286 -538 2191 0
264 -2192 0
539 -2192 0
-264 -539 2192 0
108 -2193 0
103 -2193 0
-108 -103 2193 0
90 -2194 0
541 -2194 0
-90 -541 2194 0
82 -2195 0
542 -2195 0
-82 -542 2195 0
65 -2196 0
543 -2196 0
-65 -543 2196 0
117 -2197 0
213 -2197 0
-117 -213 2197 0
309 -2198 0
547 -2198 0
-309 -547 2198 0
298 -2199 0
548 -2199 0
-298 -548 2199 0
279 -2200 0
549 -2200 0
-279 -549 2200 0
117 -2201 0
4 -2201 0
-117 -4 2201 0
107 -2202 0
551 -2202 0
-107 -551 2202 0
95 -2203 0
552 -2203 0
-95 -552 2203 0
74 -2204 0
553 -2204 0
-74 -553 2204 0
121 -2205 0
317 -2205 0
-121 -317 2205 0
227 -2206 0
557 -2206 0
-227 -557 2206 0
313 -2207 0
558 -2207 0
-313 -558 2207 0
290 -2208 0
559 -2208 0
-290 -559 2208 0
121 -2209 0
116 -2209 0
-121 -116 2209 0
22 -2210 0
561 -2210 0
-22 -561 2210 0
112 -2211 0
562 -2211 0
-112 -562 2211 0
86 -2212 0
563 -2212 0
-86 -563 2212 0
134 -2213 0
213 -2213 0
-134 -213 2213 0
235 -2214 0
567 -2214 0
-235 -567 2214 0
324 -2215 0
568 -2215 0
-324 -568 2215 0
302 -2216 0
569 -2216 0
-302 -569 2216 0
134 -2217 0
4 -2217 0
-134 -4 2217 0
31 -2218 0
571 -2218 0
-31 -571 2218 0
125 -2219 0
572 -2219 0
-125 -572 2219 0
99 -2220 0
573 -2220 0
-99 -573 2220 0
332 -2221 0
142 -2221 0
-332 -142 2221 0
320 -2222 0
577 -2222 0
-320 -577 2222 0
264 -2223 0
578 -2223 0
-264 -578 2223 0
328 -2224 0
579 -2224 0
-328 -579 2224 0
142 -2225 0
133 -2225 0
-142 -133 2225 0
120 -2226 0
581 -2226 0
-120 -581 2226 0
65 -2227 0
582 -2227 0
-65 -582 2227 0
129 -2228 0
583 -2228 0
-129 -583 2228 0
155 -2229 0
213 -2229 0
-155 -213 2229 0
339 -2230 0
587 -2230 0
-339 -587 2230 0
279 -2231 0
588 -2231 0
-279 -588 2231 0
335 -2232 0
589 -2232 0
-335 -589 2232 0
155 -2233 0
4 -2233 0
-155 -4 2233 0
141 -2234 0
591 -2234 0
-141 -591 2234 0
74 -2235 0
592 -2235 0
-74 -592 2235 0
137 -2236 0
593 -2236 0
-137 -593 2236 0
351 -2237 0
159 -2237 0
-351 -159 2237 0
227 -2238 0
597 -2238 0
-227 -597 2238 0
290 -2239 0
598 -2239 0
-290 -598 2239 0
347 -2240 0
599 -2240 0
-347 -599 2240 0
159 -2241 0
154 -2241 0
-159 -154 2241 0
22 -2242 0
601 -2242 0
-22 -601 2242 0
86 -2243 0
602 -2243 0
-86 -602 2243 0
150 -2244 0
603 -2244 0
-150 -603 2244 0
172 -2245 0
213 -2245 0
-172 -213 2245 0
235 -2246 0
607 -2246 0
-235 -607 2246 0
302 -2247 0
608 -2247 0
-302 -608 2247 0
364 -2248 0
609 -2248 0
-364 -609 2248 0
172 -2249 0
4 -2249 0
-172 -4 2249 0
31 -2250 0
611 -2250 0
-31 -611 2250 0
99 -2251 0
612 -2251 0
-99 -612 2251 0
167 -2252 0
613 -2252 0
-167 -613 2252 0
369 -2253 0
176 -2253 0
-369 -176 2253 0
357 -2254 0
617 -2254 0
-357 -617 2254 0
343 -2255 0
618 -2255 0
-343 -618 2255 0
328 -2256 0
264 -2256 0
-328 -264 2256 0
619 -2257 0
620 -2257 0
-619 -620 2257 0
176 -2258 0
171 -2258 0
-176 -171 2258 0
158 -2259 0
622 -2259 0
-158 -622 2259 0
146 -2260 0
623 -2260 0
-146 -623 2260 0
65 -2261 0
129 -2261 0
-65 -129 2261 0
624 -2262 0
625 -2262 0
-624 -625 2262 0
185 -2263 0
213 -2263 0
-185 -213 2263 0
372 -2264 0
629 -2264 0
-372 -629 2264 0
335 -2265 0
279 -2265 0
-335 -279 2265 0
631 -2266 0
632 -2266 0
-631 -632 2266 0
185 -2267 0
4 -2267 0
-185 -4 2267 0
175 -2268 0
634 -2268 0
-175 -634 2268 0
163 -2269 0
635 -2269 0
-163 -635 2269 0
74 -2270 0
137 -2270 0
-74 -137 2270 0
636 -2271 0
637 -2271 0
-636 -637 2271 0
380 -2272 0
189 -2272 0
-380 -189 2272 0
227 -2273 0
641 -2273 0
-227 -641 2273 0
376 -2274 0
642 -2274 0
-376 -642 2274 0
347 -2275 0
290 -2275 0
-347 -290 2275 0
643 -2276 0
644 -2276 0
-643 -644 2276 0
189 -2277 0
184 -2277 0
-189 -184 2277 0
22 -2278 0
646 -2278 0
-22 -646 2278 0
180 -2279 0
647 -2279 0
-180 -647 2279 0
86 -2280 0
150 -2280 0
-86 -150 2280 0
648 -2281 0
649 -2281 0
-648 -649 2281 0
198 -2282 0
213 -2282 0
-198 -213 2282 0
235 -2283 0
653 -2283 0
-235 -653 2283 0
387 -2284 0
654 -2284 0
-387 -654 2284 0
364 -2285 0
302 -2285 0
-364 -302 2285 0
655 -2286 0
656 -2286 0
-655 -656 2286 0
198 -2287 0
4 -2287 0
-198 -4 2287 0
31 -2288 0
658 -2288 0
-31 -658 2288 0
193 -2289 0
659 -2289 0
-193 -659 2289 0
99 -2290 0
167 -2290 0
-99 -167 2290 0
660 -2291 0
661 -2291 0
-660 -661 2291 0
202 -2292 0
197 -2292 0
-202 -197 2292 0
188 -2293 0
666 -2293 0
-188 -666 2293 0
65 -2294 0
667 -2294 0
-65 -667 2294 0
180 -2295 0
146 -2295 0
-180 -146 2295 0
129 -2296 0
669 -2296 0
-129 -669 2296 0
668 -2297 0
670 -2297 0
-668 -670 2297 0
207 -2298 0
213 -2298 0
-207 -213 2298 0
405 -2299 0
674 -2299 0
-405 -674 2299 0
279 -2300 0
675 -2300 0
-279 -675 2300 0
335 -2301 0
677 -2301 0
-335 -677 2301 0
676 -2302 0
678 -2302 0
-676 -678 2302 0
207 -2303 0
4 -2303 0
-207 -4 2303 0
201 -2304 0
680 -2304 0
-201 -680 2304 0
74 -2305 0
681 -2305 0
-74 -681 2305 0
193 -2306 0
163 -2306 0
-193 -163 2306 0
137 -2307 0
683 -2307 0
-137 -683 2307 0
682 -2308 0
684 -2308 0
-682 -684 2308 0
413 -2309 0
206 -2309 0
-413 -206 2309 0
22 -2310 0
689 -2310 0
-22 -689 2310 0
86 -2311 0
690 -2311 0
-86 -690 2311 0
201 -2312 0
188 -2312 0
-201 -188 2312 0
180 -2313 0
692 -2313 0
-180 -692 2313 0
150 -2314 0
693 -2314 0
-150 -693 2314 0
691 -2315 0
694 -2315 0
-691 -694 2315 0
698 -2316 0
213 -2316 0
-698 -213 2316 0
235 -2317 0
699 -2317 0
-235 -699 2317 0
302 -2318 0
700 -2318 0
-302 -700 2318 0
701 -2319 0
703 -2319 0
-701 -703 2319 0
4 -2320 0
698 -2320 0
-4 -698 2320 0
31 -2321 0
705 -2321 0
-31 -705 2321 0
99 -2322 0
706 -2322 0
-99 -706 2322 0
-413 -2323 0
206 -2323 0
413 -206 2323 0
201 -2324 0
708 -2324 0
-201 -708 2324 0
193 -2325 0
709 -2325 0
-193 -709 2325 0
167 -2326 0
710 -2326 0
-167 -710 2326 0
707 -2327 0
711 -2327 0
-707 -711 2327 0
