c defined variables: 6 15 23 28 32 41 45 54 58 66 71 75 83 87 92 96 100 109 113 122 126 130 138 143 147 151 160 164 168 177 181 190 194 203 214 221 228 232 236 243 247 254 258 265 269 273 280 284 288 292 296 303 307 314 318 322 329 333 337 341 348 352 356 363 367 374 378 382 392 400 409 410 413 414 417 418 419 420 423 424 425 426 429 430 431 432 435 436 437 438 441 442 443 444 445 446 449 450 451 452 453 454 457 458 459 460 461 462 465 466 467 468 469 470 473 474 475 476 477 478 481 482 483 484 485 486 489 490 491 492 493 494 497 498 499 500 501 502 505 506 507 508 509 510 511 512 515 516 517 518 519 520 521 522 525 526 527 528 529 530 531 532 535 536 537 538 539 540 541 542 545 546 547 548 549 550 551 552 555 556 557 558 559 560 561 562 565 566 567 568 569 570 571 572 575 576 577 578 579 580 581 582 585 586 587 588 589 590 591 592 593 594 597 598 599 600 601 602 603 604 605 606 609 610 611 612 613 614 615 616 617 618 623 624 625 626 627 628 629 632 633 634 635 636 637 638 639 640 641 642 643 646 647 648 649 650 651 652 653 654 655 656 657 662 663 664 665 666 667 668 669 670 671 672 676 677 678 679 680 681 682 683 684 685 686 687 688 689 690 691 694 
p cnf 2296 2763
a 403 395 370 325 321 332 328 336 340 355 344 347 351 253 257 250 246 74 78 65 69 52 61 48 57 39 44 121 134 377 373 366 264 359 362 53 62 70 79 91 104 108 117 272 381 385 268 283 276 207 202 185 176 198 189 155 142 172 159 26 35 13 18 22 31 1 4 9 399 675 261 317 313 388 279 295 291 287 299 302 306 310 206 201 193 184 197 188 171 158 180 175 40 49 5 10 2 27 36 14 19 217 220 210 213 235 231 224 227 239 242 112 107 103 90 95 99 82 86 125 116 398 391 141 150 146 154 120 129 133 137 167 163 0
e 3 7 8 11 12 16 17 20 21 24 25 29 30 33 34 37 38 42 43 46 47 50 51 55 56 59 60 63 64 67 68 72 73 76 77 80 81 84 85 88 89 93 94 97 98 101 102 105 106 110 111 114 115 118 119 123 124 127 128 131 132 135 136 139 140 144 145 148 149 152 153 156 157 161 162 165 166 169 170 173 174 178 179 182 183 186 187 191 192 195 196 199 200 204 205 208 209 211 212 215 216 218 219 222 223 225 226 229 230 233 234 237 238 240 241 244 245 248 249 251 252 255 256 259 260 262 263 266 267 270 271 274 275 277 278 281 282 285 286 289 290 293 294 297 298 300 301 304 305 308 309 311 312 315 316 319 320 323 324 326 327 330 331 334 335 338 339 342 343 345 346 349 350 353 354 357 358 360 361 364 365 368 369 371 372 375 376 379 380 383 384 386 387 389 390 393 394 396 397 401 402 404 405 406 407 408 411 412 415 416 421 422 427 428 433 434 439 440 447 448 455 456 463 464 471 472 479 480 487 488 495 496 503 504 513 514 523 524 533 534 543 544 553 554 563 564 573 574 583 584 595 596 607 608 619 620 622 630 631 644 645 658 659 661 673 674 692 693 6 15 23 28 32 41 45 54 58 66 71 75 83 87 92 96 100 109 113 122 126 130 138 143 147 151 160 164 168 177 181 190 194 203 214 221 228 232 236 243 247 254 258 265 269 273 280 284 288 292 296 303 307 314 318 322 329 333 337 341 348 352 356 363 367 374 378 382 392 400 409 410 413 414 417 418 419 420 423 424 425 426 429 430 431 432 435 436 437 438 441 442 443 444 445 446 449 450 451 452 453 454 457 458 459 460 461 462 465 466 467 468 469 470 473 474 475 476 477 478 481 482 483 484 485 486 489 490 491 492 493 494 497 498 499 500 501 502 505 506 507 508 509 510 511 512 515 516 517 518 519 520 521 522 525 526 527 528 529 530 531 532 535 536 537 538 539 540 541 542 545 546 547 548 549 550 551 552 555 556 557 558 559 560 561 562 565 566 567 568 569 570 571 572 575 576 577 578 579 580 581 582 585 586 587 588 589 590 591 592 593 594 597 598 599 600 601 602 603 604 605 606 609 610 611 612 613 614 615 616 617 618 623 624 625 626 627 628 629 632 633 634 635 636 637 638 639 640 641 642 643 646 647 648 649 650 651 652 653 654 655 656 657 662 663 664 665 666 667 668 669 670 671 672 676 677 678 679 680 681 682 683 684 685 686 687 688 689 690 691 694 2006 2007 2008 2009 2010 2011 2012 2013 2014 2015 2016 2017 2018 2019 2020 2021 2022 2023 2024 2025 2026 2027 2028 2029 2030 2031 2032 2033 2034 2035 2036 2037 2038 2039 2040 2041 2042 2043 2044 2045 2046 2047 2048 2049 2050 2051 2052 2053 2054 2055 2056 2057 2058 2059 2060 2061 2062 2063 2064 2065 2066 2067 2068 2069 2070 2071 2072 2073 2074 2075 2076 2077 2078 2079 2080 2081 2082 2083 2084 2085 2086 2087 2088 2089 2090 2091 2092 2093 2094 2095 2096 2097 2098 2099 2100 2101 2102 2103 2104 2105 2106 2107 2108 2109 2110 2111 2112 2113 2114 2115 2116 2117 2118 2119 2120 2121 2122 2123 2124 2125 2126 2127 2128 2129 2130 2131 2132 2133 2134 2135 2136 2137 2138 2139 2140 2141 2142 2143 2144 2145 2146 2147 2148 2149 2150 2151 2152 2153 2154 2155 2156 2157 2158 2159 2160 2161 2162 2163 2164 2165 2166 2167 2168 2169 2170 2171 2172 2173 2174 2175 2176 2177 2178 2179 2180 2181 2182 2183 2184 2185 2186 2187 2188 2189 2190 2191 2192 2193 2194 2195 2196 2197 2198 2199 2200 2201 2202 2203 2204 2205 2206 2207 2208 2209 2210 2211 2212 2213 2214 2215 2216 2217 2218 2219 2220 2221 2222 2223 2224 2225 2226 2227 2228 2229 2230 2231 2232 2233 2234 2235 2236 2237 2238 2239 2240 2241 2242 2243 2244 2245 2246 2247 2248 2249 2250 2251 2252 2253 2254 2255 2256 2257 2258 2259 2260 2261 2262 2263 2264 2265 2266 2267 2268 2269 2270 2271 2272 2273 2274 2275 2276 2277 2278 2279 2280 2281 2282 2283 2284 2285 2286 2287 2288 2289 2290 2291 2292 2293 2294 2295 2296 0
d 621 381 385 0
d 660 403 398 0
2007 -6 0
-2007 6 0
2008 -15 0
-2008 15 0
2009 -23 0
-2009 23 0
2010 -28 0
-2010 28 0
2011 -32 0
-2011 32 0
2012 -41 0
-2012 41 0
2013 -45 0
-2013 45 0
2014 -54 0
-2014 54 0
2015 -58 0
-2015 58 0
2016 -66 0
-2016 66 0
2017 -71 0
-2017 71 0
2018 -75 0
-2018 75 0
2019 -83 0
-2019 83 0
2020 -87 0
-2020 87 0
2021 -92 0
-2021 92 0
2022 -96 0
-2022 96 0
2023 -100 0
-2023 100 0
2024 -109 0
-2024 109 0
2025 -113 0
-2025 113 0
2026 -122 0
-2026 122 0
2027 -126 0
-2027 126 0
2028 -130 0
-2028 130 0
2029 -138 0
-2029 138 0
2030 -143 0
-2030 143 0
2031 -147 0
-2031 147 0
2032 -151 0
-2032 151 0
2033 -160 0
-2033 160 0
2034 -164 0
-2034 164 0
2035 -168 0
-2035 168 0
2036 -177 0
-2036 177 0
2037 -181 0
-2037 181 0
2038 -190 0
-2038 190 0
2039 -194 0
-2039 194 0
2040 -203 0
-2040 203 0
2041 -214 0
-2041 214 0
2042 -221 0
-2042 221 0
2043 -228 0
-2043 228 0
2044 -232 0
-2044 232 0
2045 -236 0
-2045 236 0
2046 -243 0
-2046 243 0
2047 -247 0
-2047 247 0
2048 -254 0
-2048 254 0
2049 -258 0
-2049 258 0
2050 -265 0
-2050 265 0
2051 -269 0
-2051 269 0
2052 -273 0
-2052 273 0
2053 -280 0
-2053 280 0
2054 -284 0
-2054 284 0
2055 -288 0
-2055 288 0
2056 -292 0
-2056 292 0
2057 -296 0
-2057 296 0
2058 -303 0
-2058 303 0
2059 -307 0
-2059 307 0
2060 -314 0
-2060 314 0
2061 -318 0
-2061 318 0
2062 -322 0
-2062 322 0
2063 -329 0
-2063 329 0
2064 -333 0
-2064 333 0
2065 -337 0
-2065 337 0
2066 -341 0
-2066 341 0
2067 -348 0
-2067 348 0
2068 -352 0
-2068 352 0
2069 -356 0
-2069 356 0
2070 -363 0
-2070 363 0
2071 -367 0
-2071 367 0
2072 -374 0
-2072 374 0
2073 -378 0
-2073 378 0
2074 -382 0
-2074 382 0
2075 -392 0
-2075 392 0
2076 -400 0
-2076 400 0
2077 -409 0
-2077 409 0
2078 -410 0
-2078 410 0
2079 -413 0
-2079 413 0
2080 -414 0
-2080 414 0
2081 -417 0
-2081 417 0
2082 -418 0
-2082 418 0
2083 -419 0
-2083 419 0
2084 -420 0
-2084 420 0
2085 -423 0
-2085 423 0
2086 -424 0
-2086 424 0
2087 -425 0
-2087 425 0
2088 -426 0
-2088 426 0
2089 -429 0
-2089 429 0
2090 -430 0
-2090 430 0
2091 -431 0
-2091 431 0
2092 -432 0
-2092 432 0
-2093 -435 0
2093 435 0
2094 -436 0
-2094 436 0
2095 -437 0
-2095 437 0
2096 -438 0
-2096 438 0
2097 -441 0
-2097 441 0
2098 -442 0
-2098 442 0
2099 -443 0
-2099 443 0
2100 -444 0
-2100 444 0
2101 -445 0
-2101 445 0
2102 -446 0
-2102 446 0
2103 -449 0
-2103 449 0
2104 -450 0
-2104 450 0
2105 -451 0
-2105 451 0
2106 -452 0
-2106 452 0
2107 -453 0
-2107 453 0
2108 -454 0
-2108 454 0
2109 -457 0
-2109 457 0
2110 -458 0
-2110 458 0
2111 -459 0
-2111 459 0
2112 -460 0
-2112 460 0
2113 -461 0
-2113 461 0
2114 -462 0
-2114 462 0
2115 -465 0
-2115 465 0
2116 -466 0
-2116 466 0
2117 -467 0
-2117 467 0
2118 -468 0
-2118 468 0
2119 -469 0
-2119 469 0
2120 -470 0
-2120 470 0
2121 -473 0
-2121 473 0
2122 -474 0
-2122 474 0
2123 -475 0
-2123 475 0
2124 -476 0
-2124 476 0
2125 -477 0
-2125 477 0
2126 -478 0
-2126 478 0
2127 -481 0
-2127 481 0
2128 -482 0
-2128 482 0
2129 -483 0
-2129 483 0
2130 -484 0
-2130 484 0
2131 -485 0
-2131 485 0
2132 -486 0
-2132 486 0
2133 -489 0
-2133 489 0
2134 -490 0
-2134 490 0
2135 -491 0
-2135 491 0
2136 -492 0
-2136 492 0
2137 -493 0
-2137 493 0
2138 -494 0
-2138 494 0
2139 -497 0
-2139 497 0
2140 -498 0
-2140 498 0
2141 -499 0
-2141 499 0
2142 -500 0
-2142 500 0
2143 -501 0
-2143 501 0
2144 -502 0
-2144 502 0
2145 -505 0
-2145 505 0
2146 -506 0
-2146 506 0
2147 -507 0
-2147 507 0
2148 -508 0
-2148 508 0
2149 -509 0
-2149 509 0
2150 -510 0
-2150 510 0
2151 -511 0
-2151 511 0
2152 -512 0
-2152 512 0
2153 -515 0
-2153 515 0
2154 -516 0
-2154 516 0
2155 -517 0
-2155 517 0
2156 -518 0
-2156 518 0
2157 -519 0
-2157 519 0
2158 -520 0
-2158 520 0
2159 -521 0
-2159 521 0
2160 -522 0
-2160 522 0
2161 -525 0
-2161 525 0
2162 -526 0
-2162 526 0
2163 -527 0
-2163 527 0
2164 -528 0
-2164 528 0
2165 -529 0
-2165 529 0
2166 -530 0
-2166 530 0
2167 -531 0
-2167 531 0
2168 -532 0
-2168 532 0
2169 -535 0
-2169 535 0
2170 -536 0
-2170 536 0
2171 -537 0
-2171 537 0
2172 -538 0
-2172 538 0
2173 -539 0
-2173 539 0
2174 -540 0
-2174 540 0
2175 -541 0
-2175 541 0
2176 -542 0
-2176 542 0
2177 -545 0
-2177 545 0
2178 -546 0
-2178 546 0
2179 -547 0
-2179 547 0
2180 -548 0
-2180 548 0
2181 -549 0
-2181 549 0
2182 -550 0
-2182 550 0
2183 -551 0
-2183 551 0
2184 -552 0
-2184 552 0
2185 -555 0
-2185 555 0
2186 -556 0
-2186 556 0
2187 -557 0
-2187 557 0
2188 -558 0
-2188 558 0
2189 -559 0
-2189 559 0
2190 -560 0
-2190 560 0
2191 -561 0
-2191 561 0
2192 -562 0
-2192 562 0
2193 -565 0
-2193 565 0
2194 -566 0
-2194 566 0
2195 -567 0
-2195 567 0
2196 -568 0
-2196 568 0
2197 -569 0
-2197 569 0
2198 -570 0
-2198 570 0
2199 -571 0
-2199 571 0
2200 -572 0
-2200 572 0
2201 -575 0
-2201 575 0
2202 -576 0
-2202 576 0
2203 -577 0
-2203 577 0
2204 -578 0
-2204 578 0
2205 -579 0
-2205 579 0
2206 -580 0
-2206 580 0
2207 -581 0
-2207 581 0
2208 -582 0
-2208 582 0
2209 -585 0
-2209 585 0
2210 -586 0
-2210 586 0
2211 -587 0
-2211 587 0
2212 -588 0
-2212 588 0
2213 -589 0
-2213 589 0
2214 -590 0
-2214 590 0
2215 -591 0
-2215 591 0
2216 -592 0
-2216 592 0
2217 -593 0
-2217 593 0
2218 -594 0
-2218 594 0
2219 -597 0
-2219 597 0
2220 -598 0
-2220 598 0
2221 -599 0
-2221 599 0
2222 -600 0
-2222 600 0
2223 -601 0
-2223 601 0
2224 -602 0
-2224 602 0
2225 -603 0
-2225 603 0
2226 -604 0
-2226 604 0
2227 -605 0
-2227 605 0
2228 -606 0
-2228 606 0
2229 -609 0
-2229 609 0
2230 -610 0
-2230 610 0
2231 -611 0
-2231 611 0
2232 -612 0
-2232 612 0
2233 -613 0
-2233 613 0
2234 -614 0
-2234 614 0
2235 -615 0
-2235 615 0
2236 -616 0
-2236 616 0
2237 -617 0
-2237 617 0
2238 -618 0
-2238 618 0
2239 -623 0
-2239 623 0
2240 -624 0
-2240 624 0
2241 -625 0
-2241 625 0
2242 -626 0
-2242 626 0
2243 -627 0
-2243 627 0
2244 -628 0
-2244 628 0
2245 -629 0
-2245 629 0
2246 -632 0
-2246 632 0
2247 -633 0
-2247 633 0
2248 -634 0
-2248 634 0
2249 -635 0
-2249 635 0
2250 -636 0
-2250 636 0
2251 -637 0
-2251 637 0
2252 -638 0
-2252 638 0
2253 -639 0
-2253 639 0
2254 -640 0
-2254 640 0
2255 -641 0
-2255 641 0
2256 -642 0
-2256 642 0
2257 -643 0
-2257 643 0
2258 -646 0
-2258 646 0
2259 -647 0
-2259 647 0
2260 -648 0
-2260 648 0
2261 -649 0
-2261 649 0
2262 -650 0
-2262 650 0
2263 -651 0
-2263 651 0
2264 -652 0
-2264 652 0
2265 -653 0
-2265 653 0
2266 -654 0
-2266 654 0
2267 -655 0
-2267 655 0
2268 -656 0
-2268 656 0
2269 -657 0
-2269 657 0
2270 -662 0
-2270 662 0
2271 -663 0
-2271 663 0
2272 -664 0
-2272 664 0
2273 -665 0
-2273 665 0
2274 -666 0
-2274 666 0
2275 -667 0
-2275 667 0
2276 -668 0
-2276 668 0
2277 -669 0
-2277 669 0
2278 -670 0
-2278 670 0
2279 -671 0
-2279 671 0
2280 -672 0
-2280 672 0
2281 -676 0
-2281 676 0
2282 -677 0
-2282 677 0
2283 -678 0
-2283 678 0
2284 -679 0
-2284 679 0
2285 -680 0
-2285 680 0
2286 -681 0
-2286 681 0
2287 -682 0
-2287 682 0
2288 -683 0
-2288 683 0
2289 -684 0
-2289 684 0
2290 -685 0
-2290 685 0
2291 -686 0
-2291 686 0
2292 -687 0
-2292 687 0
2293 -688 0
-2293 688 0
2294 -689 0
-2294 689 0
2295 -690 0
-2295 690 0
2296 -691 0
-2296 691 0
2006 -694 0
-2006 694 0
694 0
-694 405 693 0
-405 402 -404 0
-402 397 -401 0
-397 394 -396 0
-394 390 -393 0
-390 387 -389 0
-387 384 -386 0
-384 380 -383 0
-380 376 -379 0
-376 372 -375 0
-372 369 -371 0
-369 365 -368 0
-365 361 -364 0
-361 358 -360 0
-358 354 -357 0
-354 350 -353 0
-350 346 -349 0
-346 343 -345 0
-343 339 -342 0
-339 335 -338 0
-335 331 -334 0
-331 327 -330 0
-327 324 -326 0
-324 320 -323 0
-320 316 -319 0
-316 312 -315 0
-312 309 -311 0
-309 305 -308 0
-305 301 -304 0
-301 298 -300 0
-298 294 -297 0
-294 290 -293 0
-290 286 -289 0
-286 282 -285 0
-282 278 -281 0
-278 275 -277 0
-275 271 -274 0
-271 267 -270 0
-267 263 -266 0
-263 260 -262 0
-260 256 -259 0
-256 252 -255 0
-252 249 -251 0
-249 245 -248 0
-245 241 -244 0
-241 238 -240 0
-238 234 -237 0
-234 230 -233 0
-230 226 -229 0
-226 223 -225 0
-223 219 -222 0
-219 216 -218 0
-216 212 -215 0
-212 209 -211 0
-209 205 -208 0
-205 200 -204 0
-200 196 -199 0
-196 192 -195 0
-192 187 -191 0
-187 183 -186 0
-183 179 -182 0
-179 174 -178 0
-174 170 -173 0
-170 166 -169 0
-166 162 -165 0
-162 157 -161 0
-157 153 -156 0
-153 149 -152 0
-149 145 -148 0
-145 140 -144 0
-140 136 -139 0
-136 132 -135 0
-132 128 -131 0
-128 124 -127 0
-124 119 -123 0
-119 115 -118 0
-115 111 -114 0
-111 106 -110 0
-106 102 -105 0
-102 98 -101 0
-98 94 -97 0
-94 89 -93 0
-89 85 -88 0
-85 81 -84 0
-81 77 -80 0
-77 73 -76 0
-73 68 -72 0
-68 64 -67 0
-64 60 -63 0
-60 56 -59 0
-56 51 -55 0
-51 47 -50 0
-47 43 -46 0
-43 38 -42 0
-38 34 -37 0
-34 30 -33 0
-30 25 -29 0
-25 21 -24 0
-21 17 -20 0
-17 12 -16 0
-12 8 -11 0
-8 -3 -7 0
1 -2 3 0
-1 2 3 0
4 6 7 0
-4 -6 7 0
-1 5 6 0
-6 1 0
-6 -5 0
9 -10 11 0
-9 10 11 0
13 15 16 0
-13 -15 16 0
-9 14 15 0
-15 9 0
-15 -14 0
18 -19 20 0
-18 19 20 0
22 23 24 0
-22 -23 24 0
-4 -13 23 0
-23 4 0
-23 13 0
26 28 29 0
-26 -28 29 0
-18 27 28 0
-28 18 0
-28 -27 0
31 32 33 0
-31 -32 33 0
-13 -26 32 0
-32 13 0
-32 26 0
35 -36 37 0
-35 36 37 0
39 41 42 0
-39 -41 42 0
-35 40 41 0
-41 35 0
-41 -40 0
44 45 46 0
-44 -45 46 0
-26 -39 45 0
-45 26 0
-45 39 0
48 -49 50 0
-48 49 50 0
52 54 55 0
-52 -54 55 0
-48 53 54 0
-54 48 0
-54 -53 0
57 58 59 0
-57 -58 59 0
-39 -52 58 0
-58 39 0
-58 52 0
61 -62 63 0
-61 62 63 0
65 66 67 0
-65 -66 67 0
-22 -44 66 0
-66 22 0
-66 44 0
69 71 72 0
-69 -71 72 0
-61 70 71 0
-71 61 0
-71 -70 0
74 75 76 0
-74 -75 76 0
-31 -57 75 0
-75 31 0
-75 57 0
78 -79 80 0
-78 79 80 0
82 83 84 0
-82 -83 84 0
-52 -69 83 0
-83 52 0
-83 69 0
86 87 88 0
-86 -87 88 0
-44 -82 87 0
-87 44 0
-87 82 0
90 92 93 0
-90 -92 93 0
-78 91 92 0
-92 78 0
-92 -91 0
95 96 97 0
-95 -96 97 0
-69 -90 96 0
-96 69 0
-96 90 0
99 100 101 0
-99 -100 101 0
-57 -95 100 0
-100 57 0
-100 95 0
103 -104 105 0
-103 104 105 0
107 109 110 0
-107 -109 110 0
-103 108 109 0
-109 103 0
-109 -108 0
112 113 114 0
-112 -113 114 0
-90 -107 113 0
-113 90 0
-113 107 0
116 -117 118 0
-116 117 118 0
120 122 123 0
-120 -122 123 0
-116 121 122 0
-122 116 0
-122 -121 0
125 126 127 0
-125 -126 127 0
-107 -120 126 0
-126 107 0
-126 120 0
129 130 131 0
-129 -130 131 0
-82 -112 130 0
-130 82 0
-130 112 0
133 -134 135 0
-133 134 135 0
137 138 139 0
-137 -138 139 0
-95 -125 138 0
-138 95 0
-138 125 0
141 143 144 0
-141 -143 144 0
-133 142 143 0
-143 133 0
-143 -142 0
146 147 148 0
-146 -147 148 0
-120 -141 147 0
-147 120 0
-147 141 0
150 151 152 0
-150 -151 152 0
-112 -146 151 0
-151 112 0
-151 146 0
154 -155 156 0
-154 155 156 0
158 160 161 0
-158 -160 161 0
-154 159 160 0
-160 154 0
-160 -159 0
163 164 165 0
-163 -164 165 0
-141 -158 164 0
-164 141 0
-164 158 0
167 168 169 0
-167 -168 169 0
-125 -163 168 0
-168 125 0
-168 163 0
171 -172 173 0
-171 172 173 0
175 177 178 0
-175 -177 178 0
-171 176 177 0
-177 171 0
-177 -176 0
180 181 182 0
-180 -181 182 0
-158 -175 181 0
-181 158 0
-181 175 0
184 -185 186 0
-184 185 186 0
188 190 191 0
-188 -190 191 0
-184 189 190 0
-190 184 0
-190 -189 0
193 194 195 0
-193 -194 195 0
-175 -188 194 0
-194 175 0
-194 188 0
197 -198 199 0
-197 198 199 0
201 203 204 0
-201 -203 204 0
-197 202 203 0
-203 197 0
-203 -202 0
206 -207 208 0
-206 207 208 0
210 -2 211 0
-210 2 211 0
213 214 215 0
-213 -214 215 0
-210 5 214 0
-214 210 0
-214 -5 0
217 -10 218 0
-217 10 218 0
220 221 222 0
-220 -221 222 0
-217 14 221 0
-221 217 0
-221 -14 0
224 -19 225 0
-224 19 225 0
227 228 229 0
-227 -228 229 0
-213 -220 228 0
-228 213 0
-228 220 0
231 232 233 0
-231 -232 233 0
-224 27 232 0
-232 224 0
-232 -27 0
235 236 237 0
-235 -236 237 0
-220 -231 236 0
-236 220 0
-236 231 0
239 -36 240 0
-239 36 240 0
242 243 244 0
-242 -243 244 0
-239 40 243 0
-243 239 0
-243 -40 0
246 247 248 0
-246 -247 248 0
-231 -242 247 0
-247 231 0
-247 242 0
250 -49 251 0
-250 49 251 0
253 254 255 0
-253 -254 255 0
-250 53 254 0
-254 250 0
-254 -53 0
257 258 259 0
-257 -258 259 0
-242 -253 258 0
-258 242 0
-258 253 0
261 -62 262 0
-261 62 262 0
264 265 266 0
-264 -265 266 0
-227 -246 265 0
-265 227 0
-265 246 0
268 269 270 0
-268 -269 270 0
-261 70 269 0
-269 261 0
-269 -70 0
272 273 274 0
-272 -273 274 0
-235 -257 273 0
-273 235 0
-273 257 0
276 -79 277 0
-276 79 277 0
279 280 281 0
-279 -280 281 0
-253 -268 280 0
-280 253 0
-280 268 0
283 284 285 0
-283 -284 285 0
-246 -279 284 0
-284 246 0
-284 279 0
287 288 289 0
-287 -288 289 0
-276 91 288 0
-288 276 0
-288 -91 0
291 292 293 0
-291 -292 293 0
-268 -287 292 0
-292 268 0
-292 287 0
295 296 297 0
-295 -296 297 0
-257 -291 296 0
-296 257 0
-296 291 0
299 -104 300 0
-299 104 300 0
302 303 304 0
-302 -303 304 0
-299 108 303 0
-303 299 0
-303 -108 0
306 307 308 0
-306 -307 308 0
-287 -302 307 0
-307 287 0
-307 302 0
310 -117 311 0
-310 117 311 0
313 314 315 0
-313 -314 315 0
-310 121 314 0
-314 310 0
-314 -121 0
317 318 319 0
-317 -318 319 0
-302 -313 318 0
-318 302 0
-318 313 0
321 322 323 0
-321 -322 323 0
-279 -306 322 0
-322 279 0
-322 306 0
325 -134 326 0
-325 134 326 0
328 329 330 0
-328 -329 330 0
-291 -317 329 0
-329 291 0
-329 317 0
332 333 334 0
-332 -333 334 0
-325 142 333 0
-333 325 0
-333 -142 0
336 337 338 0
-336 -337 338 0
-313 -332 337 0
-337 313 0
-337 332 0
340 341 342 0
-340 -341 342 0
-306 -336 341 0
-341 306 0
-341 336 0
344 -155 345 0
-344 155 345 0
347 348 349 0
-347 -348 349 0
-344 159 348 0
-348 344 0
-348 -159 0
351 352 353 0
-351 -352 353 0
-332 -347 352 0
-352 332 0
-352 347 0
355 356 357 0
-355 -356 357 0
-317 -351 356 0
-356 317 0
-356 351 0
359 -172 360 0
-359 172 360 0
362 363 364 0
-362 -363 364 0
-359 176 363 0
-363 359 0
-363 -176 0
366 367 368 0
-366 -367 368 0
-347 -362 367 0
-367 347 0
-367 362 0
370 -185 371 0
-370 185 371 0
373 374 375 0
-373 -374 375 0
-370 189 374 0
-374 370 0
-374 -189 0
377 378 379 0
-377 -378 379 0
-362 -373 378 0
-378 362 0
-378 373 0
381 382 383 0
-381 -382 383 0
-198 -213 382 0
-382 198 0
-382 213 0
385 235 386 0
-385 -235 386 0
388 -198 389 0
-388 198 389 0
391 392 393 0
-391 -392 393 0
-388 202 392 0
-392 388 0
-392 -202 0
395 -207 396 0
-395 207 396 0
398 400 401 0
-398 -400 401 0
-395 -399 400 0
-400 395 0
-400 399 0
403 227 404 0
-403 -227 404 0
-693 674 0
-693 692 0
-674 659 0
-674 673 0
-659 645 0
-659 658 0
-645 631 0
-645 644 0
-631 620 0
-631 630 0
-620 608 0
-620 619 0
-608 596 0
-608 607 0
-596 584 0
-596 595 0
-584 574 0
-584 583 0
-574 564 0
-574 573 0
-564 554 0
-564 563 0
-554 544 0
-554 553 0
-544 534 0
-544 543 0
-534 524 0
-534 533 0
-524 514 0
-524 523 0
-514 504 0
-514 513 0
-504 496 0
-504 503 0
-496 488 0
-496 495 0
-488 480 0
-488 487 0
-480 472 0
-480 479 0
-472 464 0
-472 471 0
-464 456 0
-464 463 0
-456 448 0
-456 455 0
-448 440 0
-448 447 0
-440 434 0
-440 439 0
-434 428 0
-434 433 0
-428 422 0
-428 427 0
-422 416 0
-422 421 0
-416 412 0
-416 415 0
-412 408 0
-412 411 0
-408 406 0
-408 407 0
-406 -2 2 0
-406 2 -2 0
-407 -2 2 0
-407 2 -2 0
-411 -409 410 0
-411 409 -410 0
-409 210 0
-409 5 0
-410 1 0
-410 5 0
-210 -5 409 0
-1 -5 410 0
-415 -413 414 0
-415 413 -414 0
-413 10 0
-413 213 0
-414 10 0
-414 4 0
-10 -213 413 0
-10 -4 414 0
-421 -418 420 0
-421 418 -420 0
-418 213 0
-418 417 0
-417 217 0
-417 14 0
-420 4 0
-420 419 0
-419 9 0
-419 14 0
-213 -417 418 0
-217 -14 417 0
-4 -419 420 0
-9 -14 419 0
-427 -424 426 0
-427 424 -426 0
-424 220 0
-424 423 0
-423 19 0
-423 213 0
-426 13 0
-426 425 0
-425 19 0
-425 4 0
-220 -423 424 0
-19 -213 423 0
-13 -425 426 0
-19 -4 425 0
-433 -430 432 0
-433 430 -432 0
-430 429 0
-430 227 0
-429 224 0
-429 27 0
-432 431 0
-432 22 0
-431 18 0
-431 27 0
-429 -227 430 0
-224 -27 429 0
-431 -22 432 0
-18 -27 431 0
-439 -436 438 0
-439 436 -438 0
-436 -435 0
-436 235 0
-36 213 435 0
36 -213 435 0
-36 -213 435 0
-438 437 0
-438 31 0
-437 36 0
-437 4 0
435 -235 436 0
-435 36 213 0
-437 -31 438 0
-36 -4 437 0
-447 -443 446 0
-447 443 -446 0
-443 227 0
-443 442 0
-442 231 0
-442 441 0
-441 239 0
-441 40 0
-446 22 0
-446 445 0
-445 26 0
-445 444 0
-444 35 0
-444 40 0
-227 -442 443 0
-231 -441 442 0
-239 -40 441 0
-22 -445 446 0
-26 -444 445 0
-35 -40 444 0
-455 -451 454 0
-455 451 -454 0
-451 235 0
-451 450 0
-450 242 0
-450 449 0
-449 49 0
-449 213 0
-454 31 0
-454 453 0
-453 39 0
-453 452 0
-452 49 0
-452 4 0
-235 -450 451 0
-242 -449 450 0
-49 -213 449 0
-31 -453 454 0
-39 -452 453 0
-49 -4 452 0
-463 -459 462 0
-463 459 -462 0
-459 246 0
-459 458 0
-458 457 0
-458 227 0
-457 250 0
-457 53 0
-462 44 0
-462 461 0
-461 460 0
-461 22 0
-460 48 0
-460 53 0
-246 -458 459 0
-457 -227 458 0
-250 -53 457 0
-44 -461 462 0
-460 -22 461 0
-48 -53 460 0
-471 -467 470 0
-471 467 -470 0
-467 257 0
-467 466 0
-466 465 0
-466 235 0
-465 62 0
-465 213 0
-470 57 0
-470 469 0
-469 468 0
-469 31 0
-468 62 0
-468 4 0
-257 -466 467 0
-465 -235 466 0
-62 -213 465 0
-57 -469 470 0
-468 -31 469 0
-62 -4 468 0
-479 -475 478 0
-479 475 -478 0
-475 474 0
-475 264 0
-474 253 0
-474 473 0
-473 261 0
-473 70 0
-478 477 0
-478 65 0
-477 52 0
-477 476 0
-476 61 0
-476 70 0
-474 -264 475 0
-253 -473 474 0
-261 -70 473 0
-477 -65 478 0
-52 -476 477 0
-61 -70 476 0
-487 -483 486 0
-487 483 -486 0
-483 482 0
-483 272 0
-482 268 0
-482 481 0
-481 79 0
-481 213 0
-486 485 0
-486 74 0
-485 69 0
-485 484 0
-484 79 0
-484 4 0
-482 -272 483 0
-268 -481 482 0
-79 -213 481 0
-485 -74 486 0
-69 -484 485 0
-79 -4 484 0
-495 -491 494 0
-495 491 -494 0
-491 490 0
-491 283 0
-490 489 0
-490 227 0
-489 276 0
-489 91 0
-494 493 0
-494 86 0
-493 492 0
-493 22 0
-492 78 0
-492 91 0
-490 -283 491 0
-489 -227 490 0
-276 -91 489 0
-493 -86 494 0
-492 -22 493 0
-78 -91 492 0
-503 -499 502 0
-503 499 -502 0
-499 498 0
-499 295 0
-498 497 0
-498 235 0
-497 104 0
-497 213 0
-502 501 0
-502 99 0
-501 500 0
-501 31 0
-500 104 0
-500 4 0
-498 -295 499 0
-497 -235 498 0
-104 -213 497 0
-501 -99 502 0
-500 -31 501 0
-104 -4 500 0
-513 -508 512 0
-513 508 -512 0
-508 264 0
-508 507 0
-507 279 0
-507 506 0
-506 287 0
-506 505 0
-505 299 0
-505 108 0
-512 65 0
-512 511 0
-511 82 0
-511 510 0
-510 90 0
-510 509 0
-509 103 0
-509 108 0
-264 -507 508 0
-279 -506 507 0
-287 -505 506 0
-299 -108 505 0
-65 -511 512 0
-82 -510 511 0
-90 -509 510 0
-103 -108 509 0
-523 -518 522 0
-523 518 -522 0
-518 272 0
-518 517 0
-517 291 0
-517 516 0
-516 302 0
-516 515 0
-515 117 0
-515 213 0
-522 74 0
-522 521 0
-521 95 0
-521 520 0
-520 107 0
-520 519 0
-519 117 0
-519 4 0
-272 -517 518 0
-291 -516 517 0
-302 -515 516 0
-117 -213 515 0
-74 -521 522 0
-95 -520 521 0
-107 -519 520 0
-117 -4 519 0
-533 -528 532 0
-533 528 -532 0
-528 283 0
-528 527 0
-527 306 0
-527 526 0
-526 525 0
-526 227 0
-525 310 0
-525 121 0
-532 86 0
-532 531 0
-531 112 0
-531 530 0
-530 529 0
-530 22 0
-529 116 0
-529 121 0
-283 -527 528 0
-306 -526 527 0
-525 -227 526 0
-310 -121 525 0
-86 -531 532 0
-112 -530 531 0
-529 -22 530 0
-116 -121 529 0
-543 -538 542 0
-543 538 -542 0
-538 295 0
-538 537 0
-537 317 0
-537 536 0
-536 535 0
-536 235 0
-535 134 0
-535 213 0
-542 99 0
-542 541 0
-541 125 0
-541 540 0
-540 539 0
-540 31 0
-539 134 0
-539 4 0
-295 -537 538 0
-317 -536 537 0
-535 -235 536 0
-134 -213 535 0
-99 -541 542 0
-125 -540 541 0
-539 -31 540 0
-134 -4 539 0
-553 -548 552 0
-553 548 -552 0
-548 321 0
-548 547 0
-547 546 0
-547 264 0
-546 313 0
-546 545 0
-545 325 0
-545 142 0
-552 129 0
-552 551 0
-551 550 0
-551 65 0
-550 120 0
-550 549 0
-549 133 0
-549 142 0
-321 -547 548 0
-546 -264 547 0
-313 -545 546 0
-325 -142 545 0
-129 -551 552 0
-550 -65 551 0
-120 -549 550 0
-133 -142 549 0
-563 -558 562 0
-563 558 -562 0
-558 328 0
-558 557 0
-557 556 0
-557 272 0
-556 332 0
-556 555 0
-555 155 0
-555 213 0
-562 137 0
-562 561 0
-561 560 0
-561 74 0
-560 141 0
-560 559 0
-559 155 0
-559 4 0
-328 -557 558 0
-556 -272 557 0
-332 -555 556 0
-155 -213 555 0
-137 -561 562 0
-560 -74 561 0
-141 -559 560 0
-155 -4 559 0
-573 -568 572 0
-573 568 -572 0
-568 340 0
-568 567 0
-567 566 0
-567 283 0
-566 565 0
-566 227 0
-565 344 0
-565 159 0
-572 150 0
-572 571 0
-571 570 0
-571 86 0
-570 569 0
-570 22 0
-569 154 0
-569 159 0
-340 -567 568 0
-566 -283 567 0
-565 -227 566 0
-344 -159 565 0
-150 -571 572 0
-570 -86 571 0
-569 -22 570 0
-154 -159 569 0
-583 -578 582 0
-583 578 -582 0
-578 355 0
-578 577 0
-577 576 0
-577 295 0
-576 575 0
-576 235 0
-575 172 0
-575 213 0
-582 167 0
-582 581 0
-581 580 0
-581 99 0
-580 579 0
-580 31 0
-579 172 0
-579 4 0
-355 -577 578 0
-576 -295 577 0
-575 -235 576 0
-172 -213 575 0
-167 -581 582 0
-580 -99 581 0
-579 -31 580 0
-172 -4 579 0
-595 -589 594 0
-595 589 -594 0
-589 587 0
-589 588 0
-587 336 0
-587 586 0
-586 347 0
-586 585 0
-585 359 0
-585 176 0
-588 264 0
-588 321 0
-594 592 0
-594 593 0
-592 146 0
-592 591 0
-591 158 0
-591 590 0
-590 171 0
-590 176 0
-593 65 0
-593 129 0
-587 -588 589 0
-336 -586 587 0
-347 -585 586 0
-359 -176 585 0
-264 -321 588 0
-592 -593 594 0
-146 -591 592 0
-158 -590 591 0
-171 -176 590 0
-65 -129 593 0
-607 -601 606 0
-607 601 -606 0
-601 599 0
-601 600 0
-599 351 0
-599 598 0
-598 362 0
-598 597 0
-597 185 0
-597 213 0
-600 272 0
-600 328 0
-606 604 0
-606 605 0
-604 163 0
-604 603 0
-603 175 0
-603 602 0
-602 185 0
-602 4 0
-605 74 0
-605 137 0
-599 -600 601 0
-351 -598 599 0
-362 -597 598 0
-185 -213 597 0
-272 -328 600 0
-604 -605 606 0
-163 -603 604 0
-175 -602 603 0
-185 -4 602 0
-74 -137 605 0
-619 -613 618 0
-619 613 -618 0
-613 611 0
-613 612 0
-611 366 0
-611 610 0
-610 609 0
-610 227 0
-609 370 0
-609 189 0
-612 283 0
-612 340 0
-618 616 0
-618 617 0
-616 180 0
-616 615 0
-615 614 0
-615 22 0
-614 184 0
-614 189 0
-617 86 0
-617 150 0
-611 -612 613 0
-366 -610 611 0
-609 -227 610 0
-370 -189 609 0
-283 -340 612 0
-616 -617 618 0
-180 -615 616 0
-614 -22 615 0
-184 -189 614 0
-86 -150 617 0
-630 -624 629 0
-630 624 -629 0
-624 622 0
-624 623 0
-622 377 0
-622 621 0
-623 295 0
-623 355 0
-629 627 0
-629 628 0
-627 193 0
-627 626 0
-626 625 0
-626 31 0
-625 198 0
-625 4 0
-628 99 0
-628 167 0
-622 -623 624 0
-377 -621 622 0
-295 -355 623 0
-627 -628 629 0
-193 -626 627 0
-625 -31 626 0
-198 -4 625 0
-99 -167 628 0
-644 -637 643 0
-644 637 -643 0
-637 634 0
-637 636 0
-634 633 0
-634 264 0
-633 373 0
-633 632 0
-632 388 0
-632 202 0
-636 321 0
-636 635 0
-635 336 0
-635 366 0
-643 640 0
-643 642 0
-640 639 0
-640 65 0
-639 188 0
-639 638 0
-638 197 0
-638 202 0
-642 129 0
-642 641 0
-641 146 0
-641 180 0
-634 -636 637 0
-633 -264 634 0
-373 -632 633 0
-388 -202 632 0
-321 -635 636 0
-336 -366 635 0
-640 -642 643 0
-639 -65 640 0
-188 -638 639 0
-197 -202 638 0
-129 -641 642 0
-146 -180 641 0
-658 -651 657 0
-658 651 -657 0
-651 648 0
-651 650 0
-648 647 0
-648 272 0
-647 391 0
-647 646 0
-646 207 0
-646 213 0
-650 328 0
-650 649 0
-649 351 0
-649 377 0
-657 654 0
-657 656 0
-654 653 0
-654 74 0
-653 201 0
-653 652 0
-652 207 0
-652 4 0
-656 137 0
-656 655 0
-655 163 0
-655 193 0
-648 -650 651 0
-647 -272 648 0
-391 -646 647 0
-207 -213 646 0
-328 -649 650 0
-351 -377 649 0
-654 -656 657 0
-653 -74 654 0
-201 -652 653 0
-207 -4 652 0
-137 -655 656 0
-163 -193 655 0
-673 -665 672 0
-673 665 -672 0
-665 661 0
-665 664 0
-661 660 0
-661 283 0
-664 340 0
-664 663 0
-663 366 0
-663 662 0
-662 373 0
-662 391 0
-672 668 0
-672 671 0
-668 667 0
-668 86 0
-667 666 0
-667 22 0
-666 206 0
-666 399 0
-671 150 0
-671 670 0
-670 180 0
-670 669 0
-669 188 0
-669 201 0
-661 -664 665 0
-660 -283 661 0
-340 -663 664 0
-366 -662 663 0
-373 -391 662 0
-668 -671 672 0
-667 -86 668 0
-666 -22 667 0
-206 -399 666 0
-150 -670 671 0
-180 -669 670 0
-188 -201 669 0
-692 -683 691 0
-692 683 -691 0
-683 678 0
-683 682 0
-678 677 0
-678 295 0
-677 676 0
-677 235 0
-676 675 0
-676 213 0
-682 355 0
-682 681 0
-681 377 0
-681 680 0
-680 391 0
-680 679 0
-679 395 0
-679 -399 0
-691 686 0
-691 690 0
-686 685 0
-686 99 0
-685 684 0
-685 31 0
-684 675 0
-684 4 0
-690 167 0
-690 689 0
-689 193 0
-689 688 0
-688 201 0
-688 687 0
-687 206 0
-687 -399 0
-678 -682 683 0
-677 -295 678 0
-676 -235 677 0
-675 -213 676 0
-355 -681 682 0
-377 -680 681 0
-391 -679 680 0
-395 399 679 0
-686 -690 691 0
-685 -99 686 0
-684 -31 685 0
-675 -4 684 0
-167 -689 690 0
-193 -688 689 0
-201 -687 688 0
-206 399 687 0
2006 0
1 -2007 0
-5 -2007 0
-1 5 2007 0
9 -2008 0
-14 -2008 0
-9 14 2008 0
13 -2009 0
4 -2009 0
-13 -4 2009 0
18 -2010 0
-27 -2010 0
-18 27 2010 0
26 -2011 0
13 -2011 0
-26 -13 2011 0
35 -2012 0
-40 -2012 0
-35 40 2012 0
39 -2013 0
26 -2013 0
-39 -26 2013 0
48 -2014 0
-53 -2014 0
-48 53 2014 0
52 -2015 0
39 -2015 0
-52 -39 2015 0
44 -2016 0
22 -2016 0
-44 -22 2016 0
61 -2017 0
-70 -2017 0
-61 70 2017 0
57 -2018 0
31 -2018 0
-57 -31 2018 0
69 -2019 0
52 -2019 0
-69 -52 2019 0
44 -2020 0
82 -2020 0
-44 -82 2020 0
78 -2021 0
-91 -2021 0
-78 91 2021 0
69 -2022 0
90 -2022 0
-69 -90 2022 0
57 -2023 0
95 -2023 0
-57 -95 2023 0
-108 -2024 0
103 -2024 0
108 -103 2024 0
107 -2025 0
90 -2025 0
-107 -90 2025 0
-121 -2026 0
116 -2026 0
121 -116 2026 0
107 -2027 0
120 -2027 0
-107 -120 2027 0
112 -2028 0
82 -2028 0
-112 -82 2028 0
95 -2029 0
125 -2029 0
-95 -125 2029 0
-142 -2030 0
133 -2030 0
142 -133 2030 0
141 -2031 0
120 -2031 0
-141 -120 2031 0
112 -2032 0
146 -2032 0
-112 -146 2032 0
-159 -2033 0
154 -2033 0
159 -154 2033 0
158 -2034 0
141 -2034 0
-158 -141 2034 0
125 -2035 0
163 -2035 0
-125 -163 2035 0
-176 -2036 0
171 -2036 0
176 -171 2036 0
158 -2037 0
175 -2037 0
-158 -175 2037 0
-189 -2038 0
184 -2038 0
189 -184 2038 0
188 -2039 0
175 -2039 0
-188 -175 2039 0
-202 -2040 0
197 -2040 0
202 -197 2040 0
-5 -2041 0
210 -2041 0
5 -210 2041 0
-14 -2042 0
217 -2042 0
14 -217 2042 0
220 -2043 0
213 -2043 0
-220 -213 2043 0
-27 -2044 0
224 -2044 0
27 -224 2044 0
220 -2045 0
231 -2045 0
-220 -231 2045 0
-40 -2046 0
239 -2046 0
40 -239 2046 0
231 -2047 0
242 -2047 0
-231 -242 2047 0
250 -2048 0
-53 -2048 0
-250 53 2048 0
253 -2049 0
242 -2049 0
-253 -242 2049 0
246 -2050 0
227 -2050 0
-246 -227 2050 0
-70 -2051 0
261 -2051 0
70 -261 2051 0
257 -2052 0
235 -2052 0
-257 -235 2052 0
253 -2053 0
268 -2053 0
-253 -268 2053 0
246 -2054 0
279 -2054 0
-246 -279 2054 0
-91 -2055 0
276 -2055 0
91 -276 2055 0
268 -2056 0
287 -2056 0
-268 -287 2056 0
257 -2057 0
291 -2057 0
-257 -291 2057 0
-108 -2058 0
299 -2058 0
108 -299 2058 0
287 -2059 0
302 -2059 0
-287 -302 2059 0
-121 -2060 0
310 -2060 0
121 -310 2060 0
313 -2061 0
302 -2061 0
-313 -302 2061 0
279 -2062 0
306 -2062 0
-279 -306 2062 0
317 -2063 0
291 -2063 0
-317 -291 2063 0
325 -2064 0
-142 -2064 0
-325 142 2064 0
332 -2065 0
313 -2065 0
-332 -313 2065 0
336 -2066 0
306 -2066 0
-336 -306 2066 0
344 -2067 0
-159 -2067 0
-344 159 2067 0
332 -2068 0
347 -2068 0
-332 -347 2068 0
351 -2069 0
317 -2069 0
-351 -317 2069 0
359 -2070 0
-176 -2070 0
-359 176 2070 0
347 -2071 0
362 -2071 0
-347 -362 2071 0
370 -2072 0
-189 -2072 0
-370 189 2072 0
373 -2073 0
362 -2073 0
-373 -362 2073 0
198 -2074 0
213 -2074 0
-198 -213 2074 0
-202 -2075 0
388 -2075 0
202 -388 2075 0
395 -2076 0
399 -2076 0
-395 -399 2076 0
5 -2077 0
210 -2077 0
-5 -210 2077 0
1 -2078 0
5 -2078 0
-1 -5 2078 0
10 -2079 0
213 -2079 0
-10 -213 2079 0
4 -2080 0
10 -2080 0
-4 -10 2080 0
14 -2081 0
217 -2081 0
-14 -217 2081 0
213 -2082 0
417 -2082 0
-213 -417 2082 0
9 -2083 0
14 -2083 0
-9 -14 2083 0
4 -2084 0
419 -2084 0
-4 -419 2084 0
19 -2085 0
213 -2085 0
-19 -213 2085 0
220 -2086 0
423 -2086 0
-220 -423 2086 0
4 -2087 0
19 -2087 0
-4 -19 2087 0
13 -2088 0
425 -2088 0
-13 -425 2088 0
27 -2089 0
224 -2089 0
-27 -224 2089 0
227 -2090 0
429 -2090 0
-227 -429 2090 0
18 -2091 0
27 -2091 0
-18 -27 2091 0
22 -2092 0
431 -2092 0
-22 -431 2092 0
-36 -2093 0
-213 -2093 0
36 213 2093 0
235 -2094 0
-435 -2094 0
-235 435 2094 0
4 -2095 0
36 -2095 0
-4 -36 2095 0
31 -2096 0
437 -2096 0
-31 -437 2096 0
40 -2097 0
239 -2097 0
-40 -239 2097 0
231 -2098 0
441 -2098 0
-231 -441 2098 0
227 -2099 0
442 -2099 0
-227 -442 2099 0
35 -2100 0
40 -2100 0
-35 -40 2100 0
26 -2101 0
444 -2101 0
-26 -444 2101 0
22 -2102 0
445 -2102 0
-22 -445 2102 0
49 -2103 0
213 -2103 0
-49 -213 2103 0
242 -2104 0
449 -2104 0
-242 -449 2104 0
235 -2105 0
450 -2105 0
-235 -450 2105 0
4 -2106 0
49 -2106 0
-4 -49 2106 0
39 -2107 0
452 -2107 0
-39 -452 2107 0
31 -2108 0
453 -2108 0
-31 -453 2108 0
250 -2109 0
53 -2109 0
-250 -53 2109 0
227 -2110 0
457 -2110 0
-227 -457 2110 0
246 -2111 0
458 -2111 0
-246 -458 2111 0
48 -2112 0
53 -2112 0
-48 -53 2112 0
22 -2113 0
460 -2113 0
-22 -460 2113 0
44 -2114 0
461 -2114 0
-44 -461 2114 0
62 -2115 0
213 -2115 0
-62 -213 2115 0
235 -2116 0
465 -2116 0
-235 -465 2116 0
257 -2117 0
466 -2117 0
-257 -466 2117 0
62 -2118 0
4 -2118 0
-62 -4 2118 0
31 -2119 0
468 -2119 0
-31 -468 2119 0
57 -2120 0
469 -2120 0
-57 -469 2120 0
70 -2121 0
261 -2121 0
-70 -261 2121 0
253 -2122 0
473 -2122 0
-253 -473 2122 0
264 -2123 0
474 -2123 0
-264 -474 2123 0
61 -2124 0
70 -2124 0
-61 -70 2124 0
52 -2125 0
476 -2125 0
-52 -476 2125 0
65 -2126 0
477 -2126 0
-65 -477 2126 0
79 -2127 0
213 -2127 0
-79 -213 2127 0
268 -2128 0
481 -2128 0
-268 -481 2128 0
272 -2129 0
482 -2129 0
-272 -482 2129 0
79 -2130 0
4 -2130 0
-79 -4 2130 0
69 -2131 0
484 -2131 0
-69 -484 2131 0
74 -2132 0
485 -2132 0
-74 -485 2132 0
91 -2133 0
276 -2133 0
-91 -276 2133 0
227 -2134 0
489 -2134 0
-227 -489 2134 0
283 -2135 0
490 -2135 0
-283 -490 2135 0
78 -2136 0
91 -2136 0
-78 -91 2136 0
22 -2137 0
492 -2137 0
-22 -492 2137 0
86 -2138 0
493 -2138 0
-86 -493 2138 0
104 -2139 0
213 -2139 0
-104 -213 2139 0
235 -2140 0
497 -2140 0
-235 -497 2140 0
295 -2141 0
498 -2141 0
-295 -498 2141 0
104 -2142 0
4 -2142 0
-104 -4 2142 0
31 -2143 0
500 -2143 0
-31 -500 2143 0
99 -2144 0
501 -2144 0
-99 -501 2144 0
108 -2145 0
299 -2145 0
-108 -299 2145 0
287 -2146 0
505 -2146 0
-287 -505 2146 0
279 -2147 0
506 -2147 0
-279 -506 2147 0
264 -2148 0
507 -2148 0
-264 -507 2148 0
108 -2149 0
103 -2149 0
-108 -103 2149 0
90 -2150 0
509 -2150 0
-90 -509 2150 0
82 -2151 0
510 -2151 0
-82 -510 2151 0
65 -2152 0
511 -2152 0
-65 -511 2152 0
117 -2153 0
213 -2153 0
-117 -213 2153 0
302 -2154 0
515 -2154 0
-302 -515 2154 0
291 -2155 0
516 -2155 0
-291 -516 2155 0
272 -2156 0
517 -2156 0
-272 -517 2156 0
117 -2157 0
4 -2157 0
-117 -4 2157 0
107 -2158 0
519 -2158 0
-107 -519 2158 0
95 -2159 0
520 -2159 0
-95 -520 2159 0
74 -2160 0
521 -2160 0
-74 -521 2160 0
121 -2161 0
310 -2161 0
-121 -310 2161 0
227 -2162 0
525 -2162 0
-227 -525 2162 0
306 -2163 0
526 -2163 0
-306 -526 2163 0
283 -2164 0
527 -2164 0
-283 -527 2164 0
121 -2165 0
116 -2165 0
-121 -116 2165 0
22 -2166 0
529 -2166 0
-22 -529 2166 0
112 -2167 0
530 -2167 0
-112 -530 2167 0
86 -2168 0
531 -2168 0
-86 -531 2168 0
134 -2169 0
213 -2169 0
-134 -213 2169 0
235 -2170 0
535 -2170 0
-235 -535 2170 0
317 -2171 0
536 -2171 0
-317 -536 2171 0
295 -2172 0
537 -2172 0
-295 -537 2172 0
134 -2173 0
4 -2173 0
-134 -4 2173 0
31 -2174 0
539 -2174 0
-31 -539 2174 0
125 -2175 0
540 -2175 0
-125 -540 2175 0
99 -2176 0
541 -2176 0
-99 -541 2176 0
325 -2177 0
142 -2177 0
-325 -142 2177 0
313 -2178 0
545 -2178 0
-313 -545 2178 0
264 -2179 0
546 -2179 0
-264 -546 2179 0
321 -2180 0
547 -2180 0
-321 -547 2180 0
142 -2181 0
133 -2181 0
-142 -133 2181 0
120 -2182 0
549 -2182 0
-120 -549 2182 0
65 -2183 0
550 -2183 0
-65 -550 2183 0
129 -2184 0
551 -2184 0
-129 -551 2184 0
155 -2185 0
213 -2185 0
-155 -213 2185 0
332 -2186 0
555 -2186 0
-332 -555 2186 0
272 -2187 0
556 -2187 0
-272 -556 2187 0
328 -2188 0
557 -2188 0
-328 -557 2188 0
155 -2189 0
4 -2189 0
-155 -4 2189 0
141 -2190 0
559 -2190 0
-141 -559 2190 0
74 -2191 0
560 -2191 0
-74 -560 2191 0
137 -2192 0
561 -2192 0
-137 -561 2192 0
344 -2193 0
159 -2193 0
-344 -159 2193 0
227 -2194 0
565 -2194 0
-227 -565 2194 0
283 -2195 0
566 -2195 0
-283 -566 2195 0
340 -2196 0
567 -2196 0
-340 -567 2196 0
159 -2197 0
154 -2197 0
-159 -154 2197 0
22 -2198 0
569 -2198 0
-22 -569 2198 0
86 -2199 0
570 -2199 0
-86 -570 2199 0
150 -2200 0
571 -2200 0
-150 -571 2200 0
172 -2201 0
213 -2201 0
-172 -213 2201 0
235 -2202 0
575 -2202 0
-235 -575 2202 0
295 -2203 0
576 -2203 0
-295 -576 2203 0
355 -2204 0
577 -2204 0
-355 -577 2204 0
172 -2205 0
4 -2205 0
-172 -4 2205 0
31 -2206 0
579 -2206 0
-31 -579 2206 0
99 -2207 0
580 -2207 0
-99 -580 2207 0
167 -2208 0
581 -2208 0
-167 -581 2208 0
359 -2209 0
176 -2209 0
-359 -176 2209 0
347 -2210 0
585 -2210 0
-347 -585 2210 0
336 -2211 0
586 -2211 0
-336 -586 2211 0
321 -2212 0
264 -2212 0
-321 -264 2212 0
587 -2213 0
588 -2213 0
-587 -588 2213 0
176 -2214 0
171 -2214 0
-176 -171 2214 0
158 -2215 0
590 -2215 0
-158 -590 2215 0
146 -2216 0
591 -2216 0
-146 -591 2216 0
65 -2217 0
129 -2217 0
-65 -129 2217 0
592 -2218 0
593 -2218 0
-592 -593 2218 0
185 -2219 0
213 -2219 0
-185 -213 2219 0
362 -2220 0
597 -2220 0
-362 -597 2220 0
351 -2221 0
598 -2221 0
-351 -598 2221 0
328 -2222 0
272 -2222 0
-328 -272 2222 0
599 -2223 0
600 -2223 0
-599 -600 2223 0
185 -2224 0
4 -2224 0
-185 -4 2224 0
175 -2225 0
602 -2225 0
-175 -602 2225 0
163 -2226 0
603 -2226 0
-163 -603 2226 0
74 -2227 0
137 -2227 0
-74 -137 2227 0
604 -2228 0
605 -2228 0
-604 -605 2228 0
370 -2229 0
189 -2229 0
-370 -189 2229 0
227 -2230 0
609 -2230 0
-227 -609 2230 0
366 -2231 0
610 -2231 0
-366 -610 2231 0
340 -2232 0
283 -2232 0
-340 -283 2232 0
611 -2233 0
612 -2233 0
-611 -612 2233 0
189 -2234 0
184 -2234 0
-189 -184 2234 0
22 -2235 0
614 -2235 0
-22 -614 2235 0
180 -2236 0
615 -2236 0
-180 -615 2236 0
86 -2237 0
150 -2237 0
-86 -150 2237 0
616 -2238 0
617 -2238 0
-616 -617 2238 0
355 -2239 0
295 -2239 0
-355 -295 2239 0
622 -2240 0
623 -2240 0
-622 -623 2240 0
198 -2241 0
4 -2241 0
-198 -4 2241 0
31 -2242 0
625 -2242 0
-31 -625 2242 0
193 -2243 0
626 -2243 0
-193 -626 2243 0
99 -2244 0
167 -2244 0
-99 -167 2244 0
627 -2245 0
628 -2245 0
-627 -628 2245 0
202 -2246 0
388 -2246 0
-202 -388 2246 0
373 -2247 0
632 -2247 0
-373 -632 2247 0
264 -2248 0
633 -2248 0
-264 -633 2248 0
336 -2249 0
366 -2249 0
-336 -366 2249 0
321 -2250 0
635 -2250 0
-321 -635 2250 0
634 -2251 0
636 -2251 0
-634 -636 2251 0
202 -2252 0
197 -2252 0
-202 -197 2252 0
188 -2253 0
638 -2253 0
-188 -638 2253 0
65 -2254 0
639 -2254 0
-65 -639 2254 0
180 -2255 0
146 -2255 0
-180 -146 2255 0
129 -2256 0
641 -2256 0
-129 -641 2256 0
640 -2257 0
642 -2257 0
-640 -642 2257 0
207 -2258 0
213 -2258 0
-207 -213 2258 0
391 -2259 0
646 -2259 0
-391 -646 2259 0
272 -2260 0
647 -2260 0
-272 -647 2260 0
351 -2261 0
377 -2261 0
-351 -377 2261 0
328 -2262 0
649 -2262 0
-328 -649 2262 0
648 -2263 0
650 -2263 0
-648 -650 2263 0
207 -2264 0
4 -2264 0
-207 -4 2264 0
201 -2265 0
652 -2265 0
-201 -652 2265 0
74 -2266 0
653 -2266 0
-74 -653 2266 0
193 -2267 0
163 -2267 0
-193 -163 2267 0
137 -2268 0
655 -2268 0
-137 -655 2268 0
654 -2269 0
656 -2269 0
-654 -656 2269 0
373 -2270 0
391 -2270 0
-373 -391 2270 0
366 -2271 0
662 -2271 0
-366 -662 2271 0
340 -2272 0
663 -2272 0
-340 -663 2272 0
661 -2273 0
664 -2273 0
-661 -664 2273 0
399 -2274 0
206 -2274 0
-399 -206 2274 0
22 -2275 0
666 -2275 0
-22 -666 2275 0
86 -2276 0
667 -2276 0
-86 -667 2276 0
201 -2277 0
188 -2277 0
-201 -188 2277 0
180 -2278 0
669 -2278 0
-180 -669 2278 0
150 -2279 0
670 -2279 0
-150 -670 2279 0
668 -2280 0
671 -2280 0
-668 -671 2280 0
675 -2281 0
213 -2281 0
-675 -213 2281 0
235 -2282 0
676 -2282 0
-235 -676 2282 0
295 -2283 0
677 -2283 0
-295 -677 2283 0
395 -2284 0
-399 -2284 0
-395 399 2284 0
391 -2285 0
679 -2285 0
-391 -679 2285 0
377 -2286 0
680 -2286 0
-377 -680 2286 0
355 -2287 0
681 -2287 0
-355 -681 2287 0
678 -2288 0
682 -2288 0
-678 -682 2288 0
4 -2289 0
675 -2289 0
-4 -675 2289 0
31 -2290 0
684 -2290 0
-31 -684 2290 0
99 -2291 0
685 -2291 0
-99 -685 2291 0
-399 -2292 0
206 -2292 0
399 -206 2292 0
201 -2293 0
687 -2293 0
-201 -687 2293 0
193 -2294 0
688 -2294 0
-193 -688 2294 0
167 -2295 0
689 -2295 0
-167 -689 2295 0
686 -2296 0
690 -2296 0
-686 -690 2296 0
