c defined variables: 6 15 23 28 32 41 45 54 58 66 71 75 83 87 92 96 100 109 113 122 126 130 138 143 147 151 160 164 168 177 181 190 194 203 214 221 228 232 236 243 247 254 258 265 269 273 291 295 299 306 313 320 324 338 342 346 350 357 358 365 369 373 380 384 405 414 415 418 419 422 423 424 425 428 429 430 431 434 435 436 437 440 441 442 443 446 447 448 449 450 451 454 455 456 457 458 459 462 463 464 465 466 467 470 471 472 473 474 475 478 479 480 481 482 483 486 487 488 489 490 491 494 495 496 497 498 499 502 503 504 505 506 507 510 511 513 514 515 516 517 522 523 524 525 526 527 530 531 532 533 534 535 536 537 542 543 544 545 546 547 550 551 552 553 554 555 556 557 560 561 562 563 564 565 566 567 572 573 574 575 578 579 580 581 582 583 584 585 588 589 590 591 592 593 594 595 596 597 600 601 602 603 604 605 606 607 608 609 612 613 614 615 616 617 618 619 620 621 624 625 626 627 628 629 630 631 632 633 636 638 639 640 641 642 643 644 645 646 647 650 651 652 653 654 655 656 657 658 659 660 661 665 666 667 669 670 671 672 673 674 675 676 677 678 682 683 684 685 686 687 688 689 690 691 692 693 694 695 696 697 700 
p cnf 2289 2710
a 401 393 368 319 323 330 327 337 334 349 341 356 345 253 257 250 246 74 78 65 69 52 61 48 57 39 44 121 134 364 376 372 264 353 361 53 62 70 79 91 104 108 117 272 379 383 404 268 285 276 207 202 408 185 176 198 189 155 142 172 159 26 35 13 18 22 31 1 4 9 664 681 261 312 316 387 279 282 298 294 290 302 305 309 206 201 193 184 197 188 171 158 180 175 40 49 5 10 2 27 36 14 19 217 220 210 213 235 231 224 227 239 242 112 107 103 90 95 99 82 86 125 116 390 396 141 150 146 154 120 129 133 137 167 163 0
e 3 7 8 11 12 16 17 20 21 24 25 29 30 33 34 37 38 42 43 46 47 50 51 55 56 59 60 63 64 67 68 72 73 76 77 80 81 84 85 88 89 93 94 97 98 101 102 105 106 110 111 114 115 118 119 123 124 127 128 131 132 135 136 139 140 144 145 148 149 152 153 156 157 161 162 165 166 169 170 173 174 178 179 182 183 186 187 191 192 195 196 199 200 204 205 208 209 211 212 215 216 218 219 222 223 225 226 229 230 233 234 237 238 240 241 244 245 248 249 251 252 255 256 259 260 262 263 266 267 270 271 274 275 277 278 280 281 283 284 287 288 289 292 293 296 297 300 301 303 304 307 308 310 311 314 315 317 318 321 322 325 326 328 329 331 332 333 335 336 339 340 343 344 347 348 351 352 354 355 359 360 362 363 366 367 370 371 374 375 377 378 381 382 385 386 388 389 391 392 394 395 398 399 400 402 403 406 407 409 410 411 412 413 416 417 420 421 426 427 432 433 438 439 444 445 452 453 460 461 468 469 476 477 484 485 492 493 500 501 508 509 512 518 519 521 528 529 538 539 541 548 549 558 559 568 569 571 576 577 586 587 598 599 610 611 622 623 634 635 637 648 649 662 663 668 679 680 698 699 6 15 23 28 32 41 45 54 58 66 71 75 83 87 92 96 100 109 113 122 126 130 138 143 147 151 160 164 168 177 181 190 194 203 214 221 228 232 236 243 247 254 258 265 269 273 291 295 299 306 313 320 324 338 342 346 350 357 358 365 369 373 380 384 405 414 415 418 419 422 423 424 425 428 429 430 431 434 435 436 437 440 441 442 443 446 447 448 449 450 451 454 455 456 457 458 459 462 463 464 465 466 467 470 471 472 473 474 475 478 479 480 481 482 483 486 487 488 489 490 491 494 495 496 497 498 499 502 503 504 505 506 507 510 511 513 514 515 516 517 522 523 524 525 526 527 530 531 532 533 534 535 536 537 542 543 544 545 546 547 550 551 552 553 554 555 556 557 560 561 562 563 564 565 566 567 572 573 574 575 578 579 580 581 582 583 584 585 588 589 590 591 592 593 594 595 596 597 600 601 602 603 604 605 606 607 608 609 612 613 614 615 616 617 618 619 620 621 624 625 626 627 628 629 630 631 632 633 636 638 639 640 641 642 643 644 645 646 647 650 651 652 653 654 655 656 657 658 659 660 661 665 666 667 669 670 671 672 673 674 675 676 677 678 682 683 684 685 686 687 688 689 690 691 692 693 694 695 696 697 700 2009 2010 2011 2012 2013 2014 2015 2016 2017 2018 2019 2020 2021 2022 2023 2024 2025 2026 2027 2028 2029 2030 2031 2032 2033 2034 2035 2036 2037 2038 2039 2040 2041 2042 2043 2044 2045 2046 2047 2048 2049 2050 2051 2052 2053 2054 2055 2056 2057 2058 2059 2060 2061 2062 2063 2064 2065 2066 2067 2068 2069 2070 2071 2072 2073 2074 2075 2076 2077 2078 2079 2080 2081 2082 2083 2084 2085 2086 2087 2088 2089 2090 2091 2092 2093 2094 2095 2096 2097 2098 2099 2100 2101 2102 2103 2104 2105 2106 2107 2108 2109 2110 2111 2112 2113 2114 2115 2116 2117 2118 2119 2120 2121 2122 2123 2124 2125 2126 2127 2128 2129 2130 2131 2132 2133 2134 2135 2136 2137 2138 2139 2140 2141 2142 2143 2144 2145 2146 2147 2148 2149 2150 2151 2152 2153 2154 2155 2156 2157 2158 2159 2160 2161 2162 2163 2164 2165 2166 2167 2168 2169 2170 2171 2172 2173 2174 2175 2176 2177 2178 2179 2180 2181 2182 2183 2184 2185 2186 2187 2188 2189 2190 2191 2192 2193 2194 2195 2196 2197 2198 2199 2200 2201 2202 2203 2204 2205 2206 2207 2208 2209 2210 2211 2212 2213 2214 2215 2216 2217 2218 2219 2220 2221 2222 2223 2224 2225 2226 2227 2228 2229 2230 2231 2232 2233 2234 2235 2236 2237 2238 2239 2240 2241 2242 2243 2244 2245 2246 2247 2248 2249 2250 2251 2252 2253 2254 2255 2256 2257 2258 2259 2260 2261 2262 2263 2264 2265 2266 2267 2268 2269 2270 2271 2272 2273 2274 2275 2276 2277 2278 2279 2280 2281 2282 2283 2284 2285 2286 2287 2288 2289 0
d 286 279 282 0
d 540 134 327 0
d 520 309 117 0
d 397 393 390 0
d 570 356 361 0
2010 -6 0
-2010 6 0
2011 -15 0
-2011 15 0
2012 -23 0
-2012 23 0
2013 -28 0
-2013 28 0
2014 -32 0
-2014 32 0
2015 -41 0
-2015 41 0
2016 -45 0
-2016 45 0
2017 -54 0
-2017 54 0
2018 -58 0
-2018 58 0
2019 -66 0
-2019 66 0
2020 -71 0
-2020 71 0
2021 -75 0
-2021 75 0
2022 -83 0
-2022 83 0
2023 -87 0
-2023 87 0
2024 -92 0
-2024 92 0
2025 -96 0
-2025 96 0
2026 -100 0
-2026 100 0
2027 -109 0
-2027 109 0
2028 -113 0
-2028 113 0
2029 -122 0
-2029 122 0
2030 -126 0
-2030 126 0
2031 -130 0
-2031 130 0
2032 -138 0
-2032 138 0
2033 -143 0
-2033 143 0
2034 -147 0
-2034 147 0
2035 -151 0
-2035 151 0
2036 -160 0
-2036 160 0
2037 -164 0
-2037 164 0
2038 -168 0
-2038 168 0
2039 -177 0
-2039 177 0
2040 -181 0
-2040 181 0
2041 -190 0
-2041 190 0
2042 -194 0
-2042 194 0
2043 -203 0
-2043 203 0
2044 -214 0
-2044 214 0
2045 -221 0
-2045 221 0
2046 -228 0
-2046 228 0
2047 -232 0
-2047 232 0
2048 -236 0
-2048 236 0
2049 -243 0
-2049 243 0
2050 -247 0
-2050 247 0
2051 -254 0
-2051 254 0
2052 -258 0
-2052 258 0
2053 -265 0
-2053 265 0
2054 -269 0
-2054 269 0
2055 -273 0
-2055 273 0
2056 -291 0
-2056 291 0
2057 -295 0
-2057 295 0
2058 -299 0
-2058 299 0
2059 -306 0
-2059 306 0
2060 -313 0
-2060 313 0
2061 -320 0
-2061 320 0
2062 -324 0
-2062 324 0
2063 -338 0
-2063 338 0
2064 -342 0
-2064 342 0
2065 -346 0
-2065 346 0
2066 -350 0
-2066 350 0
2067 -357 0
-2067 357 0
2068 -358 0
-2068 358 0
2069 -365 0
-2069 365 0
2070 -369 0
-2070 369 0
2071 -373 0
-2071 373 0
2072 -380 0
-2072 380 0
2073 -384 0
-2073 384 0
2074 -405 0
-2074 405 0
2075 -414 0
-2075 414 0
2076 -415 0
-2076 415 0
2077 -418 0
-2077 418 0
2078 -419 0
-2078 419 0
2079 -422 0
-2079 422 0
2080 -423 0
-2080 423 0
2081 -424 0
-2081 424 0
2082 -425 0
-2082 425 0
2083 -428 0
-2083 428 0
2084 -429 0
-2084 429 0
2085 -430 0
-2085 430 0
2086 -431 0
-2086 431 0
2087 -434 0
-2087 434 0
2088 -435 0
-2088 435 0
2089 -436 0
-2089 436 0
2090 -437 0
-2090 437 0
2091 -440 0
-2091 440 0
2092 -441 0
-2092 441 0
2093 -442 0
-2093 442 0
2094 -443 0
-2094 443 0
2095 -446 0
-2095 446 0
2096 -447 0
-2096 447 0
2097 -448 0
-2097 448 0
2098 -449 0
-2098 449 0
2099 -450 0
-2099 450 0
2100 -451 0
-2100 451 0
2101 -454 0
-2101 454 0
2102 -455 0
-2102 455 0
2103 -456 0
-2103 456 0
2104 -457 0
-2104 457 0
2105 -458 0
-2105 458 0
2106 -459 0
-2106 459 0
2107 -462 0
-2107 462 0
2108 -463 0
-2108 463 0
2109 -464 0
-2109 464 0
2110 -465 0
-2110 465 0
2111 -466 0
-2111 466 0
2112 -467 0
-2112 467 0
2113 -470 0
-2113 470 0
2114 -471 0
-2114 471 0
2115 -472 0
-2115 472 0
2116 -473 0
-2116 473 0
2117 -474 0
-2117 474 0
2118 -475 0
-2118 475 0
2119 -478 0
-2119 478 0
2120 -479 0
-2120 479 0
2121 -480 0
-2121 480 0
2122 -481 0
-2122 481 0
2123 -482 0
-2123 482 0
2124 -483 0
-2124 483 0
2125 -486 0
-2125 486 0
2126 -487 0
-2126 487 0
2127 -488 0
-2127 488 0
2128 -489 0
-2128 489 0
2129 -490 0
-2129 490 0
2130 -491 0
-2130 491 0
2131 -494 0
-2131 494 0
2132 -495 0
-2132 495 0
2133 -496 0
-2133 496 0
2134 -497 0
-2134 497 0
2135 -498 0
-2135 498 0
2136 -499 0
-2136 499 0
2137 -502 0
-2137 502 0
2138 -503 0
-2138 503 0
2139 -504 0
-2139 504 0
2140 -505 0
-2140 505 0
2141 -506 0
-2141 506 0
2142 -507 0
-2142 507 0
2143 -510 0
-2143 510 0
2144 -511 0
-2144 511 0
2145 -513 0
-2145 513 0
2146 -514 0
-2146 514 0
2147 -515 0
-2147 515 0
2148 -516 0
-2148 516 0
2149 -517 0
-2149 517 0
2150 -522 0
-2150 522 0
2151 -523 0
-2151 523 0
2152 -524 0
-2152 524 0
2153 -525 0
-2153 525 0
2154 -526 0
-2154 526 0
2155 -527 0
-2155 527 0
2156 -530 0
-2156 530 0
2157 -531 0
-2157 531 0
2158 -532 0
-2158 532 0
2159 -533 0
-2159 533 0
2160 -534 0
-2160 534 0
2161 -535 0
-2161 535 0
2162 -536 0
-2162 536 0
2163 -537 0
-2163 537 0
2164 -542 0
-2164 542 0
2165 -543 0
-2165 543 0
2166 -544 0
-2166 544 0
2167 -545 0
-2167 545 0
2168 -546 0
-2168 546 0
2169 -547 0
-2169 547 0
2170 -550 0
-2170 550 0
2171 -551 0
-2171 551 0
2172 -552 0
-2172 552 0
2173 -553 0
-2173 553 0
2174 -554 0
-2174 554 0
2175 -555 0
-2175 555 0
2176 -556 0
-2176 556 0
2177 -557 0
-2177 557 0
2178 -560 0
-2178 560 0
2179 -561 0
-2179 561 0
2180 -562 0
-2180 562 0
2181 -563 0
-2181 563 0
2182 -564 0
-2182 564 0
2183 -565 0
-2183 565 0
2184 -566 0
-2184 566 0
2185 -567 0
-2185 567 0
2186 -572 0
-2186 572 0
2187 -573 0
-2187 573 0
2188 -574 0
-2188 574 0
2189 -575 0
-2189 575 0
2190 -578 0
-2190 578 0
2191 -579 0
-2191 579 0
2192 -580 0
-2192 580 0
2193 -581 0
-2193 581 0
2194 -582 0
-2194 582 0
2195 -583 0
-2195 583 0
2196 -584 0
-2196 584 0
2197 -585 0
-2197 585 0
2198 -588 0
-2198 588 0
2199 -589 0
-2199 589 0
2200 -590 0
-2200 590 0
2201 -591 0
-2201 591 0
2202 -592 0
-2202 592 0
2203 -593 0
-2203 593 0
2204 -594 0
-2204 594 0
2205 -595 0
-2205 595 0
2206 -596 0
-2206 596 0
2207 -597 0
-2207 597 0
2208 -600 0
-2208 600 0
2209 -601 0
-2209 601 0
2210 -602 0
-2210 602 0
2211 -603 0
-2211 603 0
2212 -604 0
-2212 604 0
2213 -605 0
-2213 605 0
2214 -606 0
-2214 606 0
2215 -607 0
-2215 607 0
2216 -608 0
-2216 608 0
2217 -609 0
-2217 609 0
2218 -612 0
-2218 612 0
2219 -613 0
-2219 613 0
2220 -614 0
-2220 614 0
2221 -615 0
-2221 615 0
2222 -616 0
-2222 616 0
2223 -617 0
-2223 617 0
2224 -618 0
-2224 618 0
2225 -619 0
-2225 619 0
2226 -620 0
-2226 620 0
2227 -621 0
-2227 621 0
2228 -624 0
-2228 624 0
2229 -625 0
-2229 625 0
2230 -626 0
-2230 626 0
2231 -627 0
-2231 627 0
2232 -628 0
-2232 628 0
2233 -629 0
-2233 629 0
2234 -630 0
-2234 630 0
2235 -631 0
-2235 631 0
2236 -632 0
-2236 632 0
2237 -633 0
-2237 633 0
2238 -636 0
-2238 636 0
2239 -638 0
-2239 638 0
2240 -639 0
-2240 639 0
2241 -640 0
-2241 640 0
2242 -641 0
-2242 641 0
2243 -642 0
-2243 642 0
2244 -643 0
-2244 643 0
2245 -644 0
-2245 644 0
2246 -645 0
-2246 645 0
2247 -646 0
-2247 646 0
2248 -647 0
-2248 647 0
2249 -650 0
-2249 650 0
2250 -651 0
-2250 651 0
2251 -652 0
-2251 652 0
2252 -653 0
-2252 653 0
2253 -654 0
-2253 654 0
2254 -655 0
-2254 655 0
2255 -656 0
-2255 656 0
2256 -657 0
-2256 657 0
2257 -658 0
-2257 658 0
2258 -659 0
-2258 659 0
2259 -660 0
-2259 660 0
2260 -661 0
-2260 661 0
2261 -665 0
-2261 665 0
2262 -666 0
-2262 666 0
-2263 -667 0
2263 667 0
2264 -669 0
-2264 669 0
2265 -670 0
-2265 670 0
2266 -671 0
-2266 671 0
2267 -672 0
-2267 672 0
2268 -673 0
-2268 673 0
2269 -674 0
-2269 674 0
2270 -675 0
-2270 675 0
2271 -676 0
-2271 676 0
2272 -677 0
-2272 677 0
2273 -678 0
-2273 678 0
2274 -682 0
-2274 682 0
2275 -683 0
-2275 683 0
2276 -684 0
-2276 684 0
2277 -685 0
-2277 685 0
2278 -686 0
-2278 686 0
2279 -687 0
-2279 687 0
2280 -688 0
-2280 688 0
2281 -689 0
-2281 689 0
2282 -690 0
-2282 690 0
2283 -691 0
-2283 691 0
2284 -692 0
-2284 692 0
2285 -693 0
-2285 693 0
2286 -694 0
-2286 694 0
2287 -695 0
-2287 695 0
2288 -696 0
-2288 696 0
2289 -697 0
-2289 697 0
2009 -700 0
-2009 700 0
700 0
-700 410 699 0
-410 407 -409 0
-407 403 -406 0
-403 400 -402 0
-400 395 -399 0
-395 392 -394 0
-392 389 -391 0
-389 386 -388 0
-386 382 -385 0
-382 378 -381 0
-378 375 -377 0
-375 371 -374 0
-371 367 -370 0
-367 363 -366 0
-363 360 -362 0
-360 355 -359 0
-355 352 -354 0
-352 348 -351 0
-348 344 -347 0
-344 340 -343 0
-340 336 -339 0
-336 333 -335 0
-333 329 -332 0
-329 326 -328 0
-326 322 -325 0
-322 318 -321 0
-318 315 -317 0
-315 311 -314 0
-311 308 -310 0
-308 304 -307 0
-304 301 -303 0
-301 297 -300 0
-297 293 -296 0
-293 289 -292 0
-289 284 -288 0
-284 281 -283 0
-281 278 -280 0
-278 275 -277 0
-275 271 -274 0
-271 267 -270 0
-267 263 -266 0
-263 260 -262 0
-260 256 -259 0
-256 252 -255 0
-252 249 -251 0
-249 245 -248 0
-245 241 -244 0
-241 238 -240 0
-238 234 -237 0
-234 230 -233 0
-230 226 -229 0
-226 223 -225 0
-223 219 -222 0
-219 216 -218 0
-216 212 -215 0
-212 209 -211 0
-209 205 -208 0
-205 200 -204 0
-200 196 -199 0
-196 192 -195 0
-192 187 -191 0
-187 183 -186 0
-183 179 -182 0
-179 174 -178 0
-174 170 -173 0
-170 166 -169 0
-166 162 -165 0
-162 157 -161 0
-157 153 -156 0
-153 149 -152 0
-149 145 -148 0
-145 140 -144 0
-140 136 -139 0
-136 132 -135 0
-132 128 -131 0
-128 124 -127 0
-124 119 -123 0
-119 115 -118 0
-115 111 -114 0
-111 106 -110 0
-106 102 -105 0
-102 98 -101 0
-98 94 -97 0
-94 89 -93 0
-89 85 -88 0
-85 81 -84 0
-81 77 -80 0
-77 73 -76 0
-73 68 -72 0
-68 64 -67 0
-64 60 -63 0
-60 56 -59 0
-56 51 -55 0
-51 47 -50 0
-47 43 -46 0
-43 38 -42 0
-38 34 -37 0
-34 30 -33 0
-30 25 -29 0
-25 21 -24 0
-21 17 -20 0
-17 12 -16 0
-12 8 -11 0
-8 -3 -7 0
1 -2 3 0
-1 2 3 0
4 6 7 0
-4 -6 7 0
-1 5 6 0
-6 1 0
-6 -5 0
9 -10 11 0
-9 10 11 0
13 15 16 0
-13 -15 16 0
-9 14 15 0
-15 9 0
-15 -14 0
18 -19 20 0
-18 19 20 0
22 23 24 0
-22 -23 24 0
-4 -13 23 0
-23 4 0
-23 13 0
26 28 29 0
-26 -28 29 0
-18 27 28 0
-28 18 0
-28 -27 0
31 32 33 0
-31 -32 33 0
-13 -26 32 0
-32 13 0
-32 26 0
35 -36 37 0
-35 36 37 0
39 41 42 0
-39 -41 42 0
-35 40 41 0
-41 35 0
-41 -40 0
44 45 46 0
-44 -45 46 0
-26 -39 45 0
-45 26 0
-45 39 0
48 -49 50 0
-48 49 50 0
52 54 55 0
-52 -54 55 0
-48 53 54 0
-54 48 0
-54 -53 0
57 58 59 0
-57 -58 59 0
-39 -52 58 0
-58 39 0
-58 52 0
61 -62 63 0
-61 62 63 0
65 66 67 0
-65 -66 67 0
-22 -44 66 0
-66 22 0
-66 44 0
69 71 72 0
-69 -71 72 0
-61 70 71 0
-71 61 0
-71 -70 0
74 75 76 0
-74 -75 76 0
-31 -57 75 0
-75 31 0
-75 57 0
78 -79 80 0
-78 79 80 0
82 83 84 0
-82 -83 84 0
-52 -69 83 0
-83 52 0
-83 69 0
86 87 88 0
-86 -87 88 0
-44 -82 87 0
-87 44 0
-87 82 0
90 92 93 0
-90 -92 93 0
-78 91 92 0
-92 78 0
-92 -91 0
95 96 97 0
-95 -96 97 0
-69 -90 96 0
-96 69 0
-96 90 0
99 100 101 0
-99 -100 101 0
-57 -95 100 0
-100 57 0
-100 95 0
103 -104 105 0
-103 104 105 0
107 109 110 0
-107 -109 110 0
-103 108 109 0
-109 103 0
-109 -108 0
112 113 114 0
-112 -113 114 0
-90 -107 113 0
-113 90 0
-113 107 0
116 -117 118 0
-116 117 118 0
120 122 123 0
-120 -122 123 0
-116 121 122 0
-122 116 0
-122 -121 0
125 126 127 0
-125 -126 127 0
-107 -120 126 0
-126 107 0
-126 120 0
129 130 131 0
-129 -130 131 0
-82 -112 130 0
-130 82 0
-130 112 0
133 -134 135 0
-133 134 135 0
137 138 139 0
-137 -138 139 0
-95 -125 138 0
-138 95 0
-138 125 0
141 143 144 0
-141 -143 144 0
-133 142 143 0
-143 133 0
-143 -142 0
146 147 148 0
-146 -147 148 0
-120 -141 147 0
-147 120 0
-147 141 0
150 151 152 0
-150 -151 152 0
-112 -146 151 0
-151 112 0
-151 146 0
154 -155 156 0
-154 155 156 0
158 160 161 0
-158 -160 161 0
-154 159 160 0
-160 154 0
-160 -159 0
163 164 165 0
-163 -164 165 0
-141 -158 164 0
-164 141 0
-164 158 0
167 168 169 0
-167 -168 169 0
-125 -163 168 0
-168 125 0
-168 163 0
171 -172 173 0
-171 172 173 0
175 177 178 0
-175 -177 178 0
-171 176 177 0
-177 171 0
-177 -176 0
180 181 182 0
-180 -181 182 0
-158 -175 181 0
-181 158 0
-181 175 0
184 -185 186 0
-184 185 186 0
188 190 191 0
-188 -190 191 0
-184 189 190 0
-190 184 0
-190 -189 0
193 194 195 0
-193 -194 195 0
-175 -188 194 0
-194 175 0
-194 188 0
197 -198 199 0
-197 198 199 0
201 203 204 0
-201 -203 204 0
-197 202 203 0
-203 197 0
-203 -202 0
206 -207 208 0
-206 207 208 0
210 -2 211 0
-210 2 211 0
213 214 215 0
-213 -214 215 0
-210 5 214 0
-214 210 0
-214 -5 0
217 -10 218 0
-217 10 218 0
220 221 222 0
-220 -221 222 0
-217 14 221 0
-221 217 0
-221 -14 0
224 -19 225 0
-224 19 225 0
227 228 229 0
-227 -228 229 0
-213 -220 228 0
-228 213 0
-228 220 0
231 232 233 0
-231 -232 233 0
-224 27 232 0
-232 224 0
-232 -27 0
235 236 237 0
-235 -236 237 0
-220 -231 236 0
-236 220 0
-236 231 0
239 -36 240 0
-239 36 240 0
242 243 244 0
-242 -243 244 0
-239 40 243 0
-243 239 0
-243 -40 0
246 247 248 0
-246 -247 248 0
-231 -242 247 0
-247 231 0
-247 242 0
250 -49 251 0
-250 49 251 0
253 254 255 0
-253 -254 255 0
-250 53 254 0
-254 250 0
-254 -53 0
257 258 259 0
-257 -258 259 0
-242 -253 258 0
-258 242 0
-258 253 0
261 -62 262 0
-261 62 262 0
264 265 266 0
-264 -265 266 0
-227 -246 265 0
-265 227 0
-265 246 0
268 269 270 0
-268 -269 270 0
-261 70 269 0
-269 261 0
-269 -70 0
272 273 274 0
-272 -273 274 0
-235 -257 273 0
-273 235 0
-273 257 0
276 -79 277 0
-276 79 277 0
279 253 280 0
-279 -253 280 0
282 268 283 0
-282 -268 283 0
285 287 288 0
-285 -287 288 0
-246 -286 287 0
-287 246 0
-287 286 0
290 291 292 0
-290 -291 292 0
-276 91 291 0
-291 276 0
-291 -91 0
294 295 296 0
-294 -295 296 0
-268 -290 295 0
-295 268 0
-295 290 0
298 299 300 0
-298 -299 300 0
-257 -294 299 0
-299 257 0
-299 294 0
302 -104 303 0
-302 104 303 0
305 306 307 0
-305 -306 307 0
-302 108 306 0
-306 302 0
-306 -108 0
309 213 310 0
-309 -213 310 0
312 313 314 0
-312 -313 314 0
-290 -305 313 0
-313 290 0
-313 305 0
316 -117 317 0
-316 117 317 0
319 320 321 0
-319 -320 321 0
-316 121 320 0
-320 316 0
-320 -121 0
323 324 325 0
-323 -324 325 0
-305 -319 324 0
-324 305 0
-324 319 0
327 213 328 0
-327 -213 328 0
330 331 332 0
-330 -331 332 0
-286 -312 331 0
-331 286 0
-331 312 0
334 -134 335 0
-334 134 335 0
337 338 339 0
-337 -338 339 0
-294 -323 338 0
-338 294 0
-338 323 0
341 342 343 0
-341 -342 343 0
-334 142 342 0
-342 334 0
-342 -142 0
345 346 347 0
-345 -346 347 0
-319 -341 346 0
-346 319 0
-346 341 0
349 350 351 0
-349 -350 351 0
-312 -345 350 0
-350 312 0
-350 345 0
353 -155 354 0
-353 155 354 0
356 358 359 0
-356 -358 359 0
-357 -227 358 0
-353 -159 357 0
-358 357 0
-358 227 0
-357 353 0
-357 159 0
361 285 362 0
-361 -285 362 0
364 365 366 0
-364 -365 366 0
-353 159 365 0
-365 353 0
-365 -159 0
368 369 370 0
-368 -369 370 0
-341 -364 369 0
-369 341 0
-369 364 0
372 373 374 0
-372 -373 374 0
-323 -368 373 0
-373 323 0
-373 368 0
376 -172 377 0
-376 172 377 0
379 380 381 0
-379 -380 381 0
-376 176 380 0
-380 376 0
-380 -176 0
383 384 385 0
-383 -384 385 0
-364 -379 384 0
-384 364 0
-384 379 0
387 -185 388 0
-387 185 388 0
390 387 391 0
-390 -387 391 0
393 -189 394 0
-393 189 394 0
396 398 399 0
-396 -398 399 0
-379 -397 398 0
-398 379 0
-398 397 0
401 -198 402 0
-401 198 402 0
404 405 406 0
-404 -405 406 0
-401 202 405 0
-405 401 0
-405 -202 0
408 -207 409 0
-408 207 409 0
-699 680 0
-699 698 0
-680 663 0
-680 679 0
-663 649 0
-663 662 0
-649 635 0
-649 648 0
-635 623 0
-635 634 0
-623 611 0
-623 622 0
-611 599 0
-611 610 0
-599 587 0
-599 598 0
-587 577 0
-587 586 0
-577 569 0
-577 576 0
-569 559 0
-569 568 0
-559 549 0
-559 558 0
-549 539 0
-549 548 0
-539 529 0
-539 538 0
-529 519 0
-529 528 0
-519 509 0
-519 518 0
-509 501 0
-509 508 0
-501 493 0
-501 500 0
-493 485 0
-493 492 0
-485 477 0
-485 484 0
-477 469 0
-477 476 0
-469 461 0
-469 468 0
-461 453 0
-461 460 0
-453 445 0
-453 452 0
-445 439 0
-445 444 0
-439 433 0
-439 438 0
-433 427 0
-433 432 0
-427 421 0
-427 426 0
-421 417 0
-421 420 0
-417 413 0
-417 416 0
-413 411 0
-413 412 0
-411 -2 2 0
-411 2 -2 0
-412 -2 2 0
-412 2 -2 0
-416 -414 415 0
-416 414 -415 0
-414 210 0
-414 5 0
-415 1 0
-415 5 0
-210 -5 414 0
-1 -5 415 0
-420 -418 419 0
-420 418 -419 0
-418 10 0
-418 213 0
-419 10 0
-419 4 0
-10 -213 418 0
-10 -4 419 0
-426 -423 425 0
-426 423 -425 0
-423 213 0
-423 422 0
-422 217 0
-422 14 0
-425 4 0
-425 424 0
-424 9 0
-424 14 0
-213 -422 423 0
-217 -14 422 0
-4 -424 425 0
-9 -14 424 0
-432 -429 431 0
-432 429 -431 0
-429 220 0
-429 428 0
-428 19 0
-428 213 0
-431 13 0
-431 430 0
-430 19 0
-430 4 0
-220 -428 429 0
-19 -213 428 0
-13 -430 431 0
-19 -4 430 0
-438 -435 437 0
-438 435 -437 0
-435 434 0
-435 227 0
-434 224 0
-434 27 0
-437 436 0
-437 22 0
-436 18 0
-436 27 0
-434 -227 435 0
-224 -27 434 0
-436 -22 437 0
-18 -27 436 0
-444 -441 443 0
-444 441 -443 0
-441 440 0
-441 235 0
-440 36 0
-440 213 0
-443 442 0
-443 31 0
-442 36 0
-442 4 0
-440 -235 441 0
-36 -213 440 0
-442 -31 443 0
-36 -4 442 0
-452 -448 451 0
-452 448 -451 0
-448 227 0
-448 447 0
-447 231 0
-447 446 0
-446 239 0
-446 40 0
-451 22 0
-451 450 0
-450 26 0
-450 449 0
-449 35 0
-449 40 0
-227 -447 448 0
-231 -446 447 0
-239 -40 446 0
-22 -450 451 0
-26 -449 450 0
-35 -40 449 0
-460 -456 459 0
-460 456 -459 0
-456 235 0
-456 455 0
-455 242 0
-455 454 0
-454 49 0
-454 213 0
-459 31 0
-459 458 0
-458 39 0
-458 457 0
-457 49 0
-457 4 0
-235 -455 456 0
-242 -454 455 0
-49 -213 454 0
-31 -458 459 0
-39 -457 458 0
-49 -4 457 0
-468 -464 467 0
-468 464 -467 0
-464 246 0
-464 463 0
-463 462 0
-463 227 0
-462 250 0
-462 53 0
-467 44 0
-467 466 0
-466 465 0
-466 22 0
-465 48 0
-465 53 0
-246 -463 464 0
-462 -227 463 0
-250 -53 462 0
-44 -466 467 0
-465 -22 466 0
-48 -53 465 0
-476 -472 475 0
-476 472 -475 0
-472 257 0
-472 471 0
-471 470 0
-471 235 0
-470 62 0
-470 213 0
-475 57 0
-475 474 0
-474 473 0
-474 31 0
-473 62 0
-473 4 0
-257 -471 472 0
-470 -235 471 0
-62 -213 470 0
-57 -474 475 0
-473 -31 474 0
-62 -4 473 0
-484 -480 483 0
-484 480 -483 0
-480 479 0
-480 264 0
-479 253 0
-479 478 0
-478 261 0
-478 70 0
-483 482 0
-483 65 0
-482 52 0
-482 481 0
-481 61 0
-481 70 0
-479 -264 480 0
-253 -478 479 0
-261 -70 478 0
-482 -65 483 0
-52 -481 482 0
-61 -70 481 0
-492 -488 491 0
-492 488 -491 0
-488 487 0
-488 272 0
-487 268 0
-487 486 0
-486 79 0
-486 213 0
-491 490 0
-491 74 0
-490 69 0
-490 489 0
-489 79 0
-489 4 0
-487 -272 488 0
-268 -486 487 0
-79 -213 486 0
-490 -74 491 0
-69 -489 490 0
-79 -4 489 0
-500 -496 499 0
-500 496 -499 0
-496 495 0
-496 285 0
-495 494 0
-495 227 0
-494 276 0
-494 91 0
-499 498 0
-499 86 0
-498 497 0
-498 22 0
-497 78 0
-497 91 0
-495 -285 496 0
-494 -227 495 0
-276 -91 494 0
-498 -86 499 0
-497 -22 498 0
-78 -91 497 0
-508 -504 507 0
-508 504 -507 0
-504 503 0
-504 298 0
-503 502 0
-503 235 0
-502 104 0
-502 213 0
-507 506 0
-507 99 0
-506 505 0
-506 31 0
-505 104 0
-505 4 0
-503 -298 504 0
-502 -235 503 0
-104 -213 502 0
-506 -99 507 0
-505 -31 506 0
-104 -4 505 0
-518 -513 517 0
-518 513 -517 0
-513 264 0
-513 512 0
-512 286 0
-512 511 0
-511 290 0
-511 510 0
-510 302 0
-510 108 0
-517 65 0
-517 516 0
-516 82 0
-516 515 0
-515 90 0
-515 514 0
-514 103 0
-514 108 0
-264 -512 513 0
-286 -511 512 0
-290 -510 511 0
-302 -108 510 0
-65 -516 517 0
-82 -515 516 0
-90 -514 515 0
-103 -108 514 0
-528 -523 527 0
-528 523 -527 0
-523 272 0
-523 522 0
-522 294 0
-522 521 0
-521 305 0
-521 520 0
-527 74 0
-527 526 0
-526 95 0
-526 525 0
-525 107 0
-525 524 0
-524 117 0
-524 4 0
-272 -522 523 0
-294 -521 522 0
-305 -520 521 0
-74 -526 527 0
-95 -525 526 0
-107 -524 525 0
-117 -4 524 0
-538 -533 537 0
-538 533 -537 0
-533 285 0
-533 532 0
-532 312 0
-532 531 0
-531 530 0
-531 227 0
-530 316 0
-530 121 0
-537 86 0
-537 536 0
-536 112 0
-536 535 0
-535 534 0
-535 22 0
-534 116 0
-534 121 0
-285 -532 533 0
-312 -531 532 0
-530 -227 531 0
-316 -121 530 0
-86 -536 537 0
-112 -535 536 0
-534 -22 535 0
-116 -121 534 0
-548 -543 547 0
-548 543 -547 0
-543 298 0
-543 542 0
-542 323 0
-542 541 0
-541 540 0
-541 235 0
-547 99 0
-547 546 0
-546 125 0
-546 545 0
-545 544 0
-545 31 0
-544 134 0
-544 4 0
-298 -542 543 0
-323 -541 542 0
-540 -235 541 0
-99 -546 547 0
-125 -545 546 0
-544 -31 545 0
-134 -4 544 0
-558 -553 557 0
-558 553 -557 0
-553 330 0
-553 552 0
-552 551 0
-552 264 0
-551 319 0
-551 550 0
-550 334 0
-550 142 0
-557 129 0
-557 556 0
-556 555 0
-556 65 0
-555 120 0
-555 554 0
-554 133 0
-554 142 0
-330 -552 553 0
-551 -264 552 0
-319 -550 551 0
-334 -142 550 0
-129 -556 557 0
-555 -65 556 0
-120 -554 555 0
-133 -142 554 0
-568 -563 567 0
-568 563 -567 0
-563 337 0
-563 562 0
-562 561 0
-562 272 0
-561 341 0
-561 560 0
-560 155 0
-560 213 0
-567 137 0
-567 566 0
-566 565 0
-566 74 0
-565 141 0
-565 564 0
-564 155 0
-564 4 0
-337 -562 563 0
-561 -272 562 0
-341 -560 561 0
-155 -213 560 0
-137 -566 567 0
-565 -74 566 0
-141 -564 565 0
-155 -4 564 0
-576 -571 575 0
-576 571 -575 0
-571 349 0
-571 570 0
-575 150 0
-575 574 0
-574 573 0
-574 86 0
-573 572 0
-573 22 0
-572 154 0
-572 159 0
-349 -570 571 0
-150 -574 575 0
-573 -86 574 0
-572 -22 573 0
-154 -159 572 0
-586 -581 585 0
-586 581 -585 0
-581 372 0
-581 580 0
-580 579 0
-580 298 0
-579 578 0
-579 235 0
-578 172 0
-578 213 0
-585 167 0
-585 584 0
-584 583 0
-584 99 0
-583 582 0
-583 31 0
-582 172 0
-582 4 0
-372 -580 581 0
-579 -298 580 0
-578 -235 579 0
-172 -213 578 0
-167 -584 585 0
-583 -99 584 0
-582 -31 583 0
-172 -4 582 0
-598 -592 597 0
-598 592 -597 0
-592 590 0
-592 591 0
-590 345 0
-590 589 0
-589 364 0
-589 588 0
-588 376 0
-588 176 0
-591 264 0
-591 330 0
-597 595 0
-597 596 0
-595 146 0
-595 594 0
-594 158 0
-594 593 0
-593 171 0
-593 176 0
-596 65 0
-596 129 0
-590 -591 592 0
-345 -589 590 0
-364 -588 589 0
-376 -176 588 0
-264 -330 591 0
-595 -596 597 0
-146 -594 595 0
-158 -593 594 0
-171 -176 593 0
-65 -129 596 0
-610 -604 609 0
-610 604 -609 0
-604 602 0
-604 603 0
-602 368 0
-602 601 0
-601 379 0
-601 600 0
-600 185 0
-600 213 0
-603 272 0
-603 337 0
-609 607 0
-609 608 0
-607 163 0
-607 606 0
-606 175 0
-606 605 0
-605 185 0
-605 4 0
-608 74 0
-608 137 0
-602 -603 604 0
-368 -601 602 0
-379 -600 601 0
-185 -213 600 0
-272 -337 603 0
-607 -608 609 0
-163 -606 607 0
-175 -605 606 0
-185 -4 605 0
-74 -137 608 0
-622 -616 621 0
-622 616 -621 0
-616 614 0
-616 615 0
-614 383 0
-614 613 0
-613 612 0
-613 227 0
-612 387 0
-612 189 0
-615 285 0
-615 349 0
-621 619 0
-621 620 0
-619 180 0
-619 618 0
-618 617 0
-618 22 0
-617 184 0
-617 189 0
-620 86 0
-620 150 0
-614 -615 616 0
-383 -613 614 0
-612 -227 613 0
-387 -189 612 0
-285 -349 615 0
-619 -620 621 0
-180 -618 619 0
-617 -22 618 0
-184 -189 617 0
-86 -150 620 0
-634 -628 633 0
-634 628 -633 0
-628 626 0
-628 627 0
-626 396 0
-626 625 0
-625 624 0
-625 235 0
-624 198 0
-624 213 0
-627 298 0
-627 372 0
-633 631 0
-633 632 0
-631 193 0
-631 630 0
-630 629 0
-630 31 0
-629 198 0
-629 4 0
-632 99 0
-632 167 0
-626 -627 628 0
-396 -625 626 0
-624 -235 625 0
-198 -213 624 0
-298 -372 627 0
-631 -632 633 0
-193 -630 631 0
-629 -31 630 0
-198 -4 629 0
-99 -167 632 0
-648 -641 647 0
-648 641 -647 0
-641 638 0
-641 640 0
-638 637 0
-638 264 0
-637 397 0
-637 636 0
-636 401 0
-636 202 0
-640 330 0
-640 639 0
-639 345 0
-639 383 0
-647 644 0
-647 646 0
-644 643 0
-644 65 0
-643 188 0
-643 642 0
-642 197 0
-642 202 0
-646 129 0
-646 645 0
-645 146 0
-645 180 0
-638 -640 641 0
-637 -264 638 0
-397 -636 637 0
-401 -202 636 0
-330 -639 640 0
-345 -383 639 0
-644 -646 647 0
-643 -65 644 0
-188 -642 643 0
-197 -202 642 0
-129 -645 646 0
-146 -180 645 0
-662 -655 661 0
-662 655 -661 0
-655 652 0
-655 654 0
-652 651 0
-652 272 0
-651 404 0
-651 650 0
-650 207 0
-650 213 0
-654 337 0
-654 653 0
-653 368 0
-653 396 0
-661 658 0
-661 660 0
-658 657 0
-658 74 0
-657 201 0
-657 656 0
-656 207 0
-656 4 0
-660 137 0
-660 659 0
-659 163 0
-659 193 0
-652 -654 655 0
-651 -272 652 0
-404 -650 651 0
-207 -213 650 0
-337 -653 654 0
-368 -396 653 0
-658 -660 661 0
-657 -74 658 0
-201 -656 657 0
-207 -4 656 0
-137 -659 660 0
-163 -193 659 0
-679 -671 678 0
-679 671 -678 0
-671 -667 0
-671 670 0
-666 285 667 0
666 -285 667 0
-666 -285 667 0
-665 -227 666 0
-408 -664 665 0
-670 349 0
-670 669 0
-669 383 0
-669 668 0
-668 397 0
-668 404 0
-678 674 0
-678 677 0
-674 673 0
-674 86 0
-673 672 0
-673 22 0
-672 206 0
-672 664 0
-677 150 0
-677 676 0
-676 180 0
-676 675 0
-675 188 0
-675 201 0
667 -670 671 0
-667 666 285 0
-666 665 0
-666 227 0
-665 408 0
-665 664 0
-349 -669 670 0
-383 -668 669 0
-397 -404 668 0
-674 -677 678 0
-673 -86 674 0
-672 -22 673 0
-206 -664 672 0
-150 -676 677 0
-180 -675 676 0
-188 -201 675 0
-698 -689 697 0
-698 689 -697 0
-689 684 0
-689 688 0
-684 683 0
-684 298 0
-683 682 0
-683 235 0
-682 681 0
-682 213 0
-688 372 0
-688 687 0
-687 396 0
-687 686 0
-686 404 0
-686 685 0
-685 408 0
-685 -664 0
-697 692 0
-697 696 0
-692 691 0
-692 99 0
-691 690 0
-691 31 0
-690 681 0
-690 4 0
-696 167 0
-696 695 0
-695 193 0
-695 694 0
-694 201 0
-694 693 0
-693 206 0
-693 -664 0
-684 -688 689 0
-683 -298 684 0
-682 -235 683 0
-681 -213 682 0
-372 -687 688 0
-396 -686 687 0
-404 -685 686 0
-408 664 685 0
-692 -696 697 0
-691 -99 692 0
-690 -31 691 0
-681 -4 690 0
-167 -695 696 0
-193 -694 695 0
-201 -693 694 0
-206 664 693 0
2009 0
1 -2010 0
-5 -2010 0
-1 5 2010 0
9 -2011 0
-14 -2011 0
-9 14 2011 0
13 -2012 0
4 -2012 0
-13 -4 2012 0
18 -2013 0
-27 -2013 0
-18 27 2013 0
26 -2014 0
13 -2014 0
-26 -13 2014 0
35 -2015 0
-40 -2015 0
-35 40 2015 0
39 -2016 0
26 -2016 0
-39 -26 2016 0
48 -2017 0
-53 -2017 0
-48 53 2017 0
52 -2018 0
39 -2018 0
-52 -39 2018 0
44 -2019 0
22 -2019 0
-44 -22 2019 0
61 -2020 0
-70 -2020 0
-61 70 2020 0
57 -2021 0
31 -2021 0
-57 -31 2021 0
69 -2022 0
52 -2022 0
-69 -52 2022 0
44 -2023 0
82 -2023 0
-44 -82 2023 0
78 -2024 0
-91 -2024 0
-78 91 2024 0
69 -2025 0
90 -2025 0
-69 -90 2025 0
57 -2026 0
95 -2026 0
-57 -95 2026 0
-108 -2027 0
103 -2027 0
108 -103 2027 0
107 -2028 0
90 -2028 0
-107 -90 2028 0
-121 -2029 0
116 -2029 0
121 -116 2029 0
107 -2030 0
120 -2030 0
-107 -120 2030 0
112 -2031 0
82 -2031 0
-112 -82 2031 0
95 -2032 0
125 -2032 0
-95 -125 2032 0
-142 -2033 0
133 -2033 0
142 -133 2033 0
141 -2034 0
120 -2034 0
-141 -120 2034 0
112 -2035 0
146 -2035 0
-112 -146 2035 0
-159 -2036 0
154 -2036 0
159 -154 2036 0
158 -2037 0
141 -2037 0
-158 -141 2037 0
125 -2038 0
163 -2038 0
-125 -163 2038 0
-176 -2039 0
171 -2039 0
176 -171 2039 0
158 -2040 0
175 -2040 0
-158 -175 2040 0
-189 -2041 0
184 -2041 0
189 -184 2041 0
188 -2042 0
175 -2042 0
-188 -175 2042 0
-202 -2043 0
197 -2043 0
202 -197 2043 0
-5 -2044 0
210 -2044 0
5 -210 2044 0
-14 -2045 0
217 -2045 0
14 -217 2045 0
220 -2046 0
213 -2046 0
-220 -213 2046 0
-27 -2047 0
224 -2047 0
27 -224 2047 0
220 -2048 0
231 -2048 0
-220 -231 2048 0
-40 -2049 0
239 -2049 0
40 -239 2049 0
231 -2050 0
242 -2050 0
-231 -242 2050 0
250 -2051 0
-53 -2051 0
-250 53 2051 0
253 -2052 0
242 -2052 0
-253 -242 2052 0
246 -2053 0
227 -2053 0
-246 -227 2053 0
-70 -2054 0
261 -2054 0
70 -261 2054 0
257 -2055 0
235 -2055 0
-257 -235 2055 0
-91 -2056 0
276 -2056 0
91 -276 2056 0
268 -2057 0
290 -2057 0
-268 -290 2057 0
257 -2058 0
294 -2058 0
-257 -294 2058 0
-108 -2059 0
302 -2059 0
108 -302 2059 0
290 -2060 0
305 -2060 0
-290 -305 2060 0
-121 -2061 0
316 -2061 0
121 -316 2061 0
319 -2062 0
305 -2062 0
-319 -305 2062 0
323 -2063 0
294 -2063 0
-323 -294 2063 0
334 -2064 0
-142 -2064 0
-334 142 2064 0
319 -2065 0
341 -2065 0
-319 -341 2065 0
345 -2066 0
312 -2066 0
-345 -312 2066 0
353 -2067 0
159 -2067 0
-353 -159 2067 0
227 -2068 0
357 -2068 0
-227 -357 2068 0
353 -2069 0
-159 -2069 0
-353 159 2069 0
341 -2070 0
364 -2070 0
-341 -364 2070 0
368 -2071 0
323 -2071 0
-368 -323 2071 0
376 -2072 0
-176 -2072 0
-376 176 2072 0
364 -2073 0
379 -2073 0
-364 -379 2073 0
401 -2074 0
-202 -2074 0
-401 202 2074 0
5 -2075 0
210 -2075 0
-5 -210 2075 0
1 -2076 0
5 -2076 0
-1 -5 2076 0
10 -2077 0
213 -2077 0
-10 -213 2077 0
4 -2078 0
10 -2078 0
-4 -10 2078 0
14 -2079 0
217 -2079 0
-14 -217 2079 0
213 -2080 0
422 -2080 0
-213 -422 2080 0
9 -2081 0
14 -2081 0
-9 -14 2081 0
4 -2082 0
424 -2082 0
-4 -424 2082 0
19 -2083 0
213 -2083 0
-19 -213 2083 0
220 -2084 0
428 -2084 0
-220 -428 2084 0
4 -2085 0
19 -2085 0
-4 -19 2085 0
13 -2086 0
430 -2086 0
-13 -430 2086 0
27 -2087 0
224 -2087 0
-27 -224 2087 0
227 -2088 0
434 -2088 0
-227 -434 2088 0
18 -2089 0
27 -2089 0
-18 -27 2089 0
22 -2090 0
436 -2090 0
-22 -436 2090 0
36 -2091 0
213 -2091 0
-36 -213 2091 0
235 -2092 0
440 -2092 0
-235 -440 2092 0
4 -2093 0
36 -2093 0
-4 -36 2093 0
31 -2094 0
442 -2094 0
-31 -442 2094 0
40 -2095 0
239 -2095 0
-40 -239 2095 0
231 -2096 0
446 -2096 0
-231 -446 2096 0
227 -2097 0
447 -2097 0
-227 -447 2097 0
35 -2098 0
40 -2098 0
-35 -40 2098 0
26 -2099 0
449 -2099 0
-26 -449 2099 0
22 -2100 0
450 -2100 0
-22 -450 2100 0
49 -2101 0
213 -2101 0
-49 -213 2101 0
242 -2102 0
454 -2102 0
-242 -454 2102 0
235 -2103 0
455 -2103 0
-235 -455 2103 0
4 -2104 0
49 -2104 0
-4 -49 2104 0
39 -2105 0
457 -2105 0
-39 -457 2105 0
31 -2106 0
458 -2106 0
-31 -458 2106 0
250 -2107 0
53 -2107 0
-250 -53 2107 0
227 -2108 0
462 -2108 0
-227 -462 2108 0
246 -2109 0
463 -2109 0
-246 -463 2109 0
48 -2110 0
53 -2110 0
-48 -53 2110 0
22 -2111 0
465 -2111 0
-22 -465 2111 0
44 -2112 0
466 -2112 0
-44 -466 2112 0
62 -2113 0
213 -2113 0
-62 -213 2113 0
235 -2114 0
470 -2114 0
-235 -470 2114 0
257 -2115 0
471 -2115 0
-257 -471 2115 0
62 -2116 0
4 -2116 0
-62 -4 2116 0
31 -2117 0
473 -2117 0
-31 -473 2117 0
57 -2118 0
474 -2118 0
-57 -474 2118 0
70 -2119 0
261 -2119 0
-70 -261 2119 0
253 -2120 0
478 -2120 0
-253 -478 2120 0
264 -2121 0
479 -2121 0
-264 -479 2121 0
61 -2122 0
70 -2122 0
-61 -70 2122 0
52 -2123 0
481 -2123 0
-52 -481 2123 0
65 -2124 0
482 -2124 0
-65 -482 2124 0
79 -2125 0
213 -2125 0
-79 -213 2125 0
268 -2126 0
486 -2126 0
-268 -486 2126 0
272 -2127 0
487 -2127 0
-272 -487 2127 0
79 -2128 0
4 -2128 0
-79 -4 2128 0
69 -2129 0
489 -2129 0
-69 -489 2129 0
74 -2130 0
490 -2130 0
-74 -490 2130 0
91 -2131 0
276 -2131 0
-91 -276 2131 0
227 -2132 0
494 -2132 0
-227 -494 2132 0
285 -2133 0
495 -2133 0
-285 -495 2133 0
78 -2134 0
91 -2134 0
-78 -91 2134 0
22 -2135 0
497 -2135 0
-22 -497 2135 0
86 -2136 0
498 -2136 0
-86 -498 2136 0
104 -2137 0
213 -2137 0
-104 -213 2137 0
235 -2138 0
502 -2138 0
-235 -502 2138 0
298 -2139 0
503 -2139 0
-298 -503 2139 0
104 -2140 0
4 -2140 0
-104 -4 2140 0
31 -2141 0
505 -2141 0
-31 -505 2141 0
99 -2142 0
506 -2142 0
-99 -506 2142 0
108 -2143 0
302 -2143 0
-108 -302 2143 0
290 -2144 0
510 -2144 0
-290 -510 2144 0
264 -2145 0
512 -2145 0
-264 -512 2145 0
108 -2146 0
103 -2146 0
-108 -103 2146 0
90 -2147 0
514 -2147 0
-90 -514 2147 0
82 -2148 0
515 -2148 0
-82 -515 2148 0
65 -2149 0
516 -2149 0
-65 -516 2149 0
294 -2150 0
521 -2150 0
-294 -521 2150 0
272 -2151 0
522 -2151 0
-272 -522 2151 0
117 -2152 0
4 -2152 0
-117 -4 2152 0
107 -2153 0
524 -2153 0
-107 -524 2153 0
95 -2154 0
525 -2154 0
-95 -525 2154 0
74 -2155 0
526 -2155 0
-74 -526 2155 0
121 -2156 0
316 -2156 0
-121 -316 2156 0
227 -2157 0
530 -2157 0
-227 -530 2157 0
312 -2158 0
531 -2158 0
-312 -531 2158 0
285 -2159 0
532 -2159 0
-285 -532 2159 0
121 -2160 0
116 -2160 0
-121 -116 2160 0
22 -2161 0
534 -2161 0
-22 -534 2161 0
112 -2162 0
535 -2162 0
-112 -535 2162 0
86 -2163 0
536 -2163 0
-86 -536 2163 0
323 -2164 0
541 -2164 0
-323 -541 2164 0
298 -2165 0
542 -2165 0
-298 -542 2165 0
134 -2166 0
4 -2166 0
-134 -4 2166 0
31 -2167 0
544 -2167 0
-31 -544 2167 0
125 -2168 0
545 -2168 0
-125 -545 2168 0
99 -2169 0
546 -2169 0
-99 -546 2169 0
334 -2170 0
142 -2170 0
-334 -142 2170 0
319 -2171 0
550 -2171 0
-319 -550 2171 0
264 -2172 0
551 -2172 0
-264 -551 2172 0
330 -2173 0
552 -2173 0
-330 -552 2173 0
142 -2174 0
133 -2174 0
-142 -133 2174 0
120 -2175 0
554 -2175 0
-120 -554 2175 0
65 -2176 0
555 -2176 0
-65 -555 2176 0
129 -2177 0
556 -2177 0
-129 -556 2177 0
155 -2178 0
213 -2178 0
-155 -213 2178 0
341 -2179 0
560 -2179 0
-341 -560 2179 0
272 -2180 0
561 -2180 0
-272 -561 2180 0
337 -2181 0
562 -2181 0
-337 -562 2181 0
155 -2182 0
4 -2182 0
-155 -4 2182 0
141 -2183 0
564 -2183 0
-141 -564 2183 0
74 -2184 0
565 -2184 0
-74 -565 2184 0
137 -2185 0
566 -2185 0
-137 -566 2185 0
159 -2186 0
154 -2186 0
-159 -154 2186 0
22 -2187 0
572 -2187 0
-22 -572 2187 0
86 -2188 0
573 -2188 0
-86 -573 2188 0
150 -2189 0
574 -2189 0
-150 -574 2189 0
172 -2190 0
213 -2190 0
-172 -213 2190 0
235 -2191 0
578 -2191 0
-235 -578 2191 0
298 -2192 0
579 -2192 0
-298 -579 2192 0
372 -2193 0
580 -2193 0
-372 -580 2193 0
172 -2194 0
4 -2194 0
-172 -4 2194 0
31 -2195 0
582 -2195 0
-31 -582 2195 0
99 -2196 0
583 -2196 0
-99 -583 2196 0
167 -2197 0
584 -2197 0
-167 -584 2197 0
376 -2198 0
176 -2198 0
-376 -176 2198 0
364 -2199 0
588 -2199 0
-364 -588 2199 0
345 -2200 0
589 -2200 0
-345 -589 2200 0
330 -2201 0
264 -2201 0
-330 -264 2201 0
590 -2202 0
591 -2202 0
-590 -591 2202 0
176 -2203 0
171 -2203 0
-176 -171 2203 0
158 -2204 0
593 -2204 0
-158 -593 2204 0
146 -2205 0
594 -2205 0
-146 -594 2205 0
65 -2206 0
129 -2206 0
-65 -129 2206 0
595 -2207 0
596 -2207 0
-595 -596 2207 0
185 -2208 0
213 -2208 0
-185 -213 2208 0
379 -2209 0
600 -2209 0
-379 -600 2209 0
368 -2210 0
601 -2210 0
-368 -601 2210 0
337 -2211 0
272 -2211 0
-337 -272 2211 0
602 -2212 0
603 -2212 0
-602 -603 2212 0
185 -2213 0
4 -2213 0
-185 -4 2213 0
175 -2214 0
605 -2214 0
-175 -605 2214 0
163 -2215 0
606 -2215 0
-163 -606 2215 0
74 -2216 0
137 -2216 0
-74 -137 2216 0
607 -2217 0
608 -2217 0
-607 -608 2217 0
189 -2218 0
387 -2218 0
-189 -387 2218 0
227 -2219 0
612 -2219 0
-227 -612 2219 0
383 -2220 0
613 -2220 0
-383 -613 2220 0
349 -2221 0
285 -2221 0
-349 -285 2221 0
614 -2222 0
615 -2222 0
-614 -615 2222 0
189 -2223 0
184 -2223 0
-189 -184 2223 0
22 -2224 0
617 -2224 0
-22 -617 2224 0
180 -2225 0
618 -2225 0
-180 -618 2225 0
86 -2226 0
150 -2226 0
-86 -150 2226 0
619 -2227 0
620 -2227 0
-619 -620 2227 0
198 -2228 0
213 -2228 0
-198 -213 2228 0
235 -2229 0
624 -2229 0
-235 -624 2229 0
396 -2230 0
625 -2230 0
-396 -625 2230 0
372 -2231 0
298 -2231 0
-372 -298 2231 0
626 -2232 0
627 -2232 0
-626 -627 2232 0
198 -2233 0
4 -2233 0
-198 -4 2233 0
31 -2234 0
629 -2234 0
-31 -629 2234 0
193 -2235 0
630 -2235 0
-193 -630 2235 0
99 -2236 0
167 -2236 0
-99 -167 2236 0
631 -2237 0
632 -2237 0
-631 -632 2237 0
401 -2238 0
202 -2238 0
-401 -202 2238 0
264 -2239 0
637 -2239 0
-264 -637 2239 0
345 -2240 0
383 -2240 0
-345 -383 2240 0
330 -2241 0
639 -2241 0
-330 -639 2241 0
638 -2242 0
640 -2242 0
-638 -640 2242 0
202 -2243 0
197 -2243 0
-202 -197 2243 0
188 -2244 0
642 -2244 0
-188 -642 2244 0
65 -2245 0
643 -2245 0
-65 -643 2245 0
180 -2246 0
146 -2246 0
-180 -146 2246 0
129 -2247 0
645 -2247 0
-129 -645 2247 0
644 -2248 0
646 -2248 0
-644 -646 2248 0
207 -2249 0
213 -2249 0
-207 -213 2249 0
404 -2250 0
650 -2250 0
-404 -650 2250 0
272 -2251 0
651 -2251 0
-272 -651 2251 0
368 -2252 0
396 -2252 0
-368 -396 2252 0
337 -2253 0
653 -2253 0
-337 -653 2253 0
652 -2254 0
654 -2254 0
-652 -654 2254 0
207 -2255 0
4 -2255 0
-207 -4 2255 0
201 -2256 0
656 -2256 0
-201 -656 2256 0
74 -2257 0
657 -2257 0
-74 -657 2257 0
193 -2258 0
163 -2258 0
-193 -163 2258 0
137 -2259 0
659 -2259 0
-137 -659 2259 0
658 -2260 0
660 -2260 0
-658 -660 2260 0
408 -2261 0
664 -2261 0
-408 -664 2261 0
227 -2262 0
665 -2262 0
-227 -665 2262 0
-285 -2263 0
-666 -2263 0
285 666 2263 0
383 -2264 0
668 -2264 0
-383 -668 2264 0
349 -2265 0
669 -2265 0
-349 -669 2265 0
-667 -2266 0
670 -2266 0
667 -670 2266 0
664 -2267 0
206 -2267 0
-664 -206 2267 0
22 -2268 0
672 -2268 0
-22 -672 2268 0
86 -2269 0
673 -2269 0
-86 -673 2269 0
201 -2270 0
188 -2270 0
-201 -188 2270 0
180 -2271 0
675 -2271 0
-180 -675 2271 0
150 -2272 0
676 -2272 0
-150 -676 2272 0
674 -2273 0
677 -2273 0
-674 -677 2273 0
681 -2274 0
213 -2274 0
-681 -213 2274 0
235 -2275 0
682 -2275 0
-235 -682 2275 0
298 -2276 0
683 -2276 0
-298 -683 2276 0
408 -2277 0
-664 -2277 0
-408 664 2277 0
404 -2278 0
685 -2278 0
-404 -685 2278 0
396 -2279 0
686 -2279 0
-396 -686 2279 0
372 -2280 0
687 -2280 0
-372 -687 2280 0
684 -2281 0
688 -2281 0
-684 -688 2281 0
4 -2282 0
681 -2282 0
-4 -681 2282 0
31 -2283 0
690 -2283 0
-31 -690 2283 0
99 -2284 0
691 -2284 0
-99 -691 2284 0
-664 -2285 0
206 -2285 0
664 -206 2285 0
201 -2286 0
693 -2286 0
-201 -693 2286 0
193 -2287 0
694 -2287 0
-193 -694 2287 0
167 -2288 0
695 -2288 0
-167 -695 2288 0
692 -2289 0
696 -2289 0
-692 -696 2289 0
