c defined variables: 6 15 23 28 32 41 45 54 58 66 71 75 83 87 92 96 100 109 113 122 126 130 138 143 147 151 160 164 168 177 181 190 194 203 214 221 228 232 256 267 271 278 282 286 293 297 301 305 309 316 323 330 331 332 336 340 344 351 355 359 363 370 374 378 385 389 396 400 404 405 406 410 417 429 430 433 434 437 438 439 440 443 444 445 446 449 450 451 452 456 457 462 463 464 465 468 469 470 471 472 473 476 477 478 479 480 481 484 485 486 487 488 489 492 493 494 495 496 497 500 501 502 503 504 505 508 509 510 511 512 513 516 517 518 519 520 521 524 525 526 527 528 529 530 531 534 535 536 537 538 539 540 541 545 546 547 548 551 552 553 554 555 556 557 558 561 562 563 564 565 566 567 568 571 572 573 574 575 576 577 578 581 582 583 584 585 586 587 588 591 592 593 594 595 596 597 598 601 602 603 604 605 606 607 608 609 610 613 614 615 616 617 618 619 620 621 622 625 626 627 628 629 630 631 632 633 634 638 639 640 641 642 645 646 647 648 649 650 651 652 653 654 655 656 659 660 661 662 663 664 665 666 667 668 669 670 675 676 677 678 679 681 682 683 684 685 686 687 691 692 693 694 695 696 697 698 699 700 701 702 703 704 705 706 709 
p cnf 2308 2736
a 395 399 377 329 319 326 322 335 339 347 343 354 350 423 255 249 252 238 74 78 65 69 52 61 48 57 39 44 121 134 373 369 366 263 362 358 53 62 70 79 91 104 108 117 266 381 384 409 270 277 274 207 202 416 413 185 176 198 189 155 142 172 159 26 35 13 18 22 31 1 4 9 680 690 259 312 315 388 281 285 289 296 292 308 304 300 206 201 193 184 197 188 171 158 180 175 40 49 5 10 2 27 36 14 19 217 220 210 213 231 246 224 227 241 235 112 107 103 90 95 99 82 86 125 116 403 420 392 141 150 146 154 120 129 133 137 167 163 0
e 3 7 8 11 12 16 17 20 21 24 25 29 30 33 34 37 38 42 43 46 47 50 51 55 56 59 60 63 64 67 68 72 73 76 77 80 81 84 85 88 89 93 94 97 98 101 102 105 106 110 111 114 115 118 119 123 124 127 128 131 132 135 136 139 140 144 145 148 149 152 153 156 157 161 162 165 166 169 170 173 174 178 179 182 183 186 187 191 192 195 196 199 200 204 205 208 209 211 212 215 216 218 219 222 223 225 226 229 230 233 234 236 237 239 240 243 244 245 247 248 250 251 253 254 257 258 260 261 262 264 265 268 269 272 273 275 276 279 280 283 284 287 288 290 291 294 295 298 299 302 303 306 307 310 311 313 314 317 318 320 321 324 325 327 328 333 334 337 338 341 342 345 346 348 349 352 353 356 357 360 361 364 365 367 368 371 372 375 376 379 380 382 383 386 387 390 391 393 394 397 398 401 402 407 408 411 412 414 415 418 419 421 422 424 425 426 427 428 431 432 435 436 441 442 447 448 453 454 458 459 461 466 467 474 475 482 483 490 491 498 499 506 507 514 515 522 523 532 533 542 543 549 550 559 560 569 570 579 580 589 590 599 600 611 612 623 624 635 636 643 644 657 658 671 672 674 688 689 707 708 6 15 23 28 32 41 45 54 58 66 71 75 83 87 92 96 100 109 113 122 126 130 138 143 147 151 160 164 168 177 181 190 194 203 214 221 228 232 256 267 271 278 282 286 293 297 301 305 309 316 323 330 331 332 336 340 344 351 355 359 363 370 374 378 385 389 396 400 404 405 406 410 417 429 430 433 434 437 438 439 440 443 444 445 446 449 450 451 452 456 457 462 463 464 465 468 469 470 471 472 473 476 477 478 479 480 481 484 485 486 487 488 489 492 493 494 495 496 497 500 501 502 503 504 505 508 509 510 511 512 513 516 517 518 519 520 521 524 525 526 527 528 529 530 531 534 535 536 537 538 539 540 541 545 546 547 548 551 552 553 554 555 556 557 558 561 562 563 564 565 566 567 568 571 572 573 574 575 576 577 578 581 582 583 584 585 586 587 588 591 592 593 594 595 596 597 598 601 602 603 604 605 606 607 608 609 610 613 614 615 616 617 618 619 620 621 622 625 626 627 628 629 630 631 632 633 634 638 639 640 641 642 645 646 647 648 649 650 651 652 653 654 655 656 659 660 661 662 663 664 665 666 667 668 669 670 675 676 677 678 679 681 682 683 684 685 686 687 691 692 693 694 695 696 697 698 699 700 701 702 703 704 705 706 709 2024 2025 2026 2027 2028 2029 2030 2031 2032 2033 2034 2035 2036 2037 2038 2039 2040 2041 2042 2043 2044 2045 2046 2047 2048 2049 2050 2051 2052 2053 2054 2055 2056 2057 2058 2059 2060 2061 2062 2063 2064 2065 2066 2067 2068 2069 2070 2071 2072 2073 2074 2075 2076 2077 2078 2079 2080 2081 2082 2083 2084 2085 2086 2087 2088 2089 2090 2091 2092 2093 2094 2095 2096 2097 2098 2099 2100 2101 2102 2103 2104 2105 2106 2107 2108 2109 2110 2111 2112 2113 2114 2115 2116 2117 2118 2119 2120 2121 2122 2123 2124 2125 2126 2127 2128 2129 2130 2131 2132 2133 2134 2135 2136 2137 2138 2139 2140 2141 2142 2143 2144 2145 2146 2147 2148 2149 2150 2151 2152 2153 2154 2155 2156 2157 2158 2159 2160 2161 2162 2163 2164 2165 2166 2167 2168 2169 2170 2171 2172 2173 2174 2175 2176 2177 2178 2179 2180 2181 2182 2183 2184 2185 2186 2187 2188 2189 2190 2191 2192 2193 2194 2195 2196 2197 2198 2199 2200 2201 2202 2203 2204 2205 2206 2207 2208 2209 2210 2211 2212 2213 2214 2215 2216 2217 2218 2219 2220 2221 2222 2223 2224 2225 2226 2227 2228 2229 2230 2231 2232 2233 2234 2235 2236 2237 2238 2239 2240 2241 2242 2243 2244 2245 2246 2247 2248 2249 2250 2251 2252 2253 2254 2255 2256 2257 2258 2259 2260 2261 2262 2263 2264 2265 2266 2267 2268 2269 2270 2271 2272 2273 2274 2275 2276 2277 2278 2279 2280 2281 2282 2283 2284 2285 2286 2287 2288 2289 2290 2291 2292 2293 2294 2295 2296 2297 2298 2299 2300 2301 2302 2303 2304 2305 2306 2307 2308 0
d 455 231 246 0
d 460 252 40 0
d 242 235 238 0
d 637 409 403 0
d 544 329 319 0
d 673 680 423 0
2025 -6 0
-2025 6 0
2026 -15 0
-2026 15 0
2027 -23 0
-2027 23 0
2028 -28 0
-2028 28 0
2029 -32 0
-2029 32 0
2030 -41 0
-2030 41 0
2031 -45 0
-2031 45 0
2032 -54 0
-2032 54 0
2033 -58 0
-2033 58 0
2034 -66 0
-2034 66 0
2035 -71 0
-2035 71 0
2036 -75 0
-2036 75 0
2037 -83 0
-2037 83 0
2038 -87 0
-2038 87 0
2039 -92 0
-2039 92 0
2040 -96 0
-2040 96 0
2041 -100 0
-2041 100 0
2042 -109 0
-2042 109 0
2043 -113 0
-2043 113 0
2044 -122 0
-2044 122 0
2045 -126 0
-2045 126 0
2046 -130 0
-2046 130 0
2047 -138 0
-2047 138 0
2048 -143 0
-2048 143 0
2049 -147 0
-2049 147 0
2050 -151 0
-2050 151 0
2051 -160 0
-2051 160 0
2052 -164 0
-2052 164 0
2053 -168 0
-2053 168 0
2054 -177 0
-2054 177 0
2055 -181 0
-2055 181 0
2056 -190 0
-2056 190 0
2057 -194 0
-2057 194 0
2058 -203 0
-2058 203 0
2059 -214 0
-2059 214 0
2060 -221 0
-2060 221 0
2061 -228 0
-2061 228 0
2062 -232 0
-2062 232 0
2063 -256 0
-2063 256 0
2064 -267 0
-2064 267 0
2065 -271 0
-2065 271 0
2066 -278 0
-2066 278 0
2067 -282 0
-2067 282 0
2068 -286 0
-2068 286 0
2069 -293 0
-2069 293 0
2070 -297 0
-2070 297 0
2071 -301 0
-2071 301 0
2072 -305 0
-2072 305 0
2073 -309 0
-2073 309 0
2074 -316 0
-2074 316 0
2075 -323 0
-2075 323 0
-2076 -330 0
2076 330 0
2077 -331 0
-2077 331 0
2078 -332 0
-2078 332 0
2079 -336 0
-2079 336 0
2080 -340 0
-2080 340 0
2081 -344 0
-2081 344 0
2082 -351 0
-2082 351 0
2083 -355 0
-2083 355 0
2084 -359 0
-2084 359 0
2085 -363 0
-2085 363 0
2086 -370 0
-2086 370 0
2087 -374 0
-2087 374 0
2088 -378 0
-2088 378 0
2089 -385 0
-2089 385 0
2090 -389 0
-2090 389 0
2091 -396 0
-2091 396 0
2092 -400 0
-2092 400 0
2093 -404 0
-2093 404 0
2094 -405 0
-2094 405 0
2095 -406 0
-2095 406 0
2096 -410 0
-2096 410 0
2097 -417 0
-2097 417 0
2098 -429 0
-2098 429 0
2099 -430 0
-2099 430 0
2100 -433 0
-2100 433 0
2101 -434 0
-2101 434 0
2102 -437 0
-2102 437 0
2103 -438 0
-2103 438 0
2104 -439 0
-2104 439 0
2105 -440 0
-2105 440 0
2106 -443 0
-2106 443 0
2107 -444 0
-2107 444 0
2108 -445 0
-2108 445 0
2109 -446 0
-2109 446 0
2110 -449 0
-2110 449 0
2111 -450 0
-2111 450 0
2112 -451 0
-2112 451 0
2113 -452 0
-2113 452 0
2114 -456 0
-2114 456 0
2115 -457 0
-2115 457 0
2116 -462 0
-2116 462 0
2117 -463 0
-2117 463 0
2118 -464 0
-2118 464 0
2119 -465 0
-2119 465 0
2120 -468 0
-2120 468 0
2121 -469 0
-2121 469 0
2122 -470 0
-2122 470 0
2123 -471 0
-2123 471 0
2124 -472 0
-2124 472 0
2125 -473 0
-2125 473 0
2126 -476 0
-2126 476 0
2127 -477 0
-2127 477 0
2128 -478 0
-2128 478 0
2129 -479 0
-2129 479 0
2130 -480 0
-2130 480 0
2131 -481 0
-2131 481 0
2132 -484 0
-2132 484 0
2133 -485 0
-2133 485 0
2134 -486 0
-2134 486 0
2135 -487 0
-2135 487 0
2136 -488 0
-2136 488 0
2137 -489 0
-2137 489 0
2138 -492 0
-2138 492 0
2139 -493 0
-2139 493 0
2140 -494 0
-2140 494 0
2141 -495 0
-2141 495 0
2142 -496 0
-2142 496 0
2143 -497 0
-2143 497 0
2144 -500 0
-2144 500 0
2145 -501 0
-2145 501 0
2146 -502 0
-2146 502 0
2147 -503 0
-2147 503 0
2148 -504 0
-2148 504 0
2149 -505 0
-2149 505 0
2150 -508 0
-2150 508 0
2151 -509 0
-2151 509 0
2152 -510 0
-2152 510 0
2153 -511 0
-2153 511 0
2154 -512 0
-2154 512 0
2155 -513 0
-2155 513 0
2156 -516 0
-2156 516 0
2157 -517 0
-2157 517 0
2158 -518 0
-2158 518 0
2159 -519 0
-2159 519 0
2160 -520 0
-2160 520 0
2161 -521 0
-2161 521 0
2162 -524 0
-2162 524 0
2163 -525 0
-2163 525 0
2164 -526 0
-2164 526 0
2165 -527 0
-2165 527 0
2166 -528 0
-2166 528 0
2167 -529 0
-2167 529 0
2168 -530 0
-2168 530 0
2169 -531 0
-2169 531 0
2170 -534 0
-2170 534 0
2171 -535 0
-2171 535 0
2172 -536 0
-2172 536 0
2173 -537 0
-2173 537 0
2174 -538 0
-2174 538 0
2175 -539 0
-2175 539 0
2176 -540 0
-2176 540 0
2177 -541 0
-2177 541 0
2178 -545 0
-2178 545 0
2179 -546 0
-2179 546 0
2180 -547 0
-2180 547 0
2181 -548 0
-2181 548 0
2182 -551 0
-2182 551 0
2183 -552 0
-2183 552 0
2184 -553 0
-2184 553 0
2185 -554 0
-2185 554 0
2186 -555 0
-2186 555 0
2187 -556 0
-2187 556 0
2188 -557 0
-2188 557 0
2189 -558 0
-2189 558 0
2190 -561 0
-2190 561 0
2191 -562 0
-2191 562 0
2192 -563 0
-2192 563 0
2193 -564 0
-2193 564 0
2194 -565 0
-2194 565 0
2195 -566 0
-2195 566 0
2196 -567 0
-2196 567 0
2197 -568 0
-2197 568 0
2198 -571 0
-2198 571 0
2199 -572 0
-2199 572 0
2200 -573 0
-2200 573 0
2201 -574 0
-2201 574 0
2202 -575 0
-2202 575 0
2203 -576 0
-2203 576 0
2204 -577 0
-2204 577 0
2205 -578 0
-2205 578 0
2206 -581 0
-2206 581 0
2207 -582 0
-2207 582 0
2208 -583 0
-2208 583 0
2209 -584 0
-2209 584 0
2210 -585 0
-2210 585 0
2211 -586 0
-2211 586 0
2212 -587 0
-2212 587 0
2213 -588 0
-2213 588 0
2214 -591 0
-2214 591 0
2215 -592 0
-2215 592 0
2216 -593 0
-2216 593 0
2217 -594 0
-2217 594 0
2218 -595 0
-2218 595 0
2219 -596 0
-2219 596 0
2220 -597 0
-2220 597 0
2221 -598 0
-2221 598 0
2222 -601 0
-2222 601 0
2223 -602 0
-2223 602 0
2224 -603 0
-2224 603 0
2225 -604 0
-2225 604 0
2226 -605 0
-2226 605 0
2227 -606 0
-2227 606 0
2228 -607 0
-2228 607 0
2229 -608 0
-2229 608 0
2230 -609 0
-2230 609 0
2231 -610 0
-2231 610 0
2232 -613 0
-2232 613 0
2233 -614 0
-2233 614 0
2234 -615 0
-2234 615 0
2235 -616 0
-2235 616 0
2236 -617 0
-2236 617 0
2237 -618 0
-2237 618 0
2238 -619 0
-2238 619 0
2239 -620 0
-2239 620 0
2240 -621 0
-2240 621 0
2241 -622 0
-2241 622 0
2242 -625 0
-2242 625 0
2243 -626 0
-2243 626 0
2244 -627 0
-2244 627 0
2245 -628 0
-2245 628 0
2246 -629 0
-2246 629 0
2247 -630 0
-2247 630 0
2248 -631 0
-2248 631 0
2249 -632 0
-2249 632 0
2250 -633 0
-2250 633 0
2251 -634 0
-2251 634 0
2252 -638 0
-2252 638 0
2253 -639 0
-2253 639 0
2254 -640 0
-2254 640 0
2255 -641 0
-2255 641 0
2256 -642 0
-2256 642 0
2257 -645 0
-2257 645 0
2258 -646 0
-2258 646 0
2259 -647 0
-2259 647 0
2260 -648 0
-2260 648 0
2261 -649 0
-2261 649 0
2262 -650 0
-2262 650 0
2263 -651 0
-2263 651 0
2264 -652 0
-2264 652 0
2265 -653 0
-2265 653 0
2266 -654 0
-2266 654 0
2267 -655 0
-2267 655 0
2268 -656 0
-2268 656 0
2269 -659 0
-2269 659 0
2270 -660 0
-2270 660 0
2271 -661 0
-2271 661 0
2272 -662 0
-2272 662 0
2273 -663 0
-2273 663 0
2274 -664 0
-2274 664 0
2275 -665 0
-2275 665 0
2276 -666 0
-2276 666 0
2277 -667 0
-2277 667 0
2278 -668 0
-2278 668 0
2279 -669 0
-2279 669 0
2280 -670 0
-2280 670 0
2281 -675 0
-2281 675 0
2282 -676 0
-2282 676 0
2283 -677 0
-2283 677 0
2284 -678 0
-2284 678 0
2285 -679 0
-2285 679 0
2286 -681 0
-2286 681 0
2287 -682 0
-2287 682 0
2288 -683 0
-2288 683 0
2289 -684 0
-2289 684 0
2290 -685 0
-2290 685 0
2291 -686 0
-2291 686 0
2292 -687 0
-2292 687 0
2293 -691 0
-2293 691 0
2294 -692 0
-2294 692 0
2295 -693 0
-2295 693 0
2296 -694 0
-2296 694 0
2297 -695 0
-2297 695 0
2298 -696 0
-2298 696 0
2299 -697 0
-2299 697 0
2300 -698 0
-2300 698 0
2301 -699 0
-2301 699 0
2302 -700 0
-2302 700 0
2303 -701 0
-2303 701 0
2304 -702 0
-2304 702 0
2305 -703 0
-2305 703 0
2306 -704 0
-2306 704 0
2307 -705 0
-2307 705 0
2308 -706 0
-2308 706 0
2024 -709 0
-2024 709 0
709 0
-709 425 708 0
-425 422 -424 0
-422 419 -421 0
-419 415 -418 0
-415 412 -414 0
-412 408 -411 0
-408 402 -407 0
-402 398 -401 0
-398 394 -397 0
-394 391 -393 0
-391 387 -390 0
-387 383 -386 0
-383 380 -382 0
-380 376 -379 0
-376 372 -375 0
-372 368 -371 0
-368 365 -367 0
-365 361 -364 0
-361 357 -360 0
-357 353 -356 0
-353 349 -352 0
-349 346 -348 0
-346 342 -345 0
-342 338 -341 0
-338 334 -337 0
-334 328 -333 0
-328 325 -327 0
-325 321 -324 0
-321 318 -320 0
-318 314 -317 0
-314 311 -313 0
-311 307 -310 0
-307 303 -306 0
-303 299 -302 0
-299 295 -298 0
-295 291 -294 0
-291 288 -290 0
-288 284 -287 0
-284 280 -283 0
-280 276 -279 0
-276 273 -275 0
-273 269 -272 0
-269 265 -268 0
-265 262 -264 0
-262 258 -261 0
-258 254 -257 0
-254 251 -253 0
-251 248 -250 0
-248 245 -247 0
-245 240 -244 0
-240 237 -239 0
-237 234 -236 0
-234 230 -233 0
-230 226 -229 0
-226 223 -225 0
-223 219 -222 0
-219 216 -218 0
-216 212 -215 0
-212 209 -211 0
-209 205 -208 0
-205 200 -204 0
-200 196 -199 0
-196 192 -195 0
-192 187 -191 0
-187 183 -186 0
-183 179 -182 0
-179 174 -178 0
-174 170 -173 0
-170 166 -169 0
-166 162 -165 0
-162 157 -161 0
-157 153 -156 0
-153 149 -152 0
-149 145 -148 0
-145 140 -144 0
-140 136 -139 0
-136 132 -135 0
-132 128 -131 0
-128 124 -127 0
-124 119 -123 0
-119 115 -118 0
-115 111 -114 0
-111 106 -110 0
-106 102 -105 0
-102 98 -101 0
-98 94 -97 0
-94 89 -93 0
-89 85 -88 0
-85 81 -84 0
-81 77 -80 0
-77 73 -76 0
-73 68 -72 0
-68 64 -67 0
-64 60 -63 0
-60 56 -59 0
-56 51 -55 0
-51 47 -50 0
-47 43 -46 0
-43 38 -42 0
-38 34 -37 0
-34 30 -33 0
-30 25 -29 0
-25 21 -24 0
-21 17 -20 0
-17 12 -16 0
-12 8 -11 0
-8 -3 -7 0
1 -2 3 0
-1 2 3 0
4 6 7 0
-4 -6 7 0
-1 5 6 0
-6 1 0
-6 -5 0
9 -10 11 0
-9 10 11 0
13 15 16 0
-13 -15 16 0
-9 14 15 0
-15 9 0
-15 -14 0
18 -19 20 0
-18 19 20 0
22 23 24 0
-22 -23 24 0
-4 -13 23 0
-23 4 0
-23 13 0
26 28 29 0
-26 -28 29 0
-18 27 28 0
-28 18 0
-28 -27 0
31 32 33 0
-31 -32 33 0
-13 -26 32 0
-32 13 0
-32 26 0
35 -36 37 0
-35 36 37 0
39 41 42 0
-39 -41 42 0
-35 40 41 0
-41 35 0
-41 -40 0
44 45 46 0
-44 -45 46 0
-26 -39 45 0
-45 26 0
-45 39 0
48 -49 50 0
-48 49 50 0
52 54 55 0
-52 -54 55 0
-48 53 54 0
-54 48 0
-54 -53 0
57 58 59 0
-57 -58 59 0
-39 -52 58 0
-58 39 0
-58 52 0
61 -62 63 0
-61 62 63 0
65 66 67 0
-65 -66 67 0
-22 -44 66 0
-66 22 0
-66 44 0
69 71 72 0
-69 -71 72 0
-61 70 71 0
-71 61 0
-71 -70 0
74 75 76 0
-74 -75 76 0
-31 -57 75 0
-75 31 0
-75 57 0
78 -79 80 0
-78 79 80 0
82 83 84 0
-82 -83 84 0
-52 -69 83 0
-83 52 0
-83 69 0
86 87 88 0
-86 -87 88 0
-44 -82 87 0
-87 44 0
-87 82 0
90 92 93 0
-90 -92 93 0
-78 91 92 0
-92 78 0
-92 -91 0
95 96 97 0
-95 -96 97 0
-69 -90 96 0
-96 69 0
-96 90 0
99 100 101 0
-99 -100 101 0
-57 -95 100 0
-100 57 0
-100 95 0
103 -104 105 0
-103 104 105 0
107 109 110 0
-107 -109 110 0
-103 108 109 0
-109 103 0
-109 -108 0
112 113 114 0
-112 -113 114 0
-90 -107 113 0
-113 90 0
-113 107 0
116 -117 118 0
-116 117 118 0
120 122 123 0
-120 -122 123 0
-116 121 122 0
-122 116 0
-122 -121 0
125 126 127 0
-125 -126 127 0
-107 -120 126 0
-126 107 0
-126 120 0
129 130 131 0
-129 -130 131 0
-82 -112 130 0
-130 82 0
-130 112 0
133 -134 135 0
-133 134 135 0
137 138 139 0
-137 -138 139 0
-95 -125 138 0
-138 95 0
-138 125 0
141 143 144 0
-141 -143 144 0
-133 142 143 0
-143 133 0
-143 -142 0
146 147 148 0
-146 -147 148 0
-120 -141 147 0
-147 120 0
-147 141 0
150 151 152 0
-150 -151 152 0
-112 -146 151 0
-151 112 0
-151 146 0
154 -155 156 0
-154 155 156 0
158 160 161 0
-158 -160 161 0
-154 159 160 0
-160 154 0
-160 -159 0
163 164 165 0
-163 -164 165 0
-141 -158 164 0
-164 141 0
-164 158 0
167 168 169 0
-167 -168 169 0
-125 -163 168 0
-168 125 0
-168 163 0
171 -172 173 0
-171 172 173 0
175 177 178 0
-175 -177 178 0
-171 176 177 0
-177 171 0
-177 -176 0
180 181 182 0
-180 -181 182 0
-158 -175 181 0
-181 158 0
-181 175 0
184 -185 186 0
-184 185 186 0
188 190 191 0
-188 -190 191 0
-184 189 190 0
-190 184 0
-190 -189 0
193 194 195 0
-193 -194 195 0
-175 -188 194 0
-194 175 0
-194 188 0
197 -198 199 0
-197 198 199 0
201 203 204 0
-201 -203 204 0
-197 202 203 0
-203 197 0
-203 -202 0
206 -207 208 0
-206 207 208 0
210 -2 211 0
-210 2 211 0
213 214 215 0
-213 -214 215 0
-210 5 214 0
-214 210 0
-214 -5 0
217 -10 218 0
-217 10 218 0
220 221 222 0
-220 -221 222 0
-217 14 221 0
-221 217 0
-221 -14 0
224 -19 225 0
-224 19 225 0
227 228 229 0
-227 -228 229 0
-213 -220 228 0
-228 213 0
-228 220 0
231 232 233 0
-231 -232 233 0
-36 -213 232 0
-232 36 0
-232 213 0
235 224 236 0
-235 -224 236 0
238 -27 239 0
-238 27 239 0
241 243 244 0
-241 -243 244 0
-220 -242 243 0
-243 220 0
-243 242 0
246 241 247 0
-246 -241 247 0
249 -36 250 0
-249 36 250 0
252 249 253 0
-252 -249 253 0
255 256 257 0
-255 -256 257 0
-249 40 256 0
-256 249 0
-256 -40 0
259 260 261 0
-259 -260 261 0
-242 -255 260 0
-260 242 0
-260 255 0
263 -49 264 0
-263 49 264 0
266 267 268 0
-266 -267 268 0
-263 53 267 0
-267 263 0
-267 -53 0
270 271 272 0
-270 -271 272 0
-255 -266 271 0
-271 255 0
-271 266 0
274 -62 275 0
-274 62 275 0
277 278 279 0
-277 -278 279 0
-227 -259 278 0
-278 227 0
-278 259 0
281 282 283 0
-281 -282 283 0
-274 70 282 0
-282 274 0
-282 -70 0
285 286 287 0
-285 -286 287 0
-241 -270 286 0
-286 241 0
-286 270 0
289 -79 290 0
-289 79 290 0
292 293 294 0
-292 -293 294 0
-266 -281 293 0
-293 266 0
-293 281 0
296 297 298 0
-296 -297 298 0
-259 -292 297 0
-297 259 0
-297 292 0
300 301 302 0
-300 -301 302 0
-289 91 301 0
-301 289 0
-301 -91 0
304 305 306 0
-304 -305 306 0
-281 -300 305 0
-305 281 0
-305 300 0
308 309 310 0
-308 -309 310 0
-270 -304 309 0
-309 270 0
-309 304 0
312 -104 313 0
-312 104 313 0
315 316 317 0
-315 -316 317 0
-312 108 316 0
-316 312 0
-316 -108 0
319 296 320 0
-319 -296 320 0
322 323 324 0
-322 -323 324 0
-300 -315 323 0
-323 300 0
-323 315 0
326 -117 327 0
-326 117 327 0
329 332 333 0
-329 -332 333 0
-322 -331 332 0
-330 -227 331 0
-326 121 330 0
326 -121 330 0
-326 -121 330 0
-332 322 0
-332 331 0
-331 330 0
-331 227 0
-330 326 121 0
335 336 337 0
-335 -336 337 0
-326 121 336 0
-336 326 0
-336 -121 0
339 340 341 0
-339 -340 341 0
-315 -335 340 0
-340 315 0
-340 335 0
343 344 345 0
-343 -344 345 0
-292 -322 344 0
-344 292 0
-344 322 0
347 -134 348 0
-347 134 348 0
350 351 352 0
-350 -351 352 0
-304 -339 351 0
-351 304 0
-351 339 0
354 355 356 0
-354 -355 356 0
-347 142 355 0
-355 347 0
-355 -142 0
358 359 360 0
-358 -359 360 0
-335 -354 359 0
-359 335 0
-359 354 0
362 363 364 0
-362 -363 364 0
-322 -358 363 0
-363 322 0
-363 358 0
366 -155 367 0
-366 155 367 0
369 370 371 0
-369 -370 371 0
-366 159 370 0
-370 366 0
-370 -159 0
373 374 375 0
-373 -374 375 0
-354 -369 374 0
-374 354 0
-374 369 0
377 378 379 0
-377 -378 379 0
-339 -373 378 0
-378 339 0
-378 373 0
381 -172 382 0
-381 172 382 0
384 385 386 0
-384 -385 386 0
-381 176 385 0
-385 381 0
-385 -176 0
388 389 390 0
-388 -389 390 0
-369 -384 389 0
-389 369 0
-389 384 0
392 -185 393 0
-392 185 393 0
395 396 397 0
-395 -396 397 0
-392 189 396 0
-396 392 0
-396 -189 0
399 400 401 0
-399 -400 401 0
-384 -395 400 0
-400 384 0
-400 395 0
403 406 407 0
-403 -406 407 0
-399 -405 406 0
-404 -241 405 0
-198 -213 404 0
-406 399 0
-406 405 0
-405 404 0
-405 241 0
-404 198 0
-404 213 0
409 410 411 0
-409 -410 411 0
-308 -377 410 0
-410 308 0
-410 377 0
413 -198 414 0
-413 198 414 0
416 417 418 0
-416 -417 418 0
-413 202 417 0
-417 413 0
-417 -202 0
420 -207 421 0
-420 207 421 0
423 420 424 0
-423 -420 424 0
-708 689 0
-708 707 0
-689 672 0
-689 688 0
-672 658 0
-672 671 0
-658 644 0
-658 657 0
-644 636 0
-644 643 0
-636 624 0
-636 635 0
-624 612 0
-624 623 0
-612 600 0
-612 611 0
-600 590 0
-600 599 0
-590 580 0
-590 589 0
-580 570 0
-580 579 0
-570 560 0
-570 569 0
-560 550 0
-560 559 0
-550 543 0
-550 549 0
-543 533 0
-543 542 0
-533 523 0
-533 532 0
-523 515 0
-523 522 0
-515 507 0
-515 514 0
-507 499 0
-507 506 0
-499 491 0
-499 498 0
-491 483 0
-491 490 0
-483 475 0
-483 482 0
-475 467 0
-475 474 0
-467 459 0
-467 466 0
-459 454 0
-459 458 0
-454 448 0
-454 453 0
-448 442 0
-448 447 0
-442 436 0
-442 441 0
-436 432 0
-436 435 0
-432 428 0
-432 431 0
-428 426 0
-428 427 0
-426 -2 2 0
-426 2 -2 0
-427 -2 2 0
-427 2 -2 0
-431 -429 430 0
-431 429 -430 0
-429 210 0
-429 5 0
-430 1 0
-430 5 0
-210 -5 429 0
-1 -5 430 0
-435 -433 434 0
-435 433 -434 0
-433 10 0
-433 213 0
-434 10 0
-434 4 0
-10 -213 433 0
-10 -4 434 0
-441 -438 440 0
-441 438 -440 0
-438 213 0
-438 437 0
-437 217 0
-437 14 0
-440 4 0
-440 439 0
-439 9 0
-439 14 0
-213 -437 438 0
-217 -14 437 0
-4 -439 440 0
-9 -14 439 0
-447 -444 446 0
-447 444 -446 0
-444 220 0
-444 443 0
-443 19 0
-443 213 0
-446 13 0
-446 445 0
-445 19 0
-445 4 0
-220 -443 444 0
-19 -213 443 0
-13 -445 446 0
-19 -4 445 0
-453 -450 452 0
-453 450 -452 0
-450 449 0
-450 227 0
-449 224 0
-449 27 0
-452 451 0
-452 22 0
-451 18 0
-451 27 0
-449 -227 450 0
-224 -27 449 0
-451 -22 452 0
-18 -27 451 0
-458 -455 457 0
-458 455 -457 0
-457 456 0
-457 31 0
-456 36 0
-456 4 0
-456 -31 457 0
-36 -4 456 0
-466 -462 465 0
-466 462 -465 0
-462 227 0
-462 461 0
-461 242 0
-461 460 0
-465 22 0
-465 464 0
-464 26 0
-464 463 0
-463 35 0
-463 40 0
-227 -461 462 0
-242 -460 461 0
-22 -464 465 0
-26 -463 464 0
-35 -40 463 0
-474 -470 473 0
-474 470 -473 0
-470 241 0
-470 469 0
-469 255 0
-469 468 0
-468 49 0
-468 213 0
-473 31 0
-473 472 0
-472 39 0
-472 471 0
-471 49 0
-471 4 0
-241 -469 470 0
-255 -468 469 0
-49 -213 468 0
-31 -472 473 0
-39 -471 472 0
-49 -4 471 0
-482 -478 481 0
-482 478 -481 0
-478 259 0
-478 477 0
-477 476 0
-477 227 0
-476 263 0
-476 53 0
-481 44 0
-481 480 0
-480 479 0
-480 22 0
-479 48 0
-479 53 0
-259 -477 478 0
-476 -227 477 0
-263 -53 476 0
-44 -480 481 0
-479 -22 480 0
-48 -53 479 0
-490 -486 489 0
-490 486 -489 0
-486 270 0
-486 485 0
-485 484 0
-485 241 0
-484 62 0
-484 213 0
-489 57 0
-489 488 0
-488 487 0
-488 31 0
-487 62 0
-487 4 0
-270 -485 486 0
-484 -241 485 0
-62 -213 484 0
-57 -488 489 0
-487 -31 488 0
-62 -4 487 0
-498 -494 497 0
-498 494 -497 0
-494 493 0
-494 277 0
-493 266 0
-493 492 0
-492 274 0
-492 70 0
-497 496 0
-497 65 0
-496 52 0
-496 495 0
-495 61 0
-495 70 0
-493 -277 494 0
-266 -492 493 0
-274 -70 492 0
-496 -65 497 0
-52 -495 496 0
-61 -70 495 0
-506 -502 505 0
-506 502 -505 0
-502 501 0
-502 285 0
-501 281 0
-501 500 0
-500 79 0
-500 213 0
-505 504 0
-505 74 0
-504 69 0
-504 503 0
-503 79 0
-503 4 0
-501 -285 502 0
-281 -500 501 0
-79 -213 500 0
-504 -74 505 0
-69 -503 504 0
-79 -4 503 0
-514 -510 513 0
-514 510 -513 0
-510 509 0
-510 296 0
-509 508 0
-509 227 0
-508 289 0
-508 91 0
-513 512 0
-513 86 0
-512 511 0
-512 22 0
-511 78 0
-511 91 0
-509 -296 510 0
-508 -227 509 0
-289 -91 508 0
-512 -86 513 0
-511 -22 512 0
-78 -91 511 0
-522 -518 521 0
-522 518 -521 0
-518 517 0
-518 308 0
-517 516 0
-517 241 0
-516 104 0
-516 213 0
-521 520 0
-521 99 0
-520 519 0
-520 31 0
-519 104 0
-519 4 0
-517 -308 518 0
-516 -241 517 0
-104 -213 516 0
-520 -99 521 0
-519 -31 520 0
-104 -4 519 0
-532 -527 531 0
-532 527 -531 0
-527 277 0
-527 526 0
-526 292 0
-526 525 0
-525 300 0
-525 524 0
-524 312 0
-524 108 0
-531 65 0
-531 530 0
-530 82 0
-530 529 0
-529 90 0
-529 528 0
-528 103 0
-528 108 0
-277 -526 527 0
-292 -525 526 0
-300 -524 525 0
-312 -108 524 0
-65 -530 531 0
-82 -529 530 0
-90 -528 529 0
-103 -108 528 0
-542 -537 541 0
-542 537 -541 0
-537 285 0
-537 536 0
-536 304 0
-536 535 0
-535 315 0
-535 534 0
-534 117 0
-534 213 0
-541 74 0
-541 540 0
-540 95 0
-540 539 0
-539 107 0
-539 538 0
-538 117 0
-538 4 0
-285 -536 537 0
-304 -535 536 0
-315 -534 535 0
-117 -213 534 0
-74 -540 541 0
-95 -539 540 0
-107 -538 539 0
-117 -4 538 0
-549 -544 548 0
-549 544 -548 0
-548 86 0
-548 547 0
-547 112 0
-547 546 0
-546 545 0
-546 22 0
-545 116 0
-545 121 0
-86 -547 548 0
-112 -546 547 0
-545 -22 546 0
-116 -121 545 0
-559 -554 558 0
-559 554 -558 0
-554 308 0
-554 553 0
-553 339 0
-553 552 0
-552 551 0
-552 241 0
-551 134 0
-551 213 0
-558 99 0
-558 557 0
-557 125 0
-557 556 0
-556 555 0
-556 31 0
-555 134 0
-555 4 0
-308 -553 554 0
-339 -552 553 0
-551 -241 552 0
-134 -213 551 0
-99 -557 558 0
-125 -556 557 0
-555 -31 556 0
-134 -4 555 0
-569 -564 568 0
-569 564 -568 0
-564 343 0
-564 563 0
-563 562 0
-563 277 0
-562 335 0
-562 561 0
-561 347 0
-561 142 0
-568 129 0
-568 567 0
-567 566 0
-567 65 0
-566 120 0
-566 565 0
-565 133 0
-565 142 0
-343 -563 564 0
-562 -277 563 0
-335 -561 562 0
-347 -142 561 0
-129 -567 568 0
-566 -65 567 0
-120 -565 566 0
-133 -142 565 0
-579 -574 578 0
-579 574 -578 0
-574 350 0
-574 573 0
-573 572 0
-573 285 0
-572 354 0
-572 571 0
-571 155 0
-571 213 0
-578 137 0
-578 577 0
-577 576 0
-577 74 0
-576 141 0
-576 575 0
-575 155 0
-575 4 0
-350 -573 574 0
-572 -285 573 0
-354 -571 572 0
-155 -213 571 0
-137 -577 578 0
-576 -74 577 0
-141 -575 576 0
-155 -4 575 0
-589 -584 588 0
-589 584 -588 0
-584 362 0
-584 583 0
-583 582 0
-583 296 0
-582 581 0
-582 227 0
-581 366 0
-581 159 0
-588 150 0
-588 587 0
-587 586 0
-587 86 0
-586 585 0
-586 22 0
-585 154 0
-585 159 0
-362 -583 584 0
-582 -296 583 0
-581 -227 582 0
-366 -159 581 0
-150 -587 588 0
-586 -86 587 0
-585 -22 586 0
-154 -159 585 0
-599 -594 598 0
-599 594 -598 0
-594 377 0
-594 593 0
-593 592 0
-593 308 0
-592 591 0
-592 241 0
-591 172 0
-591 213 0
-598 167 0
-598 597 0
-597 596 0
-597 99 0
-596 595 0
-596 31 0
-595 172 0
-595 4 0
-377 -593 594 0
-592 -308 593 0
-591 -241 592 0
-172 -213 591 0
-167 -597 598 0
-596 -99 597 0
-595 -31 596 0
-172 -4 595 0
-611 -605 610 0
-611 605 -610 0
-605 603 0
-605 604 0
-603 358 0
-603 602 0
-602 369 0
-602 601 0
-601 381 0
-601 176 0
-604 277 0
-604 343 0
-610 608 0
-610 609 0
-608 146 0
-608 607 0
-607 158 0
-607 606 0
-606 171 0
-606 176 0
-609 65 0
-609 129 0
-603 -604 605 0
-358 -602 603 0
-369 -601 602 0
-381 -176 601 0
-277 -343 604 0
-608 -609 610 0
-146 -607 608 0
-158 -606 607 0
-171 -176 606 0
-65 -129 609 0
-623 -617 622 0
-623 617 -622 0
-617 615 0
-617 616 0
-615 373 0
-615 614 0
-614 384 0
-614 613 0
-613 185 0
-613 213 0
-616 285 0
-616 350 0
-622 620 0
-622 621 0
-620 163 0
-620 619 0
-619 175 0
-619 618 0
-618 185 0
-618 4 0
-621 74 0
-621 137 0
-615 -616 617 0
-373 -614 615 0
-384 -613 614 0
-185 -213 613 0
-285 -350 616 0
-620 -621 622 0
-163 -619 620 0
-175 -618 619 0
-185 -4 618 0
-74 -137 621 0
-635 -629 634 0
-635 629 -634 0
-629 627 0
-629 628 0
-627 388 0
-627 626 0
-626 625 0
-626 227 0
-625 392 0
-625 189 0
-628 296 0
-628 362 0
-634 632 0
-634 633 0
-632 180 0
-632 631 0
-631 630 0
-631 22 0
-630 184 0
-630 189 0
-633 86 0
-633 150 0
-627 -628 629 0
-388 -626 627 0
-625 -227 626 0
-392 -189 625 0
-296 -362 628 0
-632 -633 634 0
-180 -631 632 0
-630 -22 631 0
-184 -189 630 0
-86 -150 633 0
-643 -637 642 0
-643 637 -642 0
-642 640 0
-642 641 0
-640 193 0
-640 639 0
-639 638 0
-639 31 0
-638 198 0
-638 4 0
-641 99 0
-641 167 0
-640 -641 642 0
-193 -639 640 0
-638 -31 639 0
-198 -4 638 0
-99 -167 641 0
-657 -650 656 0
-657 650 -656 0
-650 647 0
-650 649 0
-647 646 0
-647 277 0
-646 395 0
-646 645 0
-645 413 0
-645 202 0
-649 343 0
-649 648 0
-648 358 0
-648 388 0
-656 653 0
-656 655 0
-653 652 0
-653 65 0
-652 188 0
-652 651 0
-651 197 0
-651 202 0
-655 129 0
-655 654 0
-654 146 0
-654 180 0
-647 -649 650 0
-646 -277 647 0
-395 -645 646 0
-413 -202 645 0
-343 -648 649 0
-358 -388 648 0
-653 -655 656 0
-652 -65 653 0
-188 -651 652 0
-197 -202 651 0
-129 -654 655 0
-146 -180 654 0
-671 -664 670 0
-671 664 -670 0
-664 661 0
-664 663 0
-661 660 0
-661 285 0
-660 416 0
-660 659 0
-659 207 0
-659 213 0
-663 350 0
-663 662 0
-662 373 0
-662 399 0
-670 667 0
-670 669 0
-667 666 0
-667 74 0
-666 201 0
-666 665 0
-665 207 0
-665 4 0
-669 137 0
-669 668 0
-668 163 0
-668 193 0
-661 -663 664 0
-660 -285 661 0
-416 -659 660 0
-207 -213 659 0
-350 -662 663 0
-373 -399 662 0
-667 -669 670 0
-666 -74 667 0
-201 -665 666 0
-207 -4 665 0
-137 -668 669 0
-163 -193 668 0
-688 -679 687 0
-688 679 -687 0
-679 675 0
-679 678 0
-675 674 0
-675 296 0
-674 673 0
-674 227 0
-678 362 0
-678 677 0
-677 388 0
-677 676 0
-676 395 0
-676 416 0
-687 683 0
-687 686 0
-683 682 0
-683 86 0
-682 681 0
-682 22 0
-681 206 0
-681 680 0
-686 150 0
-686 685 0
-685 180 0
-685 684 0
-684 188 0
-684 201 0
-675 -678 679 0
-674 -296 675 0
-673 -227 674 0
-362 -677 678 0
-388 -676 677 0
-395 -416 676 0
-683 -686 687 0
-682 -86 683 0
-681 -22 682 0
-206 -680 681 0
-150 -685 686 0
-180 -684 685 0
-188 -201 684 0
-707 -698 706 0
-707 698 -706 0
-698 693 0
-698 697 0
-693 692 0
-693 308 0
-692 691 0
-692 241 0
-691 690 0
-691 213 0
-697 377 0
-697 696 0
-696 399 0
-696 695 0
-695 416 0
-695 694 0
-694 420 0
-694 -680 0
-706 701 0
-706 705 0
-701 700 0
-701 99 0
-700 699 0
-700 31 0
-699 690 0
-699 4 0
-705 167 0
-705 704 0
-704 193 0
-704 703 0
-703 201 0
-703 702 0
-702 206 0
-702 -680 0
-693 -697 698 0
-692 -308 693 0
-691 -241 692 0
-690 -213 691 0
-377 -696 697 0
-399 -695 696 0
-416 -694 695 0
-420 680 694 0
-701 -705 706 0
-700 -99 701 0
-699 -31 700 0
-690 -4 699 0
-167 -704 705 0
-193 -703 704 0
-201 -702 703 0
-206 680 702 0
2024 0
1 -2025 0
-5 -2025 0
-1 5 2025 0
9 -2026 0
-14 -2026 0
-9 14 2026 0
13 -2027 0
4 -2027 0
-13 -4 2027 0
18 -2028 0
-27 -2028 0
-18 27 2028 0
26 -2029 0
13 -2029 0
-26 -13 2029 0
35 -2030 0
-40 -2030 0
-35 40 2030 0
39 -2031 0
26 -2031 0
-39 -26 2031 0
48 -2032 0
-53 -2032 0
-48 53 2032 0
52 -2033 0
39 -2033 0
-52 -39 2033 0
44 -2034 0
22 -2034 0
-44 -22 2034 0
61 -2035 0
-70 -2035 0
-61 70 2035 0
57 -2036 0
31 -2036 0
-57 -31 2036 0
69 -2037 0
52 -2037 0
-69 -52 2037 0
44 -2038 0
82 -2038 0
-44 -82 2038 0
78 -2039 0
-91 -2039 0
-78 91 2039 0
69 -2040 0
90 -2040 0
-69 -90 2040 0
57 -2041 0
95 -2041 0
-57 -95 2041 0
-108 -2042 0
103 -2042 0
108 -103 2042 0
107 -2043 0
90 -2043 0
-107 -90 2043 0
-121 -2044 0
116 -2044 0
121 -116 2044 0
107 -2045 0
120 -2045 0
-107 -120 2045 0
112 -2046 0
82 -2046 0
-112 -82 2046 0
95 -2047 0
125 -2047 0
-95 -125 2047 0
-142 -2048 0
133 -2048 0
142 -133 2048 0
141 -2049 0
120 -2049 0
-141 -120 2049 0
112 -2050 0
146 -2050 0
-112 -146 2050 0
-159 -2051 0
154 -2051 0
159 -154 2051 0
158 -2052 0
141 -2052 0
-158 -141 2052 0
125 -2053 0
163 -2053 0
-125 -163 2053 0
-176 -2054 0
171 -2054 0
176 -171 2054 0
158 -2055 0
175 -2055 0
-158 -175 2055 0
-189 -2056 0
184 -2056 0
189 -184 2056 0
188 -2057 0
175 -2057 0
-188 -175 2057 0
-202 -2058 0
197 -2058 0
202 -197 2058 0
-5 -2059 0
210 -2059 0
5 -210 2059 0
-14 -2060 0
217 -2060 0
14 -217 2060 0
220 -2061 0
213 -2061 0
-220 -213 2061 0
36 -2062 0
213 -2062 0
-36 -213 2062 0
249 -2063 0
-40 -2063 0
-249 40 2063 0
263 -2064 0
-53 -2064 0
-263 53 2064 0
255 -2065 0
266 -2065 0
-255 -266 2065 0
259 -2066 0
227 -2066 0
-259 -227 2066 0
-70 -2067 0
274 -2067 0
70 -274 2067 0
270 -2068 0
241 -2068 0
-270 -241 2068 0
266 -2069 0
281 -2069 0
-266 -281 2069 0
259 -2070 0
292 -2070 0
-259 -292 2070 0
-91 -2071 0
289 -2071 0
91 -289 2071 0
281 -2072 0
300 -2072 0
-281 -300 2072 0
270 -2073 0
304 -2073 0
-270 -304 2073 0
-108 -2074 0
312 -2074 0
108 -312 2074 0
315 -2075 0
300 -2075 0
-315 -300 2075 0
-326 -2076 0
-121 -2076 0
326 121 2076 0
227 -2077 0
330 -2077 0
-227 -330 2077 0
322 -2078 0
331 -2078 0
-322 -331 2078 0
326 -2079 0
-121 -2079 0
-326 121 2079 0
335 -2080 0
315 -2080 0
-335 -315 2080 0
322 -2081 0
292 -2081 0
-322 -292 2081 0
339 -2082 0
304 -2082 0
-339 -304 2082 0
347 -2083 0
-142 -2083 0
-347 142 2083 0
335 -2084 0
354 -2084 0
-335 -354 2084 0
322 -2085 0
358 -2085 0
-322 -358 2085 0
366 -2086 0
-159 -2086 0
-366 159 2086 0
354 -2087 0
369 -2087 0
-354 -369 2087 0
339 -2088 0
373 -2088 0
-339 -373 2088 0
381 -2089 0
-176 -2089 0
-381 176 2089 0
369 -2090 0
384 -2090 0
-369 -384 2090 0
-189 -2091 0
392 -2091 0
189 -392 2091 0
395 -2092 0
384 -2092 0
-395 -384 2092 0
198 -2093 0
213 -2093 0
-198 -213 2093 0
241 -2094 0
404 -2094 0
-241 -404 2094 0
399 -2095 0
405 -2095 0
-399 -405 2095 0
377 -2096 0
308 -2096 0
-377 -308 2096 0
-202 -2097 0
413 -2097 0
202 -413 2097 0
5 -2098 0
210 -2098 0
-5 -210 2098 0
1 -2099 0
5 -2099 0
-1 -5 2099 0
10 -2100 0
213 -2100 0
-10 -213 2100 0
4 -2101 0
10 -2101 0
-4 -10 2101 0
14 -2102 0
217 -2102 0
-14 -217 2102 0
213 -2103 0
437 -2103 0
-213 -437 2103 0
9 -2104 0
14 -2104 0
-9 -14 2104 0
4 -2105 0
439 -2105 0
-4 -439 2105 0
19 -2106 0
213 -2106 0
-19 -213 2106 0
220 -2107 0
443 -2107 0
-220 -443 2107 0
4 -2108 0
19 -2108 0
-4 -19 2108 0
13 -2109 0
445 -2109 0
-13 -445 2109 0
27 -2110 0
224 -2110 0
-27 -224 2110 0
227 -2111 0
449 -2111 0
-227 -449 2111 0
18 -2112 0
27 -2112 0
-18 -27 2112 0
22 -2113 0
451 -2113 0
-22 -451 2113 0
4 -2114 0
36 -2114 0
-4 -36 2114 0
31 -2115 0
456 -2115 0
-31 -456 2115 0
227 -2116 0
461 -2116 0
-227 -461 2116 0
35 -2117 0
40 -2117 0
-35 -40 2117 0
26 -2118 0
463 -2118 0
-26 -463 2118 0
22 -2119 0
464 -2119 0
-22 -464 2119 0
49 -2120 0
213 -2120 0
-49 -213 2120 0
255 -2121 0
468 -2121 0
-255 -468 2121 0
241 -2122 0
469 -2122 0
-241 -469 2122 0
4 -2123 0
49 -2123 0
-4 -49 2123 0
39 -2124 0
471 -2124 0
-39 -471 2124 0
31 -2125 0
472 -2125 0
-31 -472 2125 0
263 -2126 0
53 -2126 0
-263 -53 2126 0
227 -2127 0
476 -2127 0
-227 -476 2127 0
259 -2128 0
477 -2128 0
-259 -477 2128 0
48 -2129 0
53 -2129 0
-48 -53 2129 0
22 -2130 0
479 -2130 0
-22 -479 2130 0
44 -2131 0
480 -2131 0
-44 -480 2131 0
62 -2132 0
213 -2132 0
-62 -213 2132 0
241 -2133 0
484 -2133 0
-241 -484 2133 0
270 -2134 0
485 -2134 0
-270 -485 2134 0
62 -2135 0
4 -2135 0
-62 -4 2135 0
31 -2136 0
487 -2136 0
-31 -487 2136 0
57 -2137 0
488 -2137 0
-57 -488 2137 0
70 -2138 0
274 -2138 0
-70 -274 2138 0
266 -2139 0
492 -2139 0
-266 -492 2139 0
277 -2140 0
493 -2140 0
-277 -493 2140 0
61 -2141 0
70 -2141 0
-61 -70 2141 0
52 -2142 0
495 -2142 0
-52 -495 2142 0
65 -2143 0
496 -2143 0
-65 -496 2143 0
79 -2144 0
213 -2144 0
-79 -213 2144 0
281 -2145 0
500 -2145 0
-281 -500 2145 0
285 -2146 0
501 -2146 0
-285 -501 2146 0
79 -2147 0
4 -2147 0
-79 -4 2147 0
69 -2148 0
503 -2148 0
-69 -503 2148 0
74 -2149 0
504 -2149 0
-74 -504 2149 0
91 -2150 0
289 -2150 0
-91 -289 2150 0
227 -2151 0
508 -2151 0
-227 -508 2151 0
296 -2152 0
509 -2152 0
-296 -509 2152 0
78 -2153 0
91 -2153 0
-78 -91 2153 0
22 -2154 0
511 -2154 0
-22 -511 2154 0
86 -2155 0
512 -2155 0
-86 -512 2155 0
104 -2156 0
213 -2156 0
-104 -213 2156 0
241 -2157 0
516 -2157 0
-241 -516 2157 0
308 -2158 0
517 -2158 0
-308 -517 2158 0
104 -2159 0
4 -2159 0
-104 -4 2159 0
31 -2160 0
519 -2160 0
-31 -519 2160 0
99 -2161 0
520 -2161 0
-99 -520 2161 0
108 -2162 0
312 -2162 0
-108 -312 2162 0
300 -2163 0
524 -2163 0
-300 -524 2163 0
292 -2164 0
525 -2164 0
-292 -525 2164 0
277 -2165 0
526 -2165 0
-277 -526 2165 0
108 -2166 0
103 -2166 0
-108 -103 2166 0
90 -2167 0
528 -2167 0
-90 -528 2167 0
82 -2168 0
529 -2168 0
-82 -529 2168 0
65 -2169 0
530 -2169 0
-65 -530 2169 0
117 -2170 0
213 -2170 0
-117 -213 2170 0
315 -2171 0
534 -2171 0
-315 -534 2171 0
304 -2172 0
535 -2172 0
-304 -535 2172 0
285 -2173 0
536 -2173 0
-285 -536 2173 0
117 -2174 0
4 -2174 0
-117 -4 2174 0
107 -2175 0
538 -2175 0
-107 -538 2175 0
95 -2176 0
539 -2176 0
-95 -539 2176 0
74 -2177 0
540 -2177 0
-74 -540 2177 0
121 -2178 0
116 -2178 0
-121 -116 2178 0
22 -2179 0
545 -2179 0
-22 -545 2179 0
112 -2180 0
546 -2180 0
-112 -546 2180 0
86 -2181 0
547 -2181 0
-86 -547 2181 0
134 -2182 0
213 -2182 0
-134 -213 2182 0
241 -2183 0
551 -2183 0
-241 -551 2183 0
339 -2184 0
552 -2184 0
-339 -552 2184 0
308 -2185 0
553 -2185 0
-308 -553 2185 0
134 -2186 0
4 -2186 0
-134 -4 2186 0
31 -2187 0
555 -2187 0
-31 -555 2187 0
125 -2188 0
556 -2188 0
-125 -556 2188 0
99 -2189 0
557 -2189 0
-99 -557 2189 0
347 -2190 0
142 -2190 0
-347 -142 2190 0
335 -2191 0
561 -2191 0
-335 -561 2191 0
277 -2192 0
562 -2192 0
-277 -562 2192 0
343 -2193 0
563 -2193 0
-343 -563 2193 0
142 -2194 0
133 -2194 0
-142 -133 2194 0
120 -2195 0
565 -2195 0
-120 -565 2195 0
65 -2196 0
566 -2196 0
-65 -566 2196 0
129 -2197 0
567 -2197 0
-129 -567 2197 0
155 -2198 0
213 -2198 0
-155 -213 2198 0
354 -2199 0
571 -2199 0
-354 -571 2199 0
285 -2200 0
572 -2200 0
-285 -572 2200 0
350 -2201 0
573 -2201 0
-350 -573 2201 0
155 -2202 0
4 -2202 0
-155 -4 2202 0
141 -2203 0
575 -2203 0
-141 -575 2203 0
74 -2204 0
576 -2204 0
-74 -576 2204 0
137 -2205 0
577 -2205 0
-137 -577 2205 0
366 -2206 0
159 -2206 0
-366 -159 2206 0
227 -2207 0
581 -2207 0
-227 -581 2207 0
296 -2208 0
582 -2208 0
-296 -582 2208 0
362 -2209 0
583 -2209 0
-362 -583 2209 0
159 -2210 0
154 -2210 0
-159 -154 2210 0
22 -2211 0
585 -2211 0
-22 -585 2211 0
86 -2212 0
586 -2212 0
-86 -586 2212 0
150 -2213 0
587 -2213 0
-150 -587 2213 0
172 -2214 0
213 -2214 0
-172 -213 2214 0
241 -2215 0
591 -2215 0
-241 -591 2215 0
308 -2216 0
592 -2216 0
-308 -592 2216 0
377 -2217 0
593 -2217 0
-377 -593 2217 0
172 -2218 0
4 -2218 0
-172 -4 2218 0
31 -2219 0
595 -2219 0
-31 -595 2219 0
99 -2220 0
596 -2220 0
-99 -596 2220 0
167 -2221 0
597 -2221 0
-167 -597 2221 0
381 -2222 0
176 -2222 0
-381 -176 2222 0
369 -2223 0
601 -2223 0
-369 -601 2223 0
358 -2224 0
602 -2224 0
-358 -602 2224 0
343 -2225 0
277 -2225 0
-343 -277 2225 0
603 -2226 0
604 -2226 0
-603 -604 2226 0
176 -2227 0
171 -2227 0
-176 -171 2227 0
158 -2228 0
606 -2228 0
-158 -606 2228 0
146 -2229 0
607 -2229 0
-146 -607 2229 0
65 -2230 0
129 -2230 0
-65 -129 2230 0
608 -2231 0
609 -2231 0
-608 -609 2231 0
185 -2232 0
213 -2232 0
-185 -213 2232 0
384 -2233 0
613 -2233 0
-384 -613 2233 0
373 -2234 0
614 -2234 0
-373 -614 2234 0
350 -2235 0
285 -2235 0
-350 -285 2235 0
615 -2236 0
616 -2236 0
-615 -616 2236 0
185 -2237 0
4 -2237 0
-185 -4 2237 0
175 -2238 0
618 -2238 0
-175 -618 2238 0
163 -2239 0
619 -2239 0
-163 -619 2239 0
74 -2240 0
137 -2240 0
-74 -137 2240 0
620 -2241 0
621 -2241 0
-620 -621 2241 0
189 -2242 0
392 -2242 0
-189 -392 2242 0
227 -2243 0
625 -2243 0
-227 -625 2243 0
388 -2244 0
626 -2244 0
-388 -626 2244 0
362 -2245 0
296 -2245 0
-362 -296 2245 0
627 -2246 0
628 -2246 0
-627 -628 2246 0
189 -2247 0
184 -2247 0
-189 -184 2247 0
22 -2248 0
630 -2248 0
-22 -630 2248 0
180 -2249 0
631 -2249 0
-180 -631 2249 0
86 -2250 0
150 -2250 0
-86 -150 2250 0
632 -2251 0
633 -2251 0
-632 -633 2251 0
198 -2252 0
4 -2252 0
-198 -4 2252 0
31 -2253 0
638 -2253 0
-31 -638 2253 0
193 -2254 0
639 -2254 0
-193 -639 2254 0
99 -2255 0
167 -2255 0
-99 -167 2255 0
640 -2256 0
641 -2256 0
-640 -641 2256 0
202 -2257 0
413 -2257 0
-202 -413 2257 0
395 -2258 0
645 -2258 0
-395 -645 2258 0
277 -2259 0
646 -2259 0
-277 -646 2259 0
358 -2260 0
388 -2260 0
-358 -388 2260 0
343 -2261 0
648 -2261 0
-343 -648 2261 0
647 -2262 0
649 -2262 0
-647 -649 2262 0
202 -2263 0
197 -2263 0
-202 -197 2263 0
188 -2264 0
651 -2264 0
-188 -651 2264 0
65 -2265 0
652 -2265 0
-65 -652 2265 0
180 -2266 0
146 -2266 0
-180 -146 2266 0
129 -2267 0
654 -2267 0
-129 -654 2267 0
653 -2268 0
655 -2268 0
-653 -655 2268 0
207 -2269 0
213 -2269 0
-207 -213 2269 0
416 -2270 0
659 -2270 0
-416 -659 2270 0
285 -2271 0
660 -2271 0
-285 -660 2271 0
399 -2272 0
373 -2272 0
-399 -373 2272 0
350 -2273 0
662 -2273 0
-350 -662 2273 0
661 -2274 0
663 -2274 0
-661 -663 2274 0
207 -2275 0
4 -2275 0
-207 -4 2275 0
201 -2276 0
665 -2276 0
-201 -665 2276 0
74 -2277 0
666 -2277 0
-74 -666 2277 0
193 -2278 0
163 -2278 0
-193 -163 2278 0
137 -2279 0
668 -2279 0
-137 -668 2279 0
667 -2280 0
669 -2280 0
-667 -669 2280 0
296 -2281 0
674 -2281 0
-296 -674 2281 0
395 -2282 0
416 -2282 0
-395 -416 2282 0
388 -2283 0
676 -2283 0
-388 -676 2283 0
362 -2284 0
677 -2284 0
-362 -677 2284 0
675 -2285 0
678 -2285 0
-675 -678 2285 0
680 -2286 0
206 -2286 0
-680 -206 2286 0
22 -2287 0
681 -2287 0
-22 -681 2287 0
86 -2288 0
682 -2288 0
-86 -682 2288 0
201 -2289 0
188 -2289 0
-201 -188 2289 0
180 -2290 0
684 -2290 0
-180 -684 2290 0
150 -2291 0
685 -2291 0
-150 -685 2291 0
683 -2292 0
686 -2292 0
-683 -686 2292 0
690 -2293 0
213 -2293 0
-690 -213 2293 0
241 -2294 0
691 -2294 0
-241 -691 2294 0
308 -2295 0
692 -2295 0
-308 -692 2295 0
-680 -2296 0
420 -2296 0
680 -420 2296 0
416 -2297 0
694 -2297 0
-416 -694 2297 0
399 -2298 0
695 -2298 0
-399 -695 2298 0
377 -2299 0
696 -2299 0
-377 -696 2299 0
693 -2300 0
697 -2300 0
-693 -697 2300 0
4 -2301 0
690 -2301 0
-4 -690 2301 0
31 -2302 0
699 -2302 0
-31 -699 2302 0
99 -2303 0
700 -2303 0
-99 -700 2303 0
-680 -2304 0
206 -2304 0
680 -206 2304 0
201 -2305 0
702 -2305 0
-201 -702 2305 0
193 -2306 0
703 -2306 0
-193 -703 2306 0
167 -2307 0
704 -2307 0
-167 -704 2307 0
701 -2308 0
705 -2308 0
-701 -705 2308 0
