c defined variables: 8 10 20 33 34 35 36 38 39 40 42 43 44 45 58 59 60 61 63 64 65 69 70 71 72 85 86 87 88 90 91 92 94 95 96 97 99 100 101 102 103 106 107 110 111 112 113 116 118 119 120 121 124 126 127 128 129 132 133 134 135 136 137 138 139 140 141 142 145 146 147 149 150 151 152 153 154 155 156 157 158 159 160 161 162 163 164 165 166 167 168 169 170 171 172 173 174 175 176 178 179 180 181 182 184 185 186 187 188 189 191 192 194 195 196 197 198 211 212 213 214 216 217 218 219 220 221 222 231 232 233 234 236 237 238 239 241 242 243 244 245 246 247 248 249 250 251 253 254 255 257 258 259 260 261 270 271 272 273 275 276 277 278 279 280 281 282 283 284 285 287 288 289 290 292 293 294 295 296 297 298 299 300 302 303 304 305 306 308 309 310 311 312 314 315 316 317 318 319 320 321 322 323 324 325 326 327 328 329 330 331 332 333 334 335 336 338 339 340 341 342 344 345 346 347 348 349 350 351 352 353 354 355 356 357 358 359 360 362 363 364 365 366 367 368 369 370 371 372 373 374 375 376 377 378 380 381 382 383 384 385 386 387 388 389 390 392 393 394 395 396 398 399 400 401 402 404 405 406 407 408 410 411 412 413 414 416 417 418 419 420 421 422 423 424 425 426 427 428 429 430 431 432 434 435 436 437 438 439 440 441 
p cnf 2179 3009
a 1 2 3 4 5 6 7 0
e 13 15 17 19 24 25 28 29 32 37 49 50 53 54 57 62 68 76 77 80 81 84 89 98 105 109 115 117 123 125 131 144 183 190 202 203 206 207 210 215 224 225 227 228 230 235 252 263 264 266 267 269 274 286 291 301 307 313 337 343 361 379 391 397 403 409 415 433 8 10 20 33 34 35 36 38 39 40 42 43 44 45 58 59 60 61 63 64 65 69 70 71 72 85 86 87 88 90 91 92 94 95 96 97 99 100 101 102 103 106 107 110 111 112 113 116 118 119 120 121 124 126 127 128 129 132 133 134 135 136 137 138 139 140 141 142 145 146 147 149 150 151 152 153 154 155 156 157 158 159 160 161 162 163 164 165 166 167 168 169 170 171 172 173 174 175 176 178 179 180 181 182 184 185 186 187 188 189 191 192 194 195 196 197 198 211 212 213 214 216 217 218 219 220 221 222 231 232 233 234 236 237 238 239 241 242 243 244 245 246 247 248 249 250 251 253 254 255 257 258 259 260 261 270 271 272 273 275 276 277 278 279 280 281 282 283 284 285 287 288 289 290 292 293 294 295 296 297 298 299 300 302 303 304 305 306 308 309 310 311 312 314 315 316 317 318 319 320 321 322 323 324 325 326 327 328 329 330 331 332 333 334 335 336 338 339 340 341 342 344 345 346 347 348 349 350 351 352 353 354 355 356 357 358 359 360 362 363 364 365 366 367 368 369 370 371 372 373 374 375 376 377 378 380 381 382 383 384 385 386 387 388 389 390 392 393 394 395 396 398 399 400 401 402 404 405 406 407 408 410 411 412 413 414 416 417 418 419 420 421 422 423 424 425 426 427 428 429 430 431 432 434 435 436 437 438 439 440 441 1854 1855 1856 1857 1858 1859 1860 1861 1862 1863 1864 1865 1866 1867 1868 1869 1870 1871 1872 1873 1874 1875 1876 1877 1878 1879 1880 1881 1882 1883 1884 1885 1886 1887 1888 1889 1890 1891 1892 1893 1894 1895 1896 1897 1898 1899 1900 1901 1902 1903 1904 1905 1906 1907 1908 1909 1910 1911 1912 1913 1914 1915 1916 1917 1918 1919 1920 1921 1922 1923 1924 1925 1926 1927 1928 1929 1930 1931 1932 1933 1934 1935 1936 1937 1938 1939 1940 1941 1942 1943 1944 1945 1946 1947 1948 1949 1950 1951 1952 1953 1954 1955 1956 1957 1958 1959 1960 1961 1962 1963 1964 1965 1966 1967 1968 1969 1970 1971 1972 1973 1974 1975 1976 1977 1978 1979 1980 1981 1982 1983 1984 1985 1986 1987 1988 1989 1990 1991 1992 1993 1994 1995 1996 1997 1998 1999 2000 2001 2002 2003 2004 2005 2006 2007 2008 2009 2010 2011 2012 2013 2014 2015 2016 2017 2018 2019 2020 2021 2022 2023 2024 2025 2026 2027 2028 2029 2030 2031 2032 2033 2034 2035 2036 2037 2038 2039 2040 2041 2042 2043 2044 2045 2046 2047 2048 2049 2050 2051 2052 2053 2054 2055 2056 2057 2058 2059 2060 2061 2062 2063 2064 2065 2066 2067 2068 2069 2070 2071 2072 2073 2074 2075 2076 2077 2078 2079 2080 2081 2082 2083 2084 2085 2086 2087 2088 2089 2090 2091 2092 2093 2094 2095 2096 2097 2098 2099 2100 2101 2102 2103 2104 2105 2106 2107 2108 2109 2110 2111 2112 2113 2114 2115 2116 2117 2118 2119 2120 2121 2122 2123 2124 2125 2126 2127 2128 2129 2130 2131 2132 2133 2134 2135 2136 2137 2138 2139 2140 2141 2142 2143 2144 2145 2146 2147 2148 2149 2150 2151 2152 2153 2154 2155 2156 2157 2158 2159 2160 2161 2162 2163 2164 2165 2166 2167 2168 2169 2170 2171 2172 2173 2174 2175 2176 2177 2178 2179 0
d 12 1 2 3 7 0
d 108 1 2 3 7 0
d 67 1 2 3 7 0
d 16 1 2 3 7 0
d 18 1 2 3 7 0
d 14 1 2 3 7 0
d 31 1 2 3 0
d 114 4 5 6 0
d 46 4 5 6 0
d 201 1 2 3 0
d 9 1 2 3 0
d 30 4 5 6 0
d 226 4 5 6 0
d 51 4 5 6 0
d 21 4 5 6 0
d 66 1 2 3 0
d 204 4 5 6 0
d 78 4 5 6 0
d 83 1 2 3 0
d 26 4 5 6 0
d 209 1 2 3 0
d 256 1 2 3 0
d 23 1 2 3 0
d 130 4 5 6 0
d 143 4 5 6 0
d 11 1 2 3 0
d 41 1 2 3 0
d 193 1 2 3 0
d 205 1 2 3 0
d 79 1 2 3 0
d 208 4 5 6 0
d 27 1 2 3 0
d 122 4 5 6 0
d 177 1 2 3 0
d 55 4 5 6 0
d 82 4 5 6 0
d 229 4 5 6 0
d 268 1 2 3 0
d 75 1 2 3 0
d 73 4 5 6 0
d 262 1 2 3 0
d 56 1 2 3 0
d 93 1 2 3 0
d 199 4 5 6 0
d 104 4 5 6 0
d 265 1 2 3 0
d 48 1 2 3 0
d 223 4 5 6 0
d 47 4 5 6 0
d 22 4 5 6 0
d 74 4 5 6 0
d 148 1 2 3 0
d 200 4 5 6 0
d 52 1 2 3 0
d 240 1 2 3 0
1856 -8 0
-1856 8 0
1854 -10 0
-1854 10 0
1858 -20 0
-1858 20 0
1859 -33 0
-1859 33 0
-1860 -34 0
1860 34 0
1861 -35 0
-1861 35 0
-1862 -36 0
1862 36 0
-1863 -38 0
1863 38 0
-1864 -39 0
1864 39 0
1854 -40 0
-1854 40 0
15 -42 0
-15 42 0
17 -43 0
-17 43 0
19 -44 0
-19 44 0
1866 -45 0
-1866 45 0
1867 -58 0
-1867 58 0
-1868 -59 0
1868 59 0
1869 -60 0
-1869 60 0
-1870 -61 0
1870 61 0
-1871 -63 0
1871 63 0
-1872 -64 0
1872 64 0
1854 -65 0
-1854 65 0
15 -69 0
-15 69 0
17 -70 0
-17 70 0
19 -71 0
-19 71 0
1874 -72 0
-1874 72 0
1875 -85 0
-1875 85 0
-1876 -86 0
1876 86 0
1877 -87 0
-1877 87 0
-1878 -88 0
1878 88 0
-1879 -90 0
1879 90 0
-1880 -91 0
1880 91 0
1854 -92 0
-1854 92 0
15 -94 0
-15 94 0
17 -95 0
-17 95 0
19 -96 0
-19 96 0
1882 -97 0
-1882 97 0
-1883 -99 0
1883 99 0
15 -100 0
-15 100 0
17 -101 0
-17 101 0
19 -102 0
-19 102 0
1885 -103 0
-1885 103 0
1886 -106 0
-1886 106 0
1854 -107 0
-1854 107 0
1889 -110 0
-1889 110 0
1892 -111 0
-1892 111 0
1895 -112 0
-1895 112 0
1897 -113 0
-1897 113 0
-1898 -116 0
1898 116 0
1900 -118 0
-1900 118 0
1902 -119 0
-1902 119 0
1905 -120 0
-1905 120 0
1907 -121 0
-1907 121 0
-1908 -124 0
1908 124 0
1910 -126 0
-1910 126 0
1912 -127 0
-1912 127 0
1914 -128 0
-1914 128 0
1916 -129 0
-1916 129 0
-1917 -132 0
1917 132 0
1919 -133 0
-1919 133 0
1921 -134 0
-1921 134 0
1923 -135 0
-1923 135 0
1925 -136 0
-1925 136 0
-1929 -137 0
1929 137 0
-1932 -138 0
1932 138 0
1934 -139 0
-1934 139 0
1937 -140 0
-1937 140 0
1939 -141 0
-1939 141 0
1941 -142 0
-1941 142 0
-1942 -145 0
1942 145 0
1946 -146 0
-1946 146 0
1854 -147 0
-1854 147 0
109 -149 0
-109 149 0
1948 -150 0
-1948 150 0
1950 -151 0
-1950 151 0
1952 -152 0
-1952 152 0
1954 -153 0
-1954 153 0
-1958 -154 0
1958 154 0
-1959 -155 0
1959 155 0
125 -156 0
-125 156 0
1948 -157 0
-1948 157 0
1950 -158 0
-1950 158 0
1961 -159 0
-1961 159 0
1963 -160 0
-1963 160 0
-1967 -161 0
1967 161 0
-1968 -162 0
1968 162 0
1948 -163 0
-1948 163 0
1950 -164 0
-1950 164 0
1970 -165 0
-1970 165 0
1972 -166 0
-1972 166 0
-1976 -167 0
1976 167 0
-1978 -168 0
1978 168 0
1948 -169 0
-1948 169 0
1950 -170 0
-1950 170 0
1980 -171 0
-1980 171 0
1982 -172 0
-1982 172 0
-1986 -173 0
1986 173 0
-1987 -174 0
1987 174 0
1990 -175 0
-1990 175 0
1854 -176 0
-1854 176 0
1991 -178 0
-1991 178 0
1948 -179 0
-1948 179 0
1950 -180 0
-1950 180 0
1993 -181 0
-1993 181 0
1995 -182 0
-1995 182 0
-1996 -184 0
1996 184 0
1998 -185 0
-1998 185 0
2000 -186 0
-2000 186 0
2002 -187 0
-2002 187 0
2004 -188 0
-2004 188 0
-2008 -189 0
2008 189 0
2009 -191 0
-2009 191 0
1854 -192 0
-1854 192 0
2011 -194 0
-2011 194 0
1998 -195 0
-1998 195 0
2000 -196 0
-2000 196 0
2013 -197 0
-2013 197 0
2015 -198 0
-2015 198 0
2016 -211 0
-2016 211 0
-2017 -212 0
2017 212 0
2018 -213 0
-2018 213 0
-2019 -214 0
2019 214 0
-2020 -216 0
2020 216 0
-2021 -217 0
2021 217 0
2022 -218 0
-2022 218 0
2023 -219 0
-2023 219 0
2024 -220 0
-2024 220 0
2026 -221 0
-2026 221 0
2028 -222 0
-2028 222 0
2029 -231 0
-2029 231 0
-2030 -232 0
2030 232 0
2031 -233 0
-2031 233 0
-2032 -234 0
2032 234 0
-2033 -236 0
2033 236 0
-2034 -237 0
2034 237 0
2035 -238 0
-2035 238 0
1854 -239 0
-1854 239 0
2036 -241 0
-2036 241 0
2000 -242 0
-2000 242 0
2013 -243 0
-2013 243 0
2038 -244 0
-2038 244 0
-2042 -245 0
2042 245 0
-2046 -246 0
2046 246 0
2047 -247 0
-2047 247 0
2049 -248 0
-2049 248 0
2000 -249 0
-2000 249 0
2051 -250 0
-2051 250 0
2053 -251 0
-2053 251 0
-2054 -253 0
2054 253 0
2055 -254 0
-2055 254 0
1854 -255 0
-1854 255 0
2058 -257 0
-2058 257 0
2060 -258 0
-2060 258 0
2062 -259 0
-2062 259 0
2026 -260 0
-2026 260 0
2064 -261 0
-2064 261 0
2065 -270 0
-2065 270 0
-2066 -271 0
2066 271 0
2067 -272 0
-2067 272 0
-2068 -273 0
2068 273 0
-2069 -275 0
2069 275 0
-2070 -276 0
2070 276 0
2071 -277 0
-2071 277 0
2049 -278 0
-2049 278 0
2000 -279 0
-2000 279 0
2073 -280 0
-2073 280 0
2075 -281 0
-2075 281 0
2083 -282 0
-2083 282 0
2090 -283 0
-2090 283 0
-2098 -284 0
2098 284 0
2105 -285 0
-2105 285 0
2106 -287 0
-2106 287 0
-2107 -288 0
2107 288 0
2108 -289 0
-2108 289 0
-2109 -290 0
2109 290 0
-2110 -292 0
2110 292 0
-2111 -293 0
2111 293 0
2112 -294 0
-2112 294 0
1854 -295 0
-1854 295 0
1854 -296 0
-1854 296 0
2115 -297 0
-2115 297 0
2118 -298 0
-2118 298 0
2121 -299 0
-2121 299 0
2123 -300 0
-2123 300 0
1854 -302 0
-1854 302 0
2115 -303 0
-2115 303 0
2118 -304 0
-2118 304 0
2121 -305 0
-2121 305 0
2125 -306 0
-2125 306 0
1854 -308 0
-1854 308 0
2115 -309 0
-2115 309 0
2118 -310 0
-2118 310 0
2121 -311 0
-2121 311 0
2127 -312 0
-2127 312 0
1854 -314 0
-1854 314 0
2115 -315 0
-2115 315 0
2118 -316 0
-2118 316 0
2121 -317 0
-2121 317 0
2129 -318 0
-2129 318 0
2130 -319 0
-2130 319 0
1854 -320 0
-1854 320 0
2115 -321 0
-2115 321 0
2118 -322 0
-2118 322 0
2121 -323 0
-2121 323 0
2132 -324 0
-2132 324 0
2133 -325 0
-2133 325 0
1854 -326 0
-1854 326 0
2115 -327 0
-2115 327 0
2118 -328 0
-2118 328 0
2121 -329 0
-2121 329 0
2135 -330 0
-2135 330 0
2136 -331 0
-2136 331 0
1854 -332 0
-1854 332 0
2115 -333 0
-2115 333 0
2118 -334 0
-2118 334 0
2121 -335 0
-2121 335 0
2138 -336 0
-2138 336 0
1854 -338 0
-1854 338 0
2115 -339 0
-2115 339 0
2118 -340 0
-2118 340 0
2121 -341 0
-2121 341 0
2140 -342 0
-2140 342 0
1854 -344 0
-1854 344 0
2115 -345 0
-2115 345 0
2118 -346 0
-2118 346 0
2121 -347 0
-2121 347 0
2142 -348 0
-2142 348 0
2144 -349 0
-2144 349 0
1854 -350 0
-1854 350 0
2115 -351 0
-2115 351 0
2118 -352 0
-2118 352 0
2121 -353 0
-2121 353 0
2146 -354 0
-2146 354 0
2147 -355 0
-2147 355 0
1854 -356 0
-1854 356 0
2115 -357 0
-2115 357 0
2118 -358 0
-2118 358 0
2121 -359 0
-2121 359 0
2149 -360 0
-2149 360 0
1854 -362 0
-1854 362 0
2115 -363 0
-2115 363 0
2118 -364 0
-2118 364 0
2121 -365 0
-2121 365 0
2151 -366 0
-2151 366 0
2152 -367 0
-2152 367 0
1854 -368 0
-1854 368 0
2115 -369 0
-2115 369 0
2118 -370 0
-2118 370 0
2121 -371 0
-2121 371 0
2154 -372 0
-2154 372 0
210 -373 0
-210 373 0
1854 -374 0
-1854 374 0
2115 -375 0
-2115 375 0
2118 -376 0
-2118 376 0
2121 -377 0
-2121 377 0
2156 -378 0
-2156 378 0
1854 -380 0
-1854 380 0
2115 -381 0
-2115 381 0
2118 -382 0
-2118 382 0
2121 -383 0
-2121 383 0
2158 -384 0
-2158 384 0
2159 -385 0
-2159 385 0
1854 -386 0
-1854 386 0
2115 -387 0
-2115 387 0
2118 -388 0
-2118 388 0
2121 -389 0
-2121 389 0
2161 -390 0
-2161 390 0
1854 -392 0
-1854 392 0
2115 -393 0
-2115 393 0
2118 -394 0
-2118 394 0
2121 -395 0
-2121 395 0
2163 -396 0
-2163 396 0
1854 -398 0
-1854 398 0
2115 -399 0
-2115 399 0
2118 -400 0
-2118 400 0
2121 -401 0
-2121 401 0
2165 -402 0
-2165 402 0
1854 -404 0
-1854 404 0
2115 -405 0
-2115 405 0
2118 -406 0
-2118 406 0
2121 -407 0
-2121 407 0
2167 -408 0
-2167 408 0
1854 -410 0
-1854 410 0
2115 -411 0
-2115 411 0
2118 -412 0
-2118 412 0
2121 -413 0
-2121 413 0
2169 -414 0
-2169 414 0
1854 -416 0
-1854 416 0
2115 -417 0
-2115 417 0
2118 -418 0
-2118 418 0
2121 -419 0
-2121 419 0
2171 -420 0
-2171 420 0
2172 -421 0
-2172 421 0
1854 -422 0
-1854 422 0
2115 -423 0
-2115 423 0
2118 -424 0
-2118 424 0
2121 -425 0
-2121 425 0
2174 -426 0
-2174 426 0
283 -427 0
-283 427 0
1854 -428 0
-1854 428 0
2115 -429 0
-2115 429 0
2118 -430 0
-2118 430 0
2121 -431 0
-2121 431 0
2176 -432 0
-2176 432 0
1854 -434 0
-1854 434 0
2115 -435 0
-2115 435 0
2118 -436 0
-2118 436 0
2121 -437 0
-2121 437 0
2178 -438 0
-2178 438 0
2179 -439 0
-2179 439 0
1854 -440 0
-1854 440 0
1854 -441 0
-1854 441 0
-8 -1 0
-8 -2 0
-8 -3 0
8 1 2 3 0
8 10 0
-9 10 0
-10 -8 9 0
-13 -7 0
-13 -12 0
13 7 12 0
-15 4 -14 0
-15 -4 14 0
15 4 14 0
15 -4 -14 0
-17 5 -16 0
-17 -5 16 0
17 5 16 0
17 -5 -16 0
-19 6 -18 0
-19 -6 18 0
19 6 18 0
19 -6 -18 0
-20 15 0
-20 17 0
-20 19 0
20 -15 -17 -19 0
-24 22 0
-24 -23 0
24 -22 23 0
-25 22 -23 0
-25 -22 23 0
25 22 23 0
25 -22 -23 0
-28 26 0
-28 -27 0
28 -26 27 0
-29 26 -27 0
-29 -26 27 0
29 26 27 0
29 -26 -27 0
-32 30 0
-32 -31 0
32 -30 31 0
-33 29 0
-33 32 0
33 -29 -32 0
-28 34 0
-33 34 0
-34 28 33 0
-35 25 0
-35 34 0
35 -25 -34 0
-24 36 0
-35 36 0
-36 24 35 0
-37 21 0
-37 36 0
37 -21 -36 0
20 38 0
-37 38 0
-38 -20 37 0
13 39 0
-38 39 0
-39 -13 38 0
11 40 0
-39 40 0
-40 -11 39 0
-42 4 -14 0
-42 -4 14 0
42 4 14 0
42 -4 -14 0
-43 5 -16 0
-43 -5 16 0
43 5 16 0
43 -5 -16 0
-44 6 -18 0
-44 -6 18 0
44 6 18 0
44 -6 -18 0
-45 42 0
-45 43 0
-45 44 0
45 -42 -43 -44 0
-49 47 0
-49 -48 0
49 -47 48 0
-50 47 -48 0
-50 -47 48 0
50 47 48 0
50 -47 -48 0
-53 51 0
-53 -52 0
53 -51 52 0
-54 51 -52 0
-54 -51 52 0
54 51 52 0
54 -51 -52 0
-57 55 0
-57 -56 0
57 -55 56 0
-58 54 0
-58 57 0
58 -54 -57 0
-53 59 0
-58 59 0
-59 53 58 0
-60 50 0
-60 59 0
60 -50 -59 0
-49 61 0
-60 61 0
-61 49 60 0
-62 46 0
-62 61 0
62 -46 -61 0
45 63 0
-62 63 0
-63 -45 62 0
-7 64 0
-63 64 0
-64 7 63 0
41 65 0
-64 65 0
-65 -41 64 0
-68 -7 0
-68 -67 0
68 7 67 0
-69 4 -14 0
-69 -4 14 0
69 4 14 0
69 -4 -14 0
-70 5 -16 0
-70 -5 16 0
70 5 16 0
70 -5 -16 0
-71 6 -18 0
-71 -6 18 0
71 6 18 0
71 -6 -18 0
-72 69 0
-72 70 0
-72 71 0
72 -69 -70 -71 0
-76 74 0
-76 -75 0
76 -74 75 0
-77 74 -75 0
-77 -74 75 0
77 74 75 0
77 -74 -75 0
-80 78 0
-80 -79 0
80 -78 79 0
-81 78 -79 0
-81 -78 79 0
81 78 79 0
81 -78 -79 0
-84 82 0
-84 -83 0
84 -82 83 0
-85 81 0
-85 84 0
85 -81 -84 0
-80 86 0
-85 86 0
-86 80 85 0
-87 77 0
-87 86 0
87 -77 -86 0
-76 88 0
-87 88 0
-88 76 87 0
-89 73 0
-89 88 0
89 -73 -88 0
72 90 0
-89 90 0
-90 -72 89 0
68 91 0
-90 91 0
-91 -68 90 0
66 92 0
-91 92 0
-92 -66 91 0
-94 4 -14 0
-94 -4 14 0
94 4 14 0
94 -4 -14 0
-95 5 -16 0
-95 -5 16 0
95 5 16 0
95 -5 -16 0
-96 6 -18 0
-96 -6 18 0
96 6 18 0
96 -6 -18 0
-97 94 0
-97 95 0
-97 96 0
97 -94 -95 -96 0
97 98 0
-46 98 0
-98 -97 46 0
-7 99 0
-98 99 0
-99 7 98 0
-100 4 -14 0
-100 -4 14 0
100 4 14 0
100 -4 -14 0
-101 5 -16 0
-101 -5 16 0
101 5 16 0
101 -5 -16 0
-102 6 -18 0
-102 -6 18 0
102 6 18 0
102 -6 -18 0
-103 100 0
-103 101 0
-103 102 0
103 -100 -101 -102 0
103 105 0
-104 105 0
-105 -103 104 0
-106 99 0
-106 105 0
106 -99 -105 0
93 107 0
-106 107 0
-107 -93 106 0
-109 -67 0
-109 108 0
-109 -12 0
109 67 -108 12 0
-110 4 -14 0
-110 -4 14 0
110 4 14 0
110 -4 -14 0
-111 5 -16 0
-111 -5 16 0
111 5 16 0
111 -5 -16 0
-112 6 -18 0
-112 -6 18 0
112 6 18 0
112 -6 -18 0
-113 110 0
-113 111 0
-113 112 0
113 -110 -111 -112 0
113 115 0
-114 115 0
-115 -113 114 0
109 116 0
-115 116 0
-116 -109 115 0
-117 -67 0
-117 -108 0
-117 -12 0
117 67 108 12 0
-118 4 -14 0
-118 -4 14 0
118 4 14 0
118 -4 -14 0
-119 5 -16 0
-119 -5 16 0
119 5 16 0
119 -5 -16 0
-120 6 -18 0
-120 -6 18 0
120 6 18 0
120 -6 -18 0
-121 118 0
-121 119 0
-121 120 0
121 -118 -119 -120 0
121 123 0
-122 123 0
-123 -121 122 0
117 124 0
-123 124 0
-124 -117 123 0
-125 67 0
-125 -12 0
125 -67 12 0
-126 4 -14 0
-126 -4 14 0
126 4 14 0
126 -4 -14 0
-127 5 -16 0
-127 -5 16 0
127 5 16 0
127 -5 -16 0
-128 6 -18 0
-128 -6 18 0
128 6 18 0
128 -6 -18 0
-129 126 0
-129 127 0
-129 128 0
129 -126 -127 -128 0
129 131 0
-130 131 0
-131 -129 130 0
125 132 0
-131 132 0
-132 -125 131 0
-133 4 -14 0
-133 -4 14 0
133 4 14 0
133 -4 -14 0
-134 5 -16 0
-134 -5 16 0
134 5 16 0
134 -5 -16 0
-135 6 -18 0
-135 -6 18 0
135 6 18 0
135 -6 -18 0
-136 133 0
-136 134 0
-136 135 0
136 -133 -134 -135 0
136 137 0
-104 137 0
-137 -136 104 0
12 138 0
-137 138 0
-138 -12 137 0
-139 4 -14 0
-139 -4 14 0
139 4 14 0
139 -4 -14 0
-140 5 -16 0
-140 -5 16 0
140 5 16 0
140 -5 -16 0
-141 6 -18 0
-141 -6 18 0
141 6 18 0
141 -6 -18 0
-142 139 0
-142 140 0
-142 141 0
142 -139 -140 -141 0
142 144 0
-143 144 0
-144 -142 143 0
-12 145 0
-144 145 0
-145 12 144 0
-146 116 0
-146 124 0
-146 132 0
-146 138 0
-146 145 0
146 -116 -124 -132 -138 -145 0
9 147 0
-146 147 0
-147 -9 146 0
-149 -67 0
-149 108 0
-149 -12 0
149 67 -108 12 0
-150 4 -14 0
-150 -4 14 0
150 4 14 0
150 -4 -14 0
-151 5 -16 0
-151 -5 16 0
151 5 16 0
151 -5 -16 0
-152 6 -18 0
-152 -6 18 0
152 6 18 0
152 -6 -18 0
-153 150 0
-153 151 0
-153 152 0
153 -150 -151 -152 0
153 154 0
-114 154 0
-154 -153 114 0
149 155 0
-154 155 0
-155 -149 154 0
-156 67 0
-156 -12 0
156 -67 12 0
-157 4 -14 0
-157 -4 14 0
157 4 14 0
157 -4 -14 0
-158 5 -16 0
-158 -5 16 0
158 5 16 0
158 -5 -16 0
-159 6 -18 0
-159 -6 18 0
159 6 18 0
159 -6 -18 0
-160 157 0
-160 158 0
-160 159 0
160 -157 -158 -159 0
160 161 0
-130 161 0
-161 -160 130 0
156 162 0
-161 162 0
-162 -156 161 0
-163 4 -14 0
-163 -4 14 0
163 4 14 0
163 -4 -14 0
-164 5 -16 0
-164 -5 16 0
164 5 16 0
164 -5 -16 0
-165 6 -18 0
-165 -6 18 0
165 6 18 0
165 -6 -18 0
-166 163 0
-166 164 0
-166 165 0
166 -163 -164 -165 0
166 167 0
-104 167 0
-167 -166 104 0
12 168 0
-167 168 0
-168 -12 167 0
-169 4 -14 0
-169 -4 14 0
169 4 14 0
169 -4 -14 0
-170 5 -16 0
-170 -5 16 0
170 5 16 0
170 -5 -16 0
-171 6 -18 0
-171 -6 18 0
171 6 18 0
171 -6 -18 0
-172 169 0
-172 170 0
-172 171 0
172 -169 -170 -171 0
172 173 0
-143 173 0
-173 -172 143 0
-12 174 0
-173 174 0
-174 12 173 0
-175 155 0
-175 162 0
-175 168 0
-175 174 0
175 -155 -162 -168 -174 0
148 176 0
-175 176 0
-176 -148 175 0
-178 -7 0
-178 -67 0
178 7 67 0
-179 4 -14 0
-179 -4 14 0
179 4 14 0
179 -4 -14 0
-180 5 -16 0
-180 -5 16 0
180 5 16 0
180 -5 -16 0
-181 6 -18 0
-181 -6 18 0
181 6 18 0
181 -6 -18 0
-182 179 0
-182 180 0
-182 181 0
182 -179 -180 -181 0
182 183 0
-73 183 0
-183 -182 73 0
178 184 0
-183 184 0
-184 -178 183 0
-185 4 -14 0
-185 -4 14 0
185 4 14 0
185 -4 -14 0
-186 5 -16 0
-186 -5 16 0
186 5 16 0
186 -5 -16 0
-187 6 -18 0
-187 -6 18 0
187 6 18 0
187 -6 -18 0
-188 185 0
-188 186 0
-188 187 0
188 -185 -186 -187 0
188 189 0
-114 189 0
-189 -188 114 0
-67 190 0
-189 190 0
-190 67 189 0
-191 184 0
-191 190 0
191 -184 -190 0
177 192 0
-191 192 0
-192 -177 191 0
-194 -7 0
-194 -67 0
-194 -108 0
-194 -12 0
194 7 67 108 12 0
-195 4 -14 0
-195 -4 14 0
195 4 14 0
195 -4 -14 0
-196 5 -16 0
-196 -5 16 0
196 5 16 0
196 -5 -16 0
-197 6 -18 0
-197 -6 18 0
197 6 18 0
197 -6 -18 0
-198 195 0
-198 196 0
-198 197 0
198 -195 -196 -197 0
-202 200 0
-202 -201 0
202 -200 201 0
-203 200 -201 0
-203 -200 201 0
203 200 201 0
203 -200 -201 0
-206 204 0
-206 -205 0
206 -204 205 0
-207 204 -205 0
-207 -204 205 0
207 204 205 0
207 -204 -205 0
-210 208 -209 0
-210 -208 209 0
210 208 209 0
210 -208 -209 0
-211 207 0
-211 210 0
211 -207 -210 0
-206 212 0
-211 212 0
-212 206 211 0
-213 203 0
-213 212 0
213 -203 -212 0
-202 214 0
-213 214 0
-214 202 213 0
-215 199 0
-215 214 0
215 -199 -214 0
198 216 0
-215 216 0
-216 -198 215 0
194 217 0
-216 217 0
-217 -194 216 0
-218 7 0
-218 -67 0
-218 -108 0
-218 -12 0
218 -7 67 108 12 0
-219 4 -14 0
-219 -4 14 0
219 4 14 0
219 -4 -14 0
-220 5 -16 0
-220 -5 16 0
220 5 16 0
220 -5 -16 0
-221 6 -18 0
-221 -6 18 0
221 6 18 0
221 -6 -18 0
-222 219 0
-222 220 0
-222 221 0
222 -219 -220 -221 0
-224 223 0
-224 -201 0
224 -223 201 0
-225 223 -201 0
-225 -223 201 0
225 223 201 0
225 -223 -201 0
-227 226 0
-227 -205 0
227 -226 205 0
-228 226 -205 0
-228 -226 205 0
228 226 205 0
228 -226 -205 0
-230 229 0
-230 -209 0
230 -229 209 0
-231 228 0
-231 230 0
231 -228 -230 0
-227 232 0
-231 232 0
-232 227 231 0
-233 225 0
-233 232 0
233 -225 -232 0
-224 234 0
-233 234 0
-234 224 233 0
-235 122 0
-235 234 0
235 -122 -234 0
222 236 0
-235 236 0
-236 -222 235 0
218 237 0
-236 237 0
-237 -218 236 0
-238 217 0
-238 237 0
238 -217 -237 0
193 239 0
-238 239 0
-239 -193 238 0
-241 4 -14 0
-241 -4 14 0
241 4 14 0
241 -4 -14 0
-242 5 -16 0
-242 -5 16 0
242 5 16 0
242 -5 -16 0
-243 6 -18 0
-243 -6 18 0
243 6 18 0
243 -6 -18 0
-244 241 0
-244 242 0
-244 243 0
244 -241 -242 -243 0
244 245 0
-130 245 0
-245 -244 130 0
-12 246 0
-245 246 0
-246 12 245 0
-247 -7 0
-247 -12 0
247 7 12 0
-248 4 -14 0
-248 -4 14 0
248 4 14 0
248 -4 -14 0
-249 5 -16 0
-249 -5 16 0
249 5 16 0
249 -5 -16 0
-250 6 -18 0
-250 -6 18 0
250 6 18 0
250 -6 -18 0
-251 248 0
-251 249 0
-251 250 0
251 -248 -249 -250 0
251 252 0
-21 252 0
-252 -251 21 0
247 253 0
-252 253 0
-253 -247 252 0
-254 246 0
-254 253 0
254 -246 -253 0
240 255 0
-254 255 0
-255 -240 254 0
-257 -7 0
-257 -67 0
-257 -108 0
-257 -12 0
257 7 67 108 12 0
-258 4 -14 0
-258 -4 14 0
258 4 14 0
258 -4 -14 0
-259 5 -16 0
-259 -5 16 0
259 5 16 0
259 -5 -16 0
-260 6 -18 0
-260 -6 18 0
260 6 18 0
260 -6 -18 0
-261 258 0
-261 259 0
-261 260 0
261 -258 -259 -260 0
-263 200 0
-263 -262 0
263 -200 262 0
-264 200 -262 0
-264 -200 262 0
264 200 262 0
264 -200 -262 0
-266 204 0
-266 -265 0
266 -204 265 0
-267 204 -265 0
-267 -204 265 0
267 204 265 0
267 -204 -265 0
-269 208 -268 0
-269 -208 268 0
269 208 268 0
269 -208 -268 0
-270 267 0
-270 269 0
270 -267 -269 0
-266 271 0
-270 271 0
-271 266 270 0
-272 264 0
-272 271 0
272 -264 -271 0
-263 273 0
-272 273 0
-273 263 272 0
-274 199 0
-274 273 0
274 -199 -273 0
261 275 0
-274 275 0
-275 -261 274 0
257 276 0
-275 276 0
-276 -257 275 0
-277 7 0
-277 -67 0
-277 -108 0
-277 -12 0
277 -7 67 108 12 0
-278 4 -14 0
-278 -4 14 0
278 4 14 0
278 -4 -14 0
-279 5 -16 0
-279 -5 16 0
279 5 16 0
279 -5 -16 0
-280 6 -18 0
-280 -6 18 0
280 6 18 0
280 -6 -18 0
-281 278 0
-281 279 0
-281 280 0
281 -278 -279 -280 0
-282 223 0
-282 -262 0
282 -223 262 0
-283 223 -262 0
-283 -223 262 0
283 223 262 0
283 -223 -262 0
-284 226 0
-284 -265 0
284 -226 265 0
-285 226 -265 0
-285 -226 265 0
285 226 265 0
285 -226 -265 0
-286 229 0
-286 -268 0
286 -229 268 0
-287 285 0
-287 286 0
287 -285 -286 0
-284 288 0
-287 288 0
-288 284 287 0
-289 283 0
-289 288 0
289 -283 -288 0
-282 290 0
-289 290 0
-290 282 289 0
-291 122 0
-291 290 0
291 -122 -290 0
281 292 0
-291 292 0
-292 -281 291 0
277 293 0
-292 293 0
-293 -277 292 0
-294 276 0
-294 293 0
294 -276 -293 0
256 295 0
-294 295 0
-295 -256 294 0
-296 10 0
-296 40 0
-296 65 0
-296 92 0
-296 107 0
-296 147 0
-296 176 0
-296 192 0
-296 239 0
-296 255 0
-296 295 0
296 -10 -40 -65 -92 -107 -147 -176 -192 -239 -255 -295 0
-297 1 -4 0
-297 -1 4 0
297 1 4 0
297 -1 -4 0
-298 2 -5 0
-298 -2 5 0
298 2 5 0
298 -2 -5 0
-299 3 -6 0
-299 -3 6 0
299 3 6 0
299 -3 -6 0
-300 297 0
-300 298 0
-300 299 0
300 -297 -298 -299 0
-301 31 -30 0
-301 -31 30 0
301 31 30 0
301 -31 -30 0
300 302 0
-301 302 0
-302 -300 301 0
-303 4 -1 0
-303 -4 1 0
303 4 1 0
303 -4 -1 0
-304 5 -2 0
-304 -5 2 0
304 5 2 0
304 -5 -2 0
-305 6 -3 0
-305 -6 3 0
305 6 3 0
305 -6 -3 0
-306 303 0
-306 304 0
-306 305 0
306 -303 -304 -305 0
-307 114 -177 0
-307 -114 177 0
307 114 177 0
307 -114 -177 0
306 308 0
-307 308 0
-308 -306 307 0
-309 4 -1 0
-309 -4 1 0
309 4 1 0
309 -4 -1 0
-310 5 -2 0
-310 -5 2 0
310 5 2 0
310 -5 -2 0
-311 6 -3 0
-311 -6 3 0
311 6 3 0
311 -6 -3 0
-312 309 0
-312 310 0
-312 311 0
312 -309 -310 -311 0
-313 46 -41 0
-313 -46 41 0
313 46 41 0
313 -46 -41 0
312 314 0
-313 314 0
-314 -312 313 0
-315 1 -4 0
-315 -1 4 0
315 1 4 0
315 -1 -4 0
-316 2 -5 0
-316 -2 5 0
316 2 5 0
316 -2 -5 0
-317 3 -6 0
-317 -3 6 0
317 3 6 0
317 -3 -6 0
-318 315 0
-318 316 0
-318 317 0
318 -315 -316 -317 0
-319 201 -200 0
-319 -201 200 0
319 201 200 0
319 -201 -200 0
318 320 0
-319 320 0
-320 -318 319 0
-321 4 -1 0
-321 -4 1 0
321 4 1 0
321 -4 -1 0
-322 5 -2 0
-322 -5 2 0
322 5 2 0
322 -5 -2 0
-323 6 -3 0
-323 -6 3 0
323 6 3 0
323 -6 -3 0
-324 321 0
-324 322 0
-324 323 0
324 -321 -322 -323 0
-325 226 -265 0
-325 -226 265 0
325 226 265 0
325 -226 -265 0
324 326 0
-325 326 0
-326 -324 325 0
-327 4 -1 0
-327 -4 1 0
327 4 1 0
327 -4 -1 0
-328 5 -2 0
-328 -5 2 0
328 5 2 0
328 -5 -2 0
-329 6 -3 0
-329 -6 3 0
329 6 3 0
329 -6 -3 0
-330 327 0
-330 328 0
-330 329 0
330 -327 -328 -329 0
-331 51 -52 0
-331 -51 52 0
331 51 52 0
331 -51 -52 0
330 332 0
-331 332 0
-332 -330 331 0
-333 4 -1 0
-333 -4 1 0
333 4 1 0
333 -4 -1 0
-334 5 -2 0
-334 -5 2 0
334 5 2 0
334 -5 -2 0
-335 6 -3 0
-335 -6 3 0
335 6 3 0
335 -6 -3 0
-336 333 0
-336 334 0
-336 335 0
336 -333 -334 -335 0
-337 21 -11 0
-337 -21 11 0
337 21 11 0
337 -21 -11 0
336 338 0
-337 338 0
-338 -336 337 0
-339 1 -4 0
-339 -1 4 0
339 1 4 0
339 -1 -4 0
-340 2 -5 0
-340 -2 5 0
340 2 5 0
340 -2 -5 0
-341 3 -6 0
-341 -3 6 0
341 3 6 0
341 -3 -6 0
-342 339 0
-342 340 0
-342 341 0
342 -339 -340 -341 0
-343 66 -73 0
-343 -66 73 0
343 66 73 0
343 -66 -73 0
342 344 0
-343 344 0
-344 -342 343 0
-345 4 -1 0
-345 -4 1 0
345 4 1 0
345 -4 -1 0
-346 5 -2 0
-346 -5 2 0
346 5 2 0
346 -5 -2 0
-347 6 -3 0
-347 -6 3 0
347 6 3 0
347 -6 -3 0
-348 345 0
-348 346 0
-348 347 0
348 -345 -346 -347 0
-349 204 -205 0
-349 -204 205 0
349 204 205 0
349 -204 -205 0
348 350 0
-349 350 0
-350 -348 349 0
-351 4 -1 0
-351 -4 1 0
351 4 1 0
351 -4 -1 0
-352 5 -2 0
-352 -5 2 0
352 5 2 0
352 -5 -2 0
-353 6 -3 0
-353 -6 3 0
353 6 3 0
353 -6 -3 0
-354 351 0
-354 352 0
-354 353 0
354 -351 -352 -353 0
-355 78 -79 0
-355 -78 79 0
355 78 79 0
355 -78 -79 0
354 356 0
-355 356 0
-356 -354 355 0
-357 1 -4 0
-357 -1 4 0
357 1 4 0
357 -1 -4 0
-358 2 -5 0
-358 -2 5 0
358 2 5 0
358 -2 -5 0
-359 3 -6 0
-359 -3 6 0
359 3 6 0
359 -3 -6 0
-360 357 0
-360 358 0
-360 359 0
360 -357 -358 -359 0
-361 83 -82 0
-361 -83 82 0
361 83 82 0
361 -83 -82 0
360 362 0
-361 362 0
-362 -360 361 0
-363 4 -1 0
-363 -4 1 0
363 4 1 0
363 -4 -1 0
-364 5 -2 0
-364 -5 2 0
364 5 2 0
364 -5 -2 0
-365 6 -3 0
-365 -6 3 0
365 6 3 0
365 -6 -3 0
-366 363 0
-366 364 0
-366 365 0
366 -363 -364 -365 0
-367 26 -27 0
-367 -26 27 0
367 26 27 0
367 -26 -27 0
366 368 0
-367 368 0
-368 -366 367 0
-369 1 -4 0
-369 -1 4 0
369 1 4 0
369 -1 -4 0
-370 2 -5 0
-370 -2 5 0
370 2 5 0
370 -2 -5 0
-371 3 -6 0
-371 -3 6 0
371 3 6 0
371 -3 -6 0
-372 369 0
-372 370 0
-372 371 0
372 -369 -370 -371 0
-373 209 -208 0
-373 -209 208 0
373 209 208 0
373 -209 -208 0
372 374 0
-373 374 0
-374 -372 373 0
-375 1 -4 0
-375 -1 4 0
375 1 4 0
375 -1 -4 0
-376 2 -5 0
-376 -2 5 0
376 2 5 0
376 -2 -5 0
-377 3 -6 0
-377 -3 6 0
377 3 6 0
377 -3 -6 0
-378 375 0
-378 376 0
-378 377 0
378 -375 -376 -377 0
-379 256 -122 0
-379 -256 122 0
379 256 122 0
379 -256 -122 0
378 380 0
-379 380 0
-380 -378 379 0
-381 1 -4 0
-381 -1 4 0
381 1 4 0
381 -1 -4 0
-382 2 -5 0
-382 -2 5 0
382 2 5 0
382 -2 -5 0
-383 3 -6 0
-383 -3 6 0
383 3 6 0
383 -3 -6 0
-384 381 0
-384 382 0
-384 383 0
384 -381 -382 -383 0
-385 23 -22 0
-385 -23 22 0
385 23 22 0
385 -23 -22 0
384 386 0
-385 386 0
-386 -384 385 0
-387 4 -1 0
-387 -4 1 0
387 4 1 0
387 -4 -1 0
-388 5 -2 0
-388 -5 2 0
388 5 2 0
388 -5 -2 0
-389 6 -3 0
-389 -6 3 0
389 6 3 0
389 -6 -3 0
-390 387 0
-390 388 0
-390 389 0
390 -387 -388 -389 0
-391 130 -240 0
-391 -130 240 0
391 130 240 0
391 -130 -240 0
390 392 0
-391 392 0
-392 -390 391 0
-393 4 -1 0
-393 -4 1 0
393 4 1 0
393 -4 -1 0
-394 5 -2 0
-394 -5 2 0
394 5 2 0
394 -5 -2 0
-395 6 -3 0
-395 -6 3 0
395 6 3 0
395 -6 -3 0
-396 393 0
-396 394 0
-396 395 0
396 -393 -394 -395 0
-397 143 -148 0
-397 -143 148 0
397 143 148 0
397 -143 -148 0
396 398 0
-397 398 0
-398 -396 397 0
-399 1 -4 0
-399 -1 4 0
399 1 4 0
399 -1 -4 0
-400 2 -5 0
-400 -2 5 0
400 2 5 0
400 -2 -5 0
-401 3 -6 0
-401 -3 6 0
401 3 6 0
401 -3 -6 0
-402 399 0
-402 400 0
-402 401 0
402 -399 -400 -401 0
-403 193 -199 0
-403 -193 199 0
403 193 199 0
403 -193 -199 0
402 404 0
-403 404 0
-404 -402 403 0
-405 4 -1 0
-405 -4 1 0
405 4 1 0
405 -4 -1 0
-406 5 -2 0
-406 -5 2 0
406 5 2 0
406 -5 -2 0
-407 6 -3 0
-407 -6 3 0
407 6 3 0
407 -6 -3 0
-408 405 0
-408 406 0
-408 407 0
408 -405 -406 -407 0
-409 55 -56 0
-409 -55 56 0
409 55 56 0
409 -55 -56 0
408 410 0
-409 410 0
-410 -408 409 0
-411 4 -1 0
-411 -4 1 0
411 4 1 0
411 -4 -1 0
-412 5 -2 0
-412 -5 2 0
412 5 2 0
412 -5 -2 0
-413 6 -3 0
-413 -6 3 0
413 6 3 0
413 -6 -3 0
-414 411 0
-414 412 0
-414 413 0
414 -411 -412 -413 0
-415 229 -268 0
-415 -229 268 0
415 229 268 0
415 -229 -268 0
414 416 0
-415 416 0
-416 -414 415 0
-417 1 -4 0
-417 -1 4 0
417 1 4 0
417 -1 -4 0
-418 2 -5 0
-418 -2 5 0
418 2 5 0
418 -2 -5 0
-419 3 -6 0
-419 -3 6 0
419 3 6 0
419 -3 -6 0
-420 417 0
-420 418 0
-420 419 0
420 -417 -418 -419 0
-421 75 -74 0
-421 -75 74 0
421 75 74 0
421 -75 -74 0
420 422 0
-421 422 0
-422 -420 421 0
-423 1 -4 0
-423 -1 4 0
423 1 4 0
423 -1 -4 0
-424 2 -5 0
-424 -2 5 0
424 2 5 0
424 -2 -5 0
-425 3 -6 0
-425 -3 6 0
425 3 6 0
425 -3 -6 0
-426 423 0
-426 424 0
-426 425 0
426 -423 -424 -425 0
-427 262 -223 0
-427 -262 223 0
427 262 223 0
427 -262 -223 0
426 428 0
-427 428 0
-428 -426 427 0
-429 1 -4 0
-429 -1 4 0
429 1 4 0
429 -1 -4 0
-430 2 -5 0
-430 -2 5 0
430 2 5 0
430 -2 -5 0
-431 3 -6 0
-431 -3 6 0
431 3 6 0
431 -3 -6 0
-432 429 0
-432 430 0
-432 431 0
432 -429 -430 -431 0
-433 93 -104 0
-433 -93 104 0
433 93 104 0
433 -93 -104 0
432 434 0
-433 434 0
-434 -432 433 0
-435 1 -4 0
-435 -1 4 0
435 1 4 0
435 -1 -4 0
-436 2 -5 0
-436 -2 5 0
436 2 5 0
436 -2 -5 0
-437 3 -6 0
-437 -3 6 0
437 3 6 0
437 -3 -6 0
-438 435 0
-438 436 0
-438 437 0
438 -435 -436 -437 0
-439 48 -47 0
-439 -48 47 0
439 48 47 0
439 -48 -47 0
438 440 0
-439 440 0
-440 -438 439 0
-441 302 0
-441 308 0
-441 314 0
-441 320 0
-441 326 0
-441 332 0
-441 338 0
-441 344 0
-441 350 0
-441 356 0
-441 362 0
-441 368 0
-441 374 0
-441 380 0
-441 386 0
-441 392 0
-441 398 0
-441 404 0
-441 410 0
-441 416 0
-441 422 0
-441 428 0
-441 434 0
-441 440 0
441 -302 -308 -314 -320 -326 -332 -338 -344 -350 -356 -362 -368 -374 -380 -386 -392 -398 -404 -410 -416 -422 -428 -434 -440 0
296 0
441 0
1854 0
-1 -1855 0
-2 -1855 0
1 2 1855 0
-3 -1856 0
1855 -1856 0
3 -1855 1856 0
15 -1857 0
17 -1857 0
-15 -17 1857 0
19 -1858 0
1857 -1858 0
-19 -1857 1858 0
29 -1859 0
32 -1859 0
-29 -32 1859 0
-28 -1860 0
-33 -1860 0
28 33 1860 0
25 -1861 0
34 -1861 0
-25 -34 1861 0
-24 -1862 0
-35 -1862 0
24 35 1862 0
20 -1863 0
-37 -1863 0
-20 37 1863 0
13 -1864 0
-38 -1864 0
-13 38 1864 0
42 -1865 0
43 -1865 0
-42 -43 1865 0
44 -1866 0
1865 -1866 0
-44 -1865 1866 0
54 -1867 0
57 -1867 0
-54 -57 1867 0
-53 -1868 0
-58 -1868 0
53 58 1868 0
50 -1869 0
59 -1869 0
-50 -59 1869 0
-49 -1870 0
-60 -1870 0
49 60 1870 0
45 -1871 0
-62 -1871 0
-45 62 1871 0
-7 -1872 0
-63 -1872 0
7 63 1872 0
69 -1873 0
70 -1873 0
-69 -70 1873 0
71 -1874 0
1873 -1874 0
-71 -1873 1874 0
81 -1875 0
84 -1875 0
-81 -84 1875 0
-80 -1876 0
-85 -1876 0
80 85 1876 0
77 -1877 0
86 -1877 0
-77 -86 1877 0
-76 -1878 0
-87 -1878 0
76 87 1878 0
72 -1879 0
-89 -1879 0
-72 89 1879 0
68 -1880 0
-90 -1880 0
-68 90 1880 0
94 -1881 0
95 -1881 0
-94 -95 1881 0
96 -1882 0
1881 -1882 0
-96 -1881 1882 0
-7 -1883 0
-98 -1883 0
7 98 1883 0
100 -1884 0
101 -1884 0
-100 -101 1884 0
102 -1885 0
1884 -1885 0
-102 -1884 1885 0
99 -1886 0
105 -1886 0
-99 -105 1886 0
-4 -1887 0
-94 -1887 0
4 94 1887 0
4 -1888 0
-15 -1888 0
-4 15 1888 0
-1887 -1889 0
-1888 -1889 0
1887 1888 1889 0
5 -1890 0
-95 -1890 0
-5 95 1890 0
-5 -1891 0
-17 -1891 0
5 17 1891 0
-1890 -1892 0
-1891 -1892 0
1890 1891 1892 0
-6 -1893 0
-96 -1893 0
6 96 1893 0
6 -1894 0
-19 -1894 0
-6 19 1894 0
-1893 -1895 0
-1894 -1895 0
1893 1894 1895 0
110 -1896 0
111 -1896 0
-110 -111 1896 0
112 -1897 0
1896 -1897 0
-112 -1896 1897 0
109 -1898 0
-115 -1898 0
-109 115 1898 0
4 -1899 0
-100 -1899 0
-4 100 1899 0
-1887 -1900 0
-1899 -1900 0
1887 1899 1900 0
-5 -1901 0
-101 -1901 0
5 101 1901 0
-1890 -1902 0
-1901 -1902 0
1890 1901 1902 0
6 -1903 0
-102 -1903 0
-6 102 1903 0
-6 -1904 0
-19 -1904 0
6 19 1904 0
-1903 -1905 0
-1904 -1905 0
1903 1904 1905 0
118 -1906 0
119 -1906 0
-118 -119 1906 0
120 -1907 0
1906 -1907 0
-120 -1906 1907 0
117 -1908 0
-123 -1908 0
-117 123 1908 0
-4 -1909 0
-110 -1909 0
4 110 1909 0
-1899 -1910 0
-1909 -1910 0
1899 1909 1910 0
5 -1911 0
-111 -1911 0
-5 111 1911 0
-1901 -1912 0
-1911 -1912 0
1901 1911 1912 0
-6 -1913 0
-112 -1913 0
6 112 1913 0
-1894 -1914 0
-1913 -1914 0
1894 1913 1914 0
126 -1915 0
127 -1915 0
-126 -127 1915 0
128 -1916 0
1915 -1916 0
-128 -1915 1916 0
125 -1917 0
-131 -1917 0
-125 131 1917 0
4 -1918 0
-118 -1918 0
-4 118 1918 0
-1909 -1919 0
-1918 -1919 0
1909 1918 1919 0
-5 -1920 0
-119 -1920 0
5 119 1920 0
-1911 -1921 0
-1920 -1921 0
1911 1920 1921 0
6 -1922 0
-120 -1922 0
-6 120 1922 0
-1904 -1923 0
-1922 -1923 0
1904 1922 1923 0
133 -1924 0
134 -1924 0
-133 -134 1924 0
135 -1925 0
1924 -1925 0
-135 -1924 1925 0
-105 -1926 0
1924 -1926 0
105 -1924 1926 0
-103 -1927 0
1925 -1927 0
103 -1925 1927 0
-1926 -1928 0
-1927 -1928 0
1926 1927 1928 0
136 -1929 0
-1928 -1929 0
-136 1928 1929 0
-109 -1930 0
-117 -1930 0
109 117 1930 0
-125 -1931 0
1930 -1931 0
125 -1930 1931 0
-137 -1932 0
1931 -1932 0
137 -1931 1932 0
-4 -1933 0
-15 -1933 0
4 15 1933 0
-1918 -1934 0
-1933 -1934 0
1918 1933 1934 0
-5 -1935 0
-134 -1935 0
5 134 1935 0
5 -1936 0
-17 -1936 0
-5 17 1936 0
-1935 -1937 0
-1936 -1937 0
1935 1936 1937 0
6 -1938 0
-135 -1938 0
-6 135 1938 0
-1904 -1939 0
-1938 -1939 0
1904 1938 1939 0
139 -1940 0
140 -1940 0
-139 -140 1940 0
141 -1941 0
1940 -1941 0
-141 -1940 1941 0
-144 -1942 0
-1931 -1942 0
144 1931 1942 0
116 -1943 0
124 -1943 0
-116 -124 1943 0
132 -1944 0
138 -1944 0
-132 -138 1944 0
145 -1945 0
1944 -1945 0
-145 -1944 1945 0
1943 -1946 0
1945 -1946 0
-1943 -1945 1946 0
-4 -1947 0
-100 -1947 0
4 100 1947 0
-1888 -1948 0
-1947 -1948 0
1888 1947 1948 0
5 -1949 0
-101 -1949 0
-5 101 1949 0
-1891 -1950 0
-1949 -1950 0
1891 1949 1950 0
-6 -1951 0
-128 -1951 0
6 128 1951 0
-1894 -1952 0
-1951 -1952 0
1894 1951 1952 0
150 -1953 0
151 -1953 0
-150 -151 1953 0
152 -1954 0
1953 -1954 0
-152 -1953 1954 0
-115 -1955 0
1953 -1955 0
115 -1953 1955 0
-113 -1956 0
1954 -1956 0
113 -1954 1956 0
-1955 -1957 0
-1956 -1957 0
1955 1956 1957 0
153 -1958 0
-1957 -1958 0
-153 1957 1958 0
149 -1959 0
-154 -1959 0
-149 154 1959 0
-6 -1960 0
-152 -1960 0
6 152 1960 0
-1894 -1961 0
-1960 -1961 0
1894 1960 1961 0
157 -1962 0
158 -1962 0
-157 -158 1962 0
159 -1963 0
1962 -1963 0
-159 -1962 1963 0
-131 -1964 0
1962 -1964 0
131 -1962 1964 0
-129 -1965 0
1963 -1965 0
129 -1963 1965 0
-1964 -1966 0
-1965 -1966 0
1964 1965 1966 0
160 -1967 0
-1966 -1967 0
-160 1966 1967 0
156 -1968 0
-161 -1968 0
-156 161 1968 0
-6 -1969 0
-159 -1969 0
6 159 1969 0
-1894 -1970 0
-1969 -1970 0
1894 1969 1970 0
163 -1971 0
164 -1971 0
-163 -164 1971 0
165 -1972 0
1971 -1972 0
-165 -1971 1972 0
-105 -1973 0
1971 -1973 0
105 -1971 1973 0
-103 -1974 0
1972 -1974 0
103 -1972 1974 0
-1973 -1975 0
-1974 -1975 0
1973 1974 1975 0
166 -1976 0
-1975 -1976 0
-166 1975 1976 0
-156 -1977 0
-167 -1977 0
156 167 1977 0
1930 -1978 0
1977 -1978 0
-1930 -1977 1978 0
-6 -1979 0
-165 -1979 0
6 165 1979 0
-1894 -1980 0
-1979 -1980 0
1894 1979 1980 0
169 -1981 0
170 -1981 0
-169 -170 1981 0
171 -1982 0
1981 -1982 0
-171 -1981 1982 0
-144 -1983 0
1981 -1983 0
144 -1981 1983 0
-142 -1984 0
1982 -1984 0
142 -1982 1984 0
-1983 -1985 0
-1984 -1985 0
1983 1984 1985 0
172 -1986 0
-1985 -1986 0
-172 1985 1986 0
-173 -1987 0
-1931 -1987 0
173 1931 1987 0
155 -1988 0
162 -1988 0
-155 -162 1988 0
168 -1989 0
174 -1989 0
-168 -174 1989 0
1988 -1990 0
1989 -1990 0
-1988 -1989 1990 0
-7 -1991 0
68 -1991 0
7 -68 1991 0
-6 -1992 0
-171 -1992 0
6 171 1992 0
-1894 -1993 0
-1992 -1993 0
1894 1992 1993 0
179 -1994 0
180 -1994 0
-179 -180 1994 0
181 -1995 0
1994 -1995 0
-181 -1994 1995 0
178 -1996 0
-183 -1996 0
-178 183 1996 0
4 -1997 0
-139 -1997 0
-4 139 1997 0
-1933 -1998 0
-1997 -1998 0
1933 1997 1998 0
-5 -1999 0
-140 -1999 0
5 140 1999 0
-1936 -2000 0
-1999 -2000 0
1936 1999 2000 0
6 -2001 0
-141 -2001 0
-6 141 2001 0
-1904 -2002 0
-2001 -2002 0
1904 2001 2002 0
185 -2003 0
186 -2003 0
-185 -186 2003 0
187 -2004 0
2003 -2004 0
-187 -2003 2004 0
-115 -2005 0
2003 -2005 0
115 -2003 2005 0
-113 -2006 0
2004 -2006 0
113 -2004 2006 0
-2005 -2007 0
-2006 -2007 0
2005 2006 2007 0
188 -2008 0
-2007 -2008 0
-188 2007 2008 0
184 -2009 0
190 -2009 0
-184 -190 2009 0
13 -2010 0
117 -2010 0
-13 -117 2010 0
1991 -2011 0
2010 -2011 0
-1991 -2010 2011 0
6 -2012 0
-187 -2012 0
-6 187 2012 0
-1904 -2013 0
-2012 -2013 0
1904 2012 2013 0
195 -2014 0
196 -2014 0
-195 -196 2014 0
197 -2015 0
2014 -2015 0
-197 -2014 2015 0
207 -2016 0
210 -2016 0
-207 -210 2016 0
-206 -2017 0
-211 -2017 0
206 211 2017 0
203 -2018 0
212 -2018 0
-203 -212 2018 0
-202 -2019 0
-213 -2019 0
202 213 2019 0
198 -2020 0
-215 -2020 0
-198 215 2020 0
194 -2021 0
-216 -2021 0
-194 216 2021 0
7 -2022 0
117 -2022 0
-7 -117 2022 0
-1888 -2023 0
-1909 -2023 0
1888 1909 2023 0
-1891 -2024 0
-1911 -2024 0
1891 1911 2024 0
-6 -2025 0
-187 -2025 0
6 187 2025 0
-1894 -2026 0
-2025 -2026 0
1894 2025 2026 0
219 -2027 0
220 -2027 0
-219 -220 2027 0
221 -2028 0
2027 -2028 0
-221 -2027 2028 0
228 -2029 0
230 -2029 0
-228 -230 2029 0
-227 -2030 0
-231 -2030 0
227 231 2030 0
225 -2031 0
232 -2031 0
-225 -232 2031 0
-224 -2032 0
-233 -2032 0
224 233 2032 0
222 -2033 0
-235 -2033 0
-222 235 2033 0
218 -2034 0
-236 -2034 0
-218 236 2034 0
217 -2035 0
237 -2035 0
-217 -237 2035 0
-1909 -2036 0
-1997 -2036 0
1909 1997 2036 0
241 -2037 0
242 -2037 0
-241 -242 2037 0
243 -2038 0
2037 -2038 0
-243 -2037 2038 0
-131 -2039 0
2037 -2039 0
131 -2037 2039 0
-129 -2040 0
2038 -2040 0
129 -2038 2040 0
-2039 -2041 0
-2040 -2041 0
2039 2040 2041 0
244 -2042 0
-2041 -2042 0
-244 2041 2042 0
-13 -2043 0
-109 -2043 0
13 109 2043 0
-125 -2044 0
-218 -2044 0
125 218 2044 0
2043 -2045 0
2044 -2045 0
-2043 -2044 2045 0
-245 -2046 0
-2045 -2046 0
245 2045 2046 0
-7 -2047 0
13 -2047 0
7 -13 2047 0
-4 -2048 0
-118 -2048 0
4 118 2048 0
-1997 -2049 0
-2048 -2049 0
1997 2048 2049 0
6 -2050 0
-243 -2050 0
-6 243 2050 0
-1904 -2051 0
-2050 -2051 0
1904 2050 2051 0
248 -2052 0
249 -2052 0
-248 -249 2052 0
250 -2053 0
2052 -2053 0
-250 -2052 2053 0
247 -2054 0
-252 -2054 0
-247 252 2054 0
246 -2055 0
253 -2055 0
-246 -253 2055 0
-7 -2056 0
-125 -2056 0
7 125 2056 0
194 -2057 0
247 -2057 0
-194 -247 2057 0
2056 -2058 0
2057 -2058 0
-2056 -2057 2058 0
-4 -2059 0
-185 -2059 0
4 185 2059 0
-1888 -2060 0
-2059 -2060 0
1888 2059 2060 0
5 -2061 0
-127 -2061 0
-5 127 2061 0
-1891 -2062 0
-2061 -2062 0
1891 2061 2062 0
258 -2063 0
259 -2063 0
-258 -259 2063 0
260 -2064 0
2063 -2064 0
-260 -2063 2064 0
267 -2065 0
269 -2065 0
-267 -269 2065 0
-266 -2066 0
-270 -2066 0
266 270 2066 0
264 -2067 0
271 -2067 0
-264 -271 2067 0
-263 -2068 0
-272 -2068 0
263 272 2068 0
261 -2069 0
-274 -2069 0
-261 274 2069 0
257 -2070 0
-275 -2070 0
-257 275 2070 0
7 -2071 0
218 -2071 0
-7 -218 2071 0
6 -2072 0
-250 -2072 0
-6 250 2072 0
-1904 -2073 0
-2072 -2073 0
1904 2072 2073 0
278 -2074 0
279 -2074 0
-278 -279 2074 0
280 -2075 0
2074 -2075 0
-280 -2074 2075 0
-202 -2076 0
225 -2076 0
202 -225 2076 0
-224 -2077 0
-2076 -2077 0
224 2076 2077 0
-202 -2078 0
264 -2078 0
202 -264 2078 0
-263 -2079 0
-2078 -2079 0
263 2078 2079 0
-224 -2080 0
-263 -2080 0
224 263 2080 0
203 -2081 0
2080 -2081 0
-203 -2080 2081 0
-2079 -2082 0
-2081 -2082 0
2079 2081 2082 0
-2077 -2083 0
2082 -2083 0
2077 -2082 2083 0
203 -2084 0
-225 -2084 0
-203 225 2084 0
2078 -2085 0
-2084 -2085 0
-2078 2084 2085 0
-264 -2086 0
2081 -2086 0
264 -2081 2086 0
2080 -2087 0
-2076 -2087 0
-2080 2076 2087 0
-2086 -2088 0
-2087 -2088 0
2086 2087 2088 0
-2085 -2089 0
-2088 -2089 0
2085 2088 2089 0
-282 -2090 0
-2089 -2090 0
282 2089 2090 0
-206 -2091 0
228 -2091 0
206 -228 2091 0
-227 -2092 0
-2091 -2092 0
227 2091 2092 0
266 -2093 0
-2092 -2093 0
-266 2092 2093 0
-207 -2094 0
228 -2094 0
207 -228 2094 0
-227 -2095 0
-2094 -2095 0
227 2094 2095 0
-206 -2096 0
267 -2096 0
206 -267 2096 0
-2095 -2097 0
2096 -2097 0
2095 -2096 2097 0
-2093 -2098 0
-2097 -2098 0
2093 2097 2098 0
-267 -2099 0
-2094 -2099 0
267 2094 2099 0
207 -2100 0
-228 -2100 0
-207 228 2100 0
-206 -2101 0
-2100 -2101 0
206 2100 2101 0
-2099 -2102 0
2101 -2102 0
2099 -2101 2102 0
-227 -2103 0
-266 -2103 0
227 266 2103 0
-2102 -2104 0
2103 -2104 0
2102 -2103 2104 0
-284 -2105 0
-2104 -2105 0
284 2104 2105 0
285 -2106 0
286 -2106 0
-285 -286 2106 0
-284 -2107 0
-287 -2107 0
284 287 2107 0
283 -2108 0
288 -2108 0
-283 -288 2108 0
-282 -2109 0
-289 -2109 0
282 289 2109 0
281 -2110 0
-291 -2110 0
-281 291 2110 0
277 -2111 0
-292 -2111 0
-277 292 2111 0
276 -2112 0
293 -2112 0
-276 -293 2112 0
1 -2113 0
-4 -2113 0
-1 4 2113 0
-1 -2114 0
4 -2114 0
1 -4 2114 0
-2113 -2115 0
-2114 -2115 0
2113 2114 2115 0
2 -2116 0
-5 -2116 0
-2 5 2116 0
-2 -2117 0
5 -2117 0
2 -5 2117 0
-2116 -2118 0
-2117 -2118 0
2116 2117 2118 0
3 -2119 0
-6 -2119 0
-3 6 2119 0
-3 -2120 0
6 -2120 0
3 -6 2120 0
-2119 -2121 0
-2120 -2121 0
2119 2120 2121 0
297 -2122 0
298 -2122 0
-297 -298 2122 0
299 -2123 0
2122 -2123 0
-299 -2122 2123 0
303 -2124 0
304 -2124 0
-303 -304 2124 0
305 -2125 0
2124 -2125 0
-305 -2124 2125 0
309 -2126 0
310 -2126 0
-309 -310 2126 0
311 -2127 0
2126 -2127 0
-311 -2126 2127 0
315 -2128 0
316 -2128 0
-315 -316 2128 0
317 -2129 0
2128 -2129 0
-317 -2128 2129 0
-202 -2130 0
203 -2130 0
202 -203 2130 0
321 -2131 0
322 -2131 0
-321 -322 2131 0
323 -2132 0
2131 -2132 0
-323 -2131 2132 0
-284 -2133 0
285 -2133 0
284 -285 2133 0
327 -2134 0
328 -2134 0
-327 -328 2134 0
329 -2135 0
2134 -2135 0
-329 -2134 2135 0
-53 -2136 0
54 -2136 0
53 -54 2136 0
333 -2137 0
334 -2137 0
-333 -334 2137 0
335 -2138 0
2137 -2138 0
-335 -2137 2138 0
339 -2139 0
340 -2139 0
-339 -340 2139 0
341 -2140 0
2139 -2140 0
-341 -2139 2140 0
345 -2141 0
346 -2141 0
-345 -346 2141 0
347 -2142 0
2141 -2142 0
-347 -2141 2142 0
-207 -2143 0
-266 -2143 0
207 266 2143 0
-206 -2144 0
-2143 -2144 0
206 2143 2144 0
351 -2145 0
352 -2145 0
-351 -352 2145 0
353 -2146 0
2145 -2146 0
-353 -2145 2146 0
-80 -2147 0
81 -2147 0
80 -81 2147 0
357 -2148 0
358 -2148 0
-357 -358 2148 0
359 -2149 0
2148 -2149 0
-359 -2148 2149 0
363 -2150 0
364 -2150 0
-363 -364 2150 0
365 -2151 0
2150 -2151 0
-365 -2150 2151 0
-28 -2152 0
29 -2152 0
28 -29 2152 0
369 -2153 0
370 -2153 0
-369 -370 2153 0
371 -2154 0
2153 -2154 0
-371 -2153 2154 0
375 -2155 0
376 -2155 0
-375 -376 2155 0
377 -2156 0
2155 -2156 0
-377 -2155 2156 0
381 -2157 0
382 -2157 0
-381 -382 2157 0
383 -2158 0
2157 -2158 0
-383 -2157 2158 0
-24 -2159 0
25 -2159 0
24 -25 2159 0
387 -2160 0
388 -2160 0
-387 -388 2160 0
389 -2161 0
2160 -2161 0
-389 -2160 2161 0
393 -2162 0
394 -2162 0
-393 -394 2162 0
395 -2163 0
2162 -2163 0
-395 -2162 2163 0
399 -2164 0
400 -2164 0
-399 -400 2164 0
401 -2165 0
2164 -2165 0
-401 -2164 2165 0
405 -2166 0
406 -2166 0
-405 -406 2166 0
407 -2167 0
2166 -2167 0
-407 -2166 2167 0
411 -2168 0
412 -2168 0
-411 -412 2168 0
413 -2169 0
2168 -2169 0
-413 -2168 2169 0
417 -2170 0
418 -2170 0
-417 -418 2170 0
419 -2171 0
2170 -2171 0
-419 -2170 2171 0
-76 -2172 0
77 -2172 0
76 -77 2172 0
423 -2173 0
424 -2173 0
-423 -424 2173 0
425 -2174 0
2173 -2174 0
-425 -2173 2174 0
429 -2175 0
430 -2175 0
-429 -430 2175 0
431 -2176 0
2175 -2176 0
-431 -2175 2176 0
435 -2177 0
436 -2177 0
-435 -436 2177 0
437 -2178 0
2177 -2178 0
-437 -2177 2178 0
-49 -2179 0
50 -2179 0
49 -50 2179 0
