c defined variables: 6 15 23 28 32 41 45 54 58 66 71 75 83 87 92 96 100 109 113 122 126 130 138 143 147 151 160 164 168 177 181 190 194 203 214 221 228 232 236 243 247 254 258 265 269 276 280 287 291 295 299 303 310 314 321 325 329 336 340 344 348 358 373 377 384 388 395 404 405 408 409 412 413 414 415 418 419 420 421 424 425 426 427 430 431 432 433 436 437 438 439 440 441 444 445 446 447 448 449 452 453 454 455 456 457 460 461 462 463 464 465 468 469 470 471 472 473 478 479 480 483 484 485 486 487 488 491 492 493 494 495 496 499 500 501 502 503 504 505 506 509 510 511 512 513 514 515 516 519 520 521 522 523 524 525 526 529 530 531 532 533 534 535 536 539 540 541 542 543 544 545 546 549 550 551 552 553 554 555 556 559 560 561 562 563 564 565 566 569 570 571 572 573 574 575 576 579 580 581 582 583 584 585 586 587 588 591 592 594 595 596 597 598 599 600 603 604 605 606 607 608 609 610 611 612 615 616 617 618 619 620 621 622 623 624 627 628 629 630 631 632 633 634 635 636 637 638 641 642 643 645 646 647 648 649 650 651 652 656 657 658 659 660 661 662 663 664 665 666 667 668 669 673 674 675 676 677 678 679 680 681 682 683 684 685 686 687 688 691 
p cnf 2296 2762
a 398 369 320 324 332 328 339 335 343 347 364 351 253 257 250 246 74 78 65 69 52 61 48 57 39 44 121 134 372 376 357 264 354 361 53 62 70 79 91 104 108 117 268 380 387 272 279 275 207 202 185 176 198 189 155 142 172 159 26 35 13 18 22 31 1 4 9 655 672 261 313 317 383 283 290 286 302 298 294 306 309 206 201 193 184 197 188 171 158 180 175 40 49 5 10 2 27 36 14 19 217 220 210 213 235 231 224 227 239 242 112 107 103 90 95 99 82 86 125 116 394 391 141 150 146 154 120 129 133 137 167 163 0
e 3 7 8 11 12 16 17 20 21 24 25 29 30 33 34 37 38 42 43 46 47 50 51 55 56 59 60 63 64 67 68 72 73 76 77 80 81 84 85 88 89 93 94 97 98 101 102 105 106 110 111 114 115 118 119 123 124 127 128 131 132 135 136 139 140 144 145 148 149 152 153 156 157 161 162 165 166 169 170 173 174 178 179 182 183 186 187 191 192 195 196 199 200 204 205 208 209 211 212 215 216 218 219 222 223 225 226 229 230 233 234 237 238 240 241 244 245 248 249 251 252 255 256 259 260 262 263 266 267 270 271 273 274 277 278 281 282 284 285 288 289 292 293 296 297 300 301 304 305 307 308 311 312 315 316 318 319 322 323 326 327 330 331 333 334 337 338 341 342 345 346 349 350 352 353 355 356 359 360 362 363 366 367 368 370 371 374 375 378 379 381 382 385 386 389 390 392 393 396 397 399 400 401 402 403 406 407 410 411 416 417 422 423 428 429 434 435 442 443 450 451 458 459 466 467 474 475 477 481 482 489 490 497 498 507 508 517 518 527 528 537 538 547 548 557 558 567 568 577 578 589 590 593 601 602 613 614 625 626 639 640 644 653 654 670 671 689 690 6 15 23 28 32 41 45 54 58 66 71 75 83 87 92 96 100 109 113 122 126 130 138 143 147 151 160 164 168 177 181 190 194 203 214 221 228 232 236 243 247 254 258 265 269 276 280 287 291 295 299 303 310 314 321 325 329 336 340 344 348 358 373 377 384 388 395 404 405 408 409 412 413 414 415 418 419 420 421 424 425 426 427 430 431 432 433 436 437 438 439 440 441 444 445 446 447 448 449 452 453 454 455 456 457 460 461 462 463 464 465 468 469 470 471 472 473 478 479 480 483 484 485 486 487 488 491 492 493 494 495 496 499 500 501 502 503 504 505 506 509 510 511 512 513 514 515 516 519 520 521 522 523 524 525 526 529 530 531 532 533 534 535 536 539 540 541 542 543 544 545 546 549 550 551 552 553 554 555 556 559 560 561 562 563 564 565 566 569 570 571 572 573 574 575 576 579 580 581 582 583 584 585 586 587 588 591 592 594 595 596 597 598 599 600 603 604 605 606 607 608 609 610 611 612 615 616 617 618 619 620 621 622 623 624 627 628 629 630 631 632 633 634 635 636 637 638 641 642 643 645 646 647 648 649 650 651 652 656 657 658 659 660 661 662 663 664 665 666 667 668 669 673 674 675 676 677 678 679 680 681 682 683 684 685 686 687 688 691 2006 2007 2008 2009 2010 2011 2012 2013 2014 2015 2016 2017 2018 2019 2020 2021 2022 2023 2024 2025 2026 2027 2028 2029 2030 2031 2032 2033 2034 2035 2036 2037 2038 2039 2040 2041 2042 2043 2044 2045 2046 2047 2048 2049 2050 2051 2052 2053 2054 2055 2056 2057 2058 2059 2060 2061 2062 2063 2064 2065 2066 2067 2068 2069 2070 2071 2072 2073 2074 2075 2076 2077 2078 2079 2080 2081 2082 2083 2084 2085 2086 2087 2088 2089 2090 2091 2092 2093 2094 2095 2096 2097 2098 2099 2100 2101 2102 2103 2104 2105 2106 2107 2108 2109 2110 2111 2112 2113 2114 2115 2116 2117 2118 2119 2120 2121 2122 2123 2124 2125 2126 2127 2128 2129 2130 2131 2132 2133 2134 2135 2136 2137 2138 2139 2140 2141 2142 2143 2144 2145 2146 2147 2148 2149 2150 2151 2152 2153 2154 2155 2156 2157 2158 2159 2160 2161 2162 2163 2164 2165 2166 2167 2168 2169 2170 2171 2172 2173 2174 2175 2176 2177 2178 2179 2180 2181 2182 2183 2184 2185 2186 2187 2188 2189 2190 2191 2192 2193 2194 2195 2196 2197 2198 2199 2200 2201 2202 2203 2204 2205 2206 2207 2208 2209 2210 2211 2212 2213 2214 2215 2216 2217 2218 2219 2220 2221 2222 2223 2224 2225 2226 2227 2228 2229 2230 2231 2232 2233 2234 2235 2236 2237 2238 2239 2240 2241 2242 2243 2244 2245 2246 2247 2248 2249 2250 2251 2252 2253 2254 2255 2256 2257 2258 2259 2260 2261 2262 2263 2264 2265 2266 2267 2268 2269 2270 2271 2272 2273 2274 2275 2276 2277 2278 2279 2280 2281 2282 2283 2284 2285 2286 2287 2288 2289 2290 2291 2292 2293 2294 2295 2296 0
d 476 275 272 0
d 365 354 361 0
2007 -6 0
-2007 6 0
2008 -15 0
-2008 15 0
2009 -23 0
-2009 23 0
2010 -28 0
-2010 28 0
2011 -32 0
-2011 32 0
2012 -41 0
-2012 41 0
2013 -45 0
-2013 45 0
2014 -54 0
-2014 54 0
2015 -58 0
-2015 58 0
2016 -66 0
-2016 66 0
2017 -71 0
-2017 71 0
2018 -75 0
-2018 75 0
2019 -83 0
-2019 83 0
2020 -87 0
-2020 87 0
2021 -92 0
-2021 92 0
2022 -96 0
-2022 96 0
2023 -100 0
-2023 100 0
2024 -109 0
-2024 109 0
2025 -113 0
-2025 113 0
2026 -122 0
-2026 122 0
2027 -126 0
-2027 126 0
2028 -130 0
-2028 130 0
2029 -138 0
-2029 138 0
2030 -143 0
-2030 143 0
2031 -147 0
-2031 147 0
2032 -151 0
-2032 151 0
2033 -160 0
-2033 160 0
2034 -164 0
-2034 164 0
2035 -168 0
-2035 168 0
2036 -177 0
-2036 177 0
2037 -181 0
-2037 181 0
2038 -190 0
-2038 190 0
2039 -194 0
-2039 194 0
2040 -203 0
-2040 203 0
2041 -214 0
-2041 214 0
2042 -221 0
-2042 221 0
2043 -228 0
-2043 228 0
2044 -232 0
-2044 232 0
2045 -236 0
-2045 236 0
2046 -243 0
-2046 243 0
2047 -247 0
-2047 247 0
2048 -254 0
-2048 254 0
2049 -258 0
-2049 258 0
2050 -265 0
-2050 265 0
2051 -269 0
-2051 269 0
2052 -276 0
-2052 276 0
2053 -280 0
-2053 280 0
2054 -287 0
-2054 287 0
2055 -291 0
-2055 291 0
2056 -295 0
-2056 295 0
2057 -299 0
-2057 299 0
2058 -303 0
-2058 303 0
2059 -310 0
-2059 310 0
2060 -314 0
-2060 314 0
2061 -321 0
-2061 321 0
2062 -325 0
-2062 325 0
2063 -329 0
-2063 329 0
2064 -336 0
-2064 336 0
2065 -340 0
-2065 340 0
2066 -344 0
-2066 344 0
2067 -348 0
-2067 348 0
2068 -358 0
-2068 358 0
2069 -373 0
-2069 373 0
2070 -377 0
-2070 377 0
2071 -384 0
-2071 384 0
2072 -388 0
-2072 388 0
2073 -395 0
-2073 395 0
2074 -404 0
-2074 404 0
2075 -405 0
-2075 405 0
2076 -408 0
-2076 408 0
2077 -409 0
-2077 409 0
2078 -412 0
-2078 412 0
2079 -413 0
-2079 413 0
2080 -414 0
-2080 414 0
2081 -415 0
-2081 415 0
2082 -418 0
-2082 418 0
2083 -419 0
-2083 419 0
2084 -420 0
-2084 420 0
2085 -421 0
-2085 421 0
2086 -424 0
-2086 424 0
2087 -425 0
-2087 425 0
2088 -426 0
-2088 426 0
2089 -427 0
-2089 427 0
2090 -430 0
-2090 430 0
2091 -431 0
-2091 431 0
2092 -432 0
-2092 432 0
2093 -433 0
-2093 433 0
2094 -436 0
-2094 436 0
2095 -437 0
-2095 437 0
2096 -438 0
-2096 438 0
2097 -439 0
-2097 439 0
2098 -440 0
-2098 440 0
2099 -441 0
-2099 441 0
2100 -444 0
-2100 444 0
2101 -445 0
-2101 445 0
2102 -446 0
-2102 446 0
2103 -447 0
-2103 447 0
2104 -448 0
-2104 448 0
2105 -449 0
-2105 449 0
2106 -452 0
-2106 452 0
2107 -453 0
-2107 453 0
2108 -454 0
-2108 454 0
2109 -455 0
-2109 455 0
2110 -456 0
-2110 456 0
2111 -457 0
-2111 457 0
2112 -460 0
-2112 460 0
2113 -461 0
-2113 461 0
2114 -462 0
-2114 462 0
2115 -463 0
-2115 463 0
2116 -464 0
-2116 464 0
2117 -465 0
-2117 465 0
2118 -468 0
-2118 468 0
2119 -469 0
-2119 469 0
2120 -470 0
-2120 470 0
2121 -471 0
-2121 471 0
2122 -472 0
-2122 472 0
2123 -473 0
-2123 473 0
2124 -478 0
-2124 478 0
2125 -479 0
-2125 479 0
2126 -480 0
-2126 480 0
2127 -483 0
-2127 483 0
2128 -484 0
-2128 484 0
2129 -485 0
-2129 485 0
2130 -486 0
-2130 486 0
2131 -487 0
-2131 487 0
2132 -488 0
-2132 488 0
2133 -491 0
-2133 491 0
2134 -492 0
-2134 492 0
2135 -493 0
-2135 493 0
2136 -494 0
-2136 494 0
2137 -495 0
-2137 495 0
2138 -496 0
-2138 496 0
2139 -499 0
-2139 499 0
2140 -500 0
-2140 500 0
2141 -501 0
-2141 501 0
2142 -502 0
-2142 502 0
2143 -503 0
-2143 503 0
2144 -504 0
-2144 504 0
2145 -505 0
-2145 505 0
2146 -506 0
-2146 506 0
2147 -509 0
-2147 509 0
2148 -510 0
-2148 510 0
2149 -511 0
-2149 511 0
2150 -512 0
-2150 512 0
2151 -513 0
-2151 513 0
2152 -514 0
-2152 514 0
2153 -515 0
-2153 515 0
2154 -516 0
-2154 516 0
2155 -519 0
-2155 519 0
2156 -520 0
-2156 520 0
2157 -521 0
-2157 521 0
2158 -522 0
-2158 522 0
2159 -523 0
-2159 523 0
2160 -524 0
-2160 524 0
2161 -525 0
-2161 525 0
2162 -526 0
-2162 526 0
2163 -529 0
-2163 529 0
2164 -530 0
-2164 530 0
2165 -531 0
-2165 531 0
2166 -532 0
-2166 532 0
2167 -533 0
-2167 533 0
2168 -534 0
-2168 534 0
2169 -535 0
-2169 535 0
2170 -536 0
-2170 536 0
2171 -539 0
-2171 539 0
2172 -540 0
-2172 540 0
2173 -541 0
-2173 541 0
2174 -542 0
-2174 542 0
2175 -543 0
-2175 543 0
2176 -544 0
-2176 544 0
2177 -545 0
-2177 545 0
2178 -546 0
-2178 546 0
2179 -549 0
-2179 549 0
2180 -550 0
-2180 550 0
2181 -551 0
-2181 551 0
2182 -552 0
-2182 552 0
2183 -553 0
-2183 553 0
2184 -554 0
-2184 554 0
2185 -555 0
-2185 555 0
2186 -556 0
-2186 556 0
2187 -559 0
-2187 559 0
2188 -560 0
-2188 560 0
2189 -561 0
-2189 561 0
2190 -562 0
-2190 562 0
2191 -563 0
-2191 563 0
2192 -564 0
-2192 564 0
2193 -565 0
-2193 565 0
2194 -566 0
-2194 566 0
2195 -569 0
-2195 569 0
2196 -570 0
-2196 570 0
2197 -571 0
-2197 571 0
2198 -572 0
-2198 572 0
2199 -573 0
-2199 573 0
2200 -574 0
-2200 574 0
2201 -575 0
-2201 575 0
2202 -576 0
-2202 576 0
2203 -579 0
-2203 579 0
2204 -580 0
-2204 580 0
2205 -581 0
-2205 581 0
2206 -582 0
-2206 582 0
2207 -583 0
-2207 583 0
2208 -584 0
-2208 584 0
2209 -585 0
-2209 585 0
2210 -586 0
-2210 586 0
2211 -587 0
-2211 587 0
2212 -588 0
-2212 588 0
2213 -591 0
-2213 591 0
2214 -592 0
-2214 592 0
2215 -594 0
-2215 594 0
2216 -595 0
-2216 595 0
2217 -596 0
-2217 596 0
2218 -597 0
-2218 597 0
2219 -598 0
-2219 598 0
2220 -599 0
-2220 599 0
2221 -600 0
-2221 600 0
2222 -603 0
-2222 603 0
2223 -604 0
-2223 604 0
2224 -605 0
-2224 605 0
2225 -606 0
-2225 606 0
2226 -607 0
-2226 607 0
2227 -608 0
-2227 608 0
2228 -609 0
-2228 609 0
2229 -610 0
-2229 610 0
2230 -611 0
-2230 611 0
2231 -612 0
-2231 612 0
2232 -615 0
-2232 615 0
2233 -616 0
-2233 616 0
2234 -617 0
-2234 617 0
2235 -618 0
-2235 618 0
2236 -619 0
-2236 619 0
2237 -620 0
-2237 620 0
2238 -621 0
-2238 621 0
2239 -622 0
-2239 622 0
2240 -623 0
-2240 623 0
2241 -624 0
-2241 624 0
2242 -627 0
-2242 627 0
2243 -628 0
-2243 628 0
2244 -629 0
-2244 629 0
2245 -630 0
-2245 630 0
2246 -631 0
-2246 631 0
2247 -632 0
-2247 632 0
2248 -633 0
-2248 633 0
2249 -634 0
-2249 634 0
2250 -635 0
-2250 635 0
2251 -636 0
-2251 636 0
2252 -637 0
-2252 637 0
2253 -638 0
-2253 638 0
2254 -641 0
-2254 641 0
2255 -642 0
-2255 642 0
2256 -643 0
-2256 643 0
2257 -645 0
-2257 645 0
2258 -646 0
-2258 646 0
2259 -647 0
-2259 647 0
2260 -648 0
-2260 648 0
2261 -649 0
-2261 649 0
2262 -650 0
-2262 650 0
2263 -651 0
-2263 651 0
2264 -652 0
-2264 652 0
2265 -656 0
-2265 656 0
2266 -657 0
-2266 657 0
2269 -658 0
-2269 658 0
2270 -659 0
-2270 659 0
2271 -660 0
-2271 660 0
2272 -661 0
-2272 661 0
2273 -662 0
-2273 662 0
2274 -663 0
-2274 663 0
2275 -664 0
-2275 664 0
2276 -665 0
-2276 665 0
2277 -666 0
-2277 666 0
2278 -667 0
-2278 667 0
2279 -668 0
-2279 668 0
2280 -669 0
-2280 669 0
2281 -673 0
-2281 673 0
2282 -674 0
-2282 674 0
2283 -675 0
-2283 675 0
2284 -676 0
-2284 676 0
2285 -677 0
-2285 677 0
2286 -678 0
-2286 678 0
2287 -679 0
-2287 679 0
2288 -680 0
-2288 680 0
2289 -681 0
-2289 681 0
2290 -682 0
-2290 682 0
2291 -683 0
-2291 683 0
2292 -684 0
-2292 684 0
2293 -685 0
-2293 685 0
2294 -686 0
-2294 686 0
2295 -687 0
-2295 687 0
2296 -688 0
-2296 688 0
2006 -691 0
-2006 691 0
691 0
-691 400 690 0
-400 397 -399 0
-397 393 -396 0
-393 390 -392 0
-390 386 -389 0
-386 382 -385 0
-382 379 -381 0
-379 375 -378 0
-375 371 -374 0
-371 368 -370 0
-368 363 -367 0
-363 360 -362 0
-360 356 -359 0
-356 353 -355 0
-353 350 -352 0
-350 346 -349 0
-346 342 -345 0
-342 338 -341 0
-338 334 -337 0
-334 331 -333 0
-331 327 -330 0
-327 323 -326 0
-323 319 -322 0
-319 316 -318 0
-316 312 -315 0
-312 308 -311 0
-308 305 -307 0
-305 301 -304 0
-301 297 -300 0
-297 293 -296 0
-293 289 -292 0
-289 285 -288 0
-285 282 -284 0
-282 278 -281 0
-278 274 -277 0
-274 271 -273 0
-271 267 -270 0
-267 263 -266 0
-263 260 -262 0
-260 256 -259 0
-256 252 -255 0
-252 249 -251 0
-249 245 -248 0
-245 241 -244 0
-241 238 -240 0
-238 234 -237 0
-234 230 -233 0
-230 226 -229 0
-226 223 -225 0
-223 219 -222 0
-219 216 -218 0
-216 212 -215 0
-212 209 -211 0
-209 205 -208 0
-205 200 -204 0
-200 196 -199 0
-196 192 -195 0
-192 187 -191 0
-187 183 -186 0
-183 179 -182 0
-179 174 -178 0
-174 170 -173 0
-170 166 -169 0
-166 162 -165 0
-162 157 -161 0
-157 153 -156 0
-153 149 -152 0
-149 145 -148 0
-145 140 -144 0
-140 136 -139 0
-136 132 -135 0
-132 128 -131 0
-128 124 -127 0
-124 119 -123 0
-119 115 -118 0
-115 111 -114 0
-111 106 -110 0
-106 102 -105 0
-102 98 -101 0
-98 94 -97 0
-94 89 -93 0
-89 85 -88 0
-85 81 -84 0
-81 77 -80 0
-77 73 -76 0
-73 68 -72 0
-68 64 -67 0
-64 60 -63 0
-60 56 -59 0
-56 51 -55 0
-51 47 -50 0
-47 43 -46 0
-43 38 -42 0
-38 34 -37 0
-34 30 -33 0
-30 25 -29 0
-25 21 -24 0
-21 17 -20 0
-17 12 -16 0
-12 8 -11 0
-8 -3 -7 0
1 -2 3 0
-1 2 3 0
4 6 7 0
-4 -6 7 0
-1 5 6 0
-6 1 0
-6 -5 0
9 -10 11 0
-9 10 11 0
13 15 16 0
-13 -15 16 0
-9 14 15 0
-15 9 0
-15 -14 0
18 -19 20 0
-18 19 20 0
22 23 24 0
-22 -23 24 0
-4 -13 23 0
-23 4 0
-23 13 0
26 28 29 0
-26 -28 29 0
-18 27 28 0
-28 18 0
-28 -27 0
31 32 33 0
-31 -32 33 0
-13 -26 32 0
-32 13 0
-32 26 0
35 -36 37 0
-35 36 37 0
39 41 42 0
-39 -41 42 0
-35 40 41 0
-41 35 0
-41 -40 0
44 45 46 0
-44 -45 46 0
-26 -39 45 0
-45 26 0
-45 39 0
48 -49 50 0
-48 49 50 0
52 54 55 0
-52 -54 55 0
-48 53 54 0
-54 48 0
-54 -53 0
57 58 59 0
-57 -58 59 0
-39 -52 58 0
-58 39 0
-58 52 0
61 -62 63 0
-61 62 63 0
65 66 67 0
-65 -66 67 0
-22 -44 66 0
-66 22 0
-66 44 0
69 71 72 0
-69 -71 72 0
-61 70 71 0
-71 61 0
-71 -70 0
74 75 76 0
-74 -75 76 0
-31 -57 75 0
-75 31 0
-75 57 0
78 -79 80 0
-78 79 80 0
82 83 84 0
-82 -83 84 0
-52 -69 83 0
-83 52 0
-83 69 0
86 87 88 0
-86 -87 88 0
-44 -82 87 0
-87 44 0
-87 82 0
90 92 93 0
-90 -92 93 0
-78 91 92 0
-92 78 0
-92 -91 0
95 96 97 0
-95 -96 97 0
-69 -90 96 0
-96 69 0
-96 90 0
99 100 101 0
-99 -100 101 0
-57 -95 100 0
-100 57 0
-100 95 0
103 -104 105 0
-103 104 105 0
107 109 110 0
-107 -109 110 0
-103 108 109 0
-109 103 0
-109 -108 0
112 113 114 0
-112 -113 114 0
-90 -107 113 0
-113 90 0
-113 107 0
116 -117 118 0
-116 117 118 0
120 122 123 0
-120 -122 123 0
-116 121 122 0
-122 116 0
-122 -121 0
125 126 127 0
-125 -126 127 0
-107 -120 126 0
-126 107 0
-126 120 0
129 130 131 0
-129 -130 131 0
-82 -112 130 0
-130 82 0
-130 112 0
133 -134 135 0
-133 134 135 0
137 138 139 0
-137 -138 139 0
-95 -125 138 0
-138 95 0
-138 125 0
141 143 144 0
-141 -143 144 0
-133 142 143 0
-143 133 0
-143 -142 0
146 147 148 0
-146 -147 148 0
-120 -141 147 0
-147 120 0
-147 141 0
150 151 152 0
-150 -151 152 0
-112 -146 151 0
-151 112 0
-151 146 0
154 -155 156 0
-154 155 156 0
158 160 161 0
-158 -160 161 0
-154 159 160 0
-160 154 0
-160 -159 0
163 164 165 0
-163 -164 165 0
-141 -158 164 0
-164 141 0
-164 158 0
167 168 169 0
-167 -168 169 0
-125 -163 168 0
-168 125 0
-168 163 0
171 -172 173 0
-171 172 173 0
175 177 178 0
-175 -177 178 0
-171 176 177 0
-177 171 0
-177 -176 0
180 181 182 0
-180 -181 182 0
-158 -175 181 0
-181 158 0
-181 175 0
184 -185 186 0
-184 185 186 0
188 190 191 0
-188 -190 191 0
-184 189 190 0
-190 184 0
-190 -189 0
193 194 195 0
-193 -194 195 0
-175 -188 194 0
-194 175 0
-194 188 0
197 -198 199 0
-197 198 199 0
201 203 204 0
-201 -203 204 0
-197 202 203 0
-203 197 0
-203 -202 0
206 -207 208 0
-206 207 208 0
210 -2 211 0
-210 2 211 0
213 214 215 0
-213 -214 215 0
-210 5 214 0
-214 210 0
-214 -5 0
217 -10 218 0
-217 10 218 0
220 221 222 0
-220 -221 222 0
-217 14 221 0
-221 217 0
-221 -14 0
224 -19 225 0
-224 19 225 0
227 228 229 0
-227 -228 229 0
-213 -220 228 0
-228 213 0
-228 220 0
231 232 233 0
-231 -232 233 0
-224 27 232 0
-232 224 0
-232 -27 0
235 236 237 0
-235 -236 237 0
-220 -231 236 0
-236 220 0
-236 231 0
239 -36 240 0
-239 36 240 0
242 243 244 0
-242 -243 244 0
-239 40 243 0
-243 239 0
-243 -40 0
246 247 248 0
-246 -247 248 0
-231 -242 247 0
-247 231 0
-247 242 0
250 -49 251 0
-250 49 251 0
253 254 255 0
-253 -254 255 0
-250 53 254 0
-254 250 0
-254 -53 0
257 258 259 0
-257 -258 259 0
-242 -253 258 0
-258 242 0
-258 253 0
261 -62 262 0
-261 62 262 0
264 265 266 0
-264 -265 266 0
-227 -246 265 0
-265 227 0
-265 246 0
268 269 270 0
-268 -269 270 0
-261 70 269 0
-269 261 0
-269 -70 0
272 268 273 0
-272 -268 273 0
275 276 277 0
-275 -276 277 0
-79 -213 276 0
-276 79 0
-276 213 0
279 280 281 0
-279 -280 281 0
-235 -257 280 0
-280 235 0
-280 257 0
283 -79 284 0
-283 79 284 0
286 287 288 0
-286 -287 288 0
-253 -268 287 0
-287 253 0
-287 268 0
290 291 292 0
-290 -291 292 0
-246 -286 291 0
-291 246 0
-291 286 0
294 295 296 0
-294 -295 296 0
-283 91 295 0
-295 283 0
-295 -91 0
298 299 300 0
-298 -299 300 0
-268 -294 299 0
-299 268 0
-299 294 0
302 303 304 0
-302 -303 304 0
-257 -298 303 0
-303 257 0
-303 298 0
306 -104 307 0
-306 104 307 0
309 310 311 0
-309 -310 311 0
-306 108 310 0
-310 306 0
-310 -108 0
313 314 315 0
-313 -314 315 0
-294 -309 314 0
-314 294 0
-314 309 0
317 -117 318 0
-317 117 318 0
320 321 322 0
-320 -321 322 0
-317 121 321 0
-321 317 0
-321 -121 0
324 325 326 0
-324 -325 326 0
-309 -320 325 0
-325 309 0
-325 320 0
328 329 330 0
-328 -329 330 0
-286 -313 329 0
-329 286 0
-329 313 0
332 -134 333 0
-332 134 333 0
335 336 337 0
-335 -336 337 0
-298 -324 336 0
-336 298 0
-336 324 0
339 340 341 0
-339 -340 341 0
-332 142 340 0
-340 332 0
-340 -142 0
343 344 345 0
-343 -344 345 0
-320 -339 344 0
-344 320 0
-344 339 0
347 348 349 0
-347 -348 349 0
-313 -343 348 0
-348 313 0
-348 343 0
351 -155 352 0
-351 155 352 0
354 339 355 0
-354 -339 355 0
357 358 359 0
-357 -358 359 0
-351 159 358 0
-358 351 0
-358 -159 0
361 357 362 0
-361 -357 362 0
364 366 367 0
-364 -366 367 0
-324 -365 366 0
-366 324 0
-366 365 0
369 -172 370 0
-369 172 370 0
372 373 374 0
-372 -373 374 0
-369 176 373 0
-373 369 0
-373 -176 0
376 377 378 0
-376 -377 378 0
-357 -372 377 0
-377 357 0
-377 372 0
380 -185 381 0
-380 185 381 0
383 384 385 0
-383 -384 385 0
-380 189 384 0
-384 380 0
-384 -189 0
387 388 389 0
-387 -388 389 0
-372 -383 388 0
-388 372 0
-388 383 0
391 -198 392 0
-391 198 392 0
394 395 396 0
-394 -395 396 0
-391 202 395 0
-395 391 0
-395 -202 0
398 -207 399 0
-398 207 399 0
-690 671 0
-690 689 0
-671 654 0
-671 670 0
-654 640 0
-654 653 0
-640 626 0
-640 639 0
-626 614 0
-626 625 0
-614 602 0
-614 613 0
-602 590 0
-602 601 0
-590 578 0
-590 589 0
-578 568 0
-578 577 0
-568 558 0
-568 567 0
-558 548 0
-558 557 0
-548 538 0
-548 547 0
-538 528 0
-538 537 0
-528 518 0
-528 527 0
-518 508 0
-518 517 0
-508 498 0
-508 507 0
-498 490 0
-498 497 0
-490 482 0
-490 489 0
-482 475 0
-482 481 0
-475 467 0
-475 474 0
-467 459 0
-467 466 0
-459 451 0
-459 458 0
-451 443 0
-451 450 0
-443 435 0
-443 442 0
-435 429 0
-435 434 0
-429 423 0
-429 428 0
-423 417 0
-423 422 0
-417 411 0
-417 416 0
-411 407 0
-411 410 0
-407 403 0
-407 406 0
-403 401 0
-403 402 0
-401 -2 2 0
-401 2 -2 0
-402 -2 2 0
-402 2 -2 0
-406 -404 405 0
-406 404 -405 0
-404 210 0
-404 5 0
-405 1 0
-405 5 0
-210 -5 404 0
-1 -5 405 0
-410 -408 409 0
-410 408 -409 0
-408 10 0
-408 213 0
-409 10 0
-409 4 0
-10 -213 408 0
-10 -4 409 0
-416 -413 415 0
-416 413 -415 0
-413 213 0
-413 412 0
-412 217 0
-412 14 0
-415 4 0
-415 414 0
-414 9 0
-414 14 0
-213 -412 413 0
-217 -14 412 0
-4 -414 415 0
-9 -14 414 0
-422 -419 421 0
-422 419 -421 0
-419 220 0
-419 418 0
-418 19 0
-418 213 0
-421 13 0
-421 420 0
-420 19 0
-420 4 0
-220 -418 419 0
-19 -213 418 0
-13 -420 421 0
-19 -4 420 0
-428 -425 427 0
-428 425 -427 0
-425 424 0
-425 227 0
-424 224 0
-424 27 0
-427 426 0
-427 22 0
-426 18 0
-426 27 0
-424 -227 425 0
-224 -27 424 0
-426 -22 427 0
-18 -27 426 0
-434 -431 433 0
-434 431 -433 0
-431 430 0
-431 235 0
-430 36 0
-430 213 0
-433 432 0
-433 31 0
-432 36 0
-432 4 0
-430 -235 431 0
-36 -213 430 0
-432 -31 433 0
-36 -4 432 0
-442 -438 441 0
-442 438 -441 0
-438 227 0
-438 437 0
-437 231 0
-437 436 0
-436 239 0
-436 40 0
-441 22 0
-441 440 0
-440 26 0
-440 439 0
-439 35 0
-439 40 0
-227 -437 438 0
-231 -436 437 0
-239 -40 436 0
-22 -440 441 0
-26 -439 440 0
-35 -40 439 0
-450 -446 449 0
-450 446 -449 0
-446 235 0
-446 445 0
-445 242 0
-445 444 0
-444 49 0
-444 213 0
-449 31 0
-449 448 0
-448 39 0
-448 447 0
-447 49 0
-447 4 0
-235 -445 446 0
-242 -444 445 0
-49 -213 444 0
-31 -448 449 0
-39 -447 448 0
-49 -4 447 0
-458 -454 457 0
-458 454 -457 0
-454 246 0
-454 453 0
-453 452 0
-453 227 0
-452 250 0
-452 53 0
-457 44 0
-457 456 0
-456 455 0
-456 22 0
-455 48 0
-455 53 0
-246 -453 454 0
-452 -227 453 0
-250 -53 452 0
-44 -456 457 0
-455 -22 456 0
-48 -53 455 0
-466 -462 465 0
-466 462 -465 0
-462 257 0
-462 461 0
-461 460 0
-461 235 0
-460 62 0
-460 213 0
-465 57 0
-465 464 0
-464 463 0
-464 31 0
-463 62 0
-463 4 0
-257 -461 462 0
-460 -235 461 0
-62 -213 460 0
-57 -464 465 0
-463 -31 464 0
-62 -4 463 0
-474 -470 473 0
-474 470 -473 0
-470 469 0
-470 264 0
-469 253 0
-469 468 0
-468 261 0
-468 70 0
-473 472 0
-473 65 0
-472 52 0
-472 471 0
-471 61 0
-471 70 0
-469 -264 470 0
-253 -468 469 0
-261 -70 468 0
-472 -65 473 0
-52 -471 472 0
-61 -70 471 0
-481 -477 480 0
-481 477 -480 0
-477 476 0
-477 279 0
-480 479 0
-480 74 0
-479 69 0
-479 478 0
-478 79 0
-478 4 0
-476 -279 477 0
-479 -74 480 0
-69 -478 479 0
-79 -4 478 0
-489 -485 488 0
-489 485 -488 0
-485 484 0
-485 290 0
-484 483 0
-484 227 0
-483 283 0
-483 91 0
-488 487 0
-488 86 0
-487 486 0
-487 22 0
-486 78 0
-486 91 0
-484 -290 485 0
-483 -227 484 0
-283 -91 483 0
-487 -86 488 0
-486 -22 487 0
-78 -91 486 0
-497 -493 496 0
-497 493 -496 0
-493 492 0
-493 302 0
-492 491 0
-492 235 0
-491 104 0
-491 213 0
-496 495 0
-496 99 0
-495 494 0
-495 31 0
-494 104 0
-494 4 0
-492 -302 493 0
-491 -235 492 0
-104 -213 491 0
-495 -99 496 0
-494 -31 495 0
-104 -4 494 0
-507 -502 506 0
-507 502 -506 0
-502 264 0
-502 501 0
-501 286 0
-501 500 0
-500 294 0
-500 499 0
-499 306 0
-499 108 0
-506 65 0
-506 505 0
-505 82 0
-505 504 0
-504 90 0
-504 503 0
-503 103 0
-503 108 0
-264 -501 502 0
-286 -500 501 0
-294 -499 500 0
-306 -108 499 0
-65 -505 506 0
-82 -504 505 0
-90 -503 504 0
-103 -108 503 0
-517 -512 516 0
-517 512 -516 0
-512 279 0
-512 511 0
-511 298 0
-511 510 0
-510 309 0
-510 509 0
-509 117 0
-509 213 0
-516 74 0
-516 515 0
-515 95 0
-515 514 0
-514 107 0
-514 513 0
-513 117 0
-513 4 0
-279 -511 512 0
-298 -510 511 0
-309 -509 510 0
-117 -213 509 0
-74 -515 516 0
-95 -514 515 0
-107 -513 514 0
-117 -4 513 0
-527 -522 526 0
-527 522 -526 0
-522 290 0
-522 521 0
-521 313 0
-521 520 0
-520 519 0
-520 227 0
-519 317 0
-519 121 0
-526 86 0
-526 525 0
-525 112 0
-525 524 0
-524 523 0
-524 22 0
-523 116 0
-523 121 0
-290 -521 522 0
-313 -520 521 0
-519 -227 520 0
-317 -121 519 0
-86 -525 526 0
-112 -524 525 0
-523 -22 524 0
-116 -121 523 0
-537 -532 536 0
-537 532 -536 0
-532 302 0
-532 531 0
-531 324 0
-531 530 0
-530 529 0
-530 235 0
-529 134 0
-529 213 0
-536 99 0
-536 535 0
-535 125 0
-535 534 0
-534 533 0
-534 31 0
-533 134 0
-533 4 0
-302 -531 532 0
-324 -530 531 0
-529 -235 530 0
-134 -213 529 0
-99 -535 536 0
-125 -534 535 0
-533 -31 534 0
-134 -4 533 0
-547 -542 546 0
-547 542 -546 0
-542 328 0
-542 541 0
-541 540 0
-541 264 0
-540 320 0
-540 539 0
-539 332 0
-539 142 0
-546 129 0
-546 545 0
-545 544 0
-545 65 0
-544 120 0
-544 543 0
-543 133 0
-543 142 0
-328 -541 542 0
-540 -264 541 0
-320 -539 540 0
-332 -142 539 0
-129 -545 546 0
-544 -65 545 0
-120 -543 544 0
-133 -142 543 0
-557 -552 556 0
-557 552 -556 0
-552 335 0
-552 551 0
-551 550 0
-551 279 0
-550 339 0
-550 549 0
-549 155 0
-549 213 0
-556 137 0
-556 555 0
-555 554 0
-555 74 0
-554 141 0
-554 553 0
-553 155 0
-553 4 0
-335 -551 552 0
-550 -279 551 0
-339 -549 550 0
-155 -213 549 0
-137 -555 556 0
-554 -74 555 0
-141 -553 554 0
-155 -4 553 0
-567 -562 566 0
-567 562 -566 0
-562 347 0
-562 561 0
-561 560 0
-561 290 0
-560 559 0
-560 227 0
-559 351 0
-559 159 0
-566 150 0
-566 565 0
-565 564 0
-565 86 0
-564 563 0
-564 22 0
-563 154 0
-563 159 0
-347 -561 562 0
-560 -290 561 0
-559 -227 560 0
-351 -159 559 0
-150 -565 566 0
-564 -86 565 0
-563 -22 564 0
-154 -159 563 0
-577 -572 576 0
-577 572 -576 0
-572 364 0
-572 571 0
-571 570 0
-571 302 0
-570 569 0
-570 235 0
-569 172 0
-569 213 0
-576 167 0
-576 575 0
-575 574 0
-575 99 0
-574 573 0
-574 31 0
-573 172 0
-573 4 0
-364 -571 572 0
-570 -302 571 0
-569 -235 570 0
-172 -213 569 0
-167 -575 576 0
-574 -99 575 0
-573 -31 574 0
-172 -4 573 0
-589 -583 588 0
-589 583 -588 0
-583 581 0
-583 582 0
-581 343 0
-581 580 0
-580 357 0
-580 579 0
-579 369 0
-579 176 0
-582 264 0
-582 328 0
-588 586 0
-588 587 0
-586 146 0
-586 585 0
-585 158 0
-585 584 0
-584 171 0
-584 176 0
-587 65 0
-587 129 0
-581 -582 583 0
-343 -580 581 0
-357 -579 580 0
-369 -176 579 0
-264 -328 582 0
-586 -587 588 0
-146 -585 586 0
-158 -584 585 0
-171 -176 584 0
-65 -129 587 0
-601 -595 600 0
-601 595 -600 0
-595 593 0
-595 594 0
-593 365 0
-593 592 0
-592 372 0
-592 591 0
-591 185 0
-591 213 0
-594 279 0
-594 335 0
-600 598 0
-600 599 0
-598 163 0
-598 597 0
-597 175 0
-597 596 0
-596 185 0
-596 4 0
-599 74 0
-599 137 0
-593 -594 595 0
-365 -592 593 0
-372 -591 592 0
-185 -213 591 0
-279 -335 594 0
-598 -599 600 0
-163 -597 598 0
-175 -596 597 0
-185 -4 596 0
-74 -137 599 0
-613 -607 612 0
-613 607 -612 0
-607 605 0
-607 606 0
-605 376 0
-605 604 0
-604 603 0
-604 227 0
-603 380 0
-603 189 0
-606 290 0
-606 347 0
-612 610 0
-612 611 0
-610 180 0
-610 609 0
-609 608 0
-609 22 0
-608 184 0
-608 189 0
-611 86 0
-611 150 0
-605 -606 607 0
-376 -604 605 0
-603 -227 604 0
-380 -189 603 0
-290 -347 606 0
-610 -611 612 0
-180 -609 610 0
-608 -22 609 0
-184 -189 608 0
-86 -150 611 0
-625 -619 624 0
-625 619 -624 0
-619 617 0
-619 618 0
-617 387 0
-617 616 0
-616 615 0
-616 235 0
-615 198 0
-615 213 0
-618 302 0
-618 364 0
-624 622 0
-624 623 0
-622 193 0
-622 621 0
-621 620 0
-621 31 0
-620 198 0
-620 4 0
-623 99 0
-623 167 0
-617 -618 619 0
-387 -616 617 0
-615 -235 616 0
-198 -213 615 0
-302 -364 618 0
-622 -623 624 0
-193 -621 622 0
-620 -31 621 0
-198 -4 620 0
-99 -167 623 0
-639 -632 638 0
-639 632 -638 0
-632 629 0
-632 631 0
-629 628 0
-629 264 0
-628 383 0
-628 627 0
-627 391 0
-627 202 0
-631 328 0
-631 630 0
-630 343 0
-630 376 0
-638 635 0
-638 637 0
-635 634 0
-635 65 0
-634 188 0
-634 633 0
-633 197 0
-633 202 0
-637 129 0
-637 636 0
-636 146 0
-636 180 0
-629 -631 632 0
-628 -264 629 0
-383 -627 628 0
-391 -202 627 0
-328 -630 631 0
-343 -376 630 0
-635 -637 638 0
-634 -65 635 0
-188 -633 634 0
-197 -202 633 0
-129 -636 637 0
-146 -180 636 0
-653 -646 652 0
-653 646 -652 0
-646 643 0
-646 645 0
-643 642 0
-643 279 0
-642 394 0
-642 641 0
-641 207 0
-641 213 0
-645 335 0
-645 644 0
-644 365 0
-644 387 0
-652 649 0
-652 651 0
-649 648 0
-649 74 0
-648 201 0
-648 647 0
-647 207 0
-647 4 0
-651 137 0
-651 650 0
-650 163 0
-650 193 0
-643 -645 646 0
-642 -279 643 0
-394 -641 642 0
-207 -213 641 0
-335 -644 645 0
-365 -387 644 0
-649 -651 652 0
-648 -74 649 0
-201 -647 648 0
-207 -4 647 0
-137 -650 651 0
-163 -193 650 0
-670 -662 669 0
-670 662 -669 0
-662 658 0
-662 661 0
-658 -657 290 0
-658 657 -290 0
-657 656 0
-657 227 0
-656 398 0
-656 655 0
-656 -227 657 0
-398 -655 656 0
-661 347 0
-661 660 0
-660 376 0
-660 659 0
-659 383 0
-659 394 0
-669 665 0
-669 668 0
-665 664 0
-665 86 0
-664 663 0
-664 22 0
-663 206 0
-663 655 0
-668 150 0
-668 667 0
-667 180 0
-667 666 0
-666 188 0
-666 201 0
-658 -661 662 0
657 290 658 0
-657 -290 658 0
-656 -227 657 0
-398 -655 656 0
-657 656 0
-657 227 0
-656 398 0
-656 655 0
-347 -660 661 0
-376 -659 660 0
-383 -394 659 0
-665 -668 669 0
-664 -86 665 0
-663 -22 664 0
-206 -655 663 0
-150 -667 668 0
-180 -666 667 0
-188 -201 666 0
-689 -680 688 0
-689 680 -688 0
-680 675 0
-680 679 0
-675 674 0
-675 302 0
-674 673 0
-674 235 0
-673 672 0
-673 213 0
-679 364 0
-679 678 0
-678 387 0
-678 677 0
-677 394 0
-677 676 0
-676 398 0
-676 -655 0
-688 683 0
-688 687 0
-683 682 0
-683 99 0
-682 681 0
-682 31 0
-681 672 0
-681 4 0
-687 167 0
-687 686 0
-686 193 0
-686 685 0
-685 201 0
-685 684 0
-684 206 0
-684 -655 0
-675 -679 680 0
-674 -302 675 0
-673 -235 674 0
-672 -213 673 0
-364 -678 679 0
-387 -677 678 0
-394 -676 677 0
-398 655 676 0
-683 -687 688 0
-682 -99 683 0
-681 -31 682 0
-672 -4 681 0
-167 -686 687 0
-193 -685 686 0
-201 -684 685 0
-206 655 684 0
2006 0
1 -2007 0
-5 -2007 0
-1 5 2007 0
9 -2008 0
-14 -2008 0
-9 14 2008 0
13 -2009 0
4 -2009 0
-13 -4 2009 0
18 -2010 0
-27 -2010 0
-18 27 2010 0
26 -2011 0
13 -2011 0
-26 -13 2011 0
35 -2012 0
-40 -2012 0
-35 40 2012 0
39 -2013 0
26 -2013 0
-39 -26 2013 0
48 -2014 0
-53 -2014 0
-48 53 2014 0
52 -2015 0
39 -2015 0
-52 -39 2015 0
44 -2016 0
22 -2016 0
-44 -22 2016 0
61 -2017 0
-70 -2017 0
-61 70 2017 0
57 -2018 0
31 -2018 0
-57 -31 2018 0
69 -2019 0
52 -2019 0
-69 -52 2019 0
44 -2020 0
82 -2020 0
-44 -82 2020 0
78 -2021 0
-91 -2021 0
-78 91 2021 0
69 -2022 0
90 -2022 0
-69 -90 2022 0
57 -2023 0
95 -2023 0
-57 -95 2023 0
-108 -2024 0
103 -2024 0
108 -103 2024 0
107 -2025 0
90 -2025 0
-107 -90 2025 0
-121 -2026 0
116 -2026 0
121 -116 2026 0
107 -2027 0
120 -2027 0
-107 -120 2027 0
112 -2028 0
82 -2028 0
-112 -82 2028 0
95 -2029 0
125 -2029 0
-95 -125 2029 0
-142 -2030 0
133 -2030 0
142 -133 2030 0
141 -2031 0
120 -2031 0
-141 -120 2031 0
112 -2032 0
146 -2032 0
-112 -146 2032 0
-159 -2033 0
154 -2033 0
159 -154 2033 0
158 -2034 0
141 -2034 0
-158 -141 2034 0
125 -2035 0
163 -2035 0
-125 -163 2035 0
-176 -2036 0
171 -2036 0
176 -171 2036 0
158 -2037 0
175 -2037 0
-158 -175 2037 0
-189 -2038 0
184 -2038 0
189 -184 2038 0
188 -2039 0
175 -2039 0
-188 -175 2039 0
-202 -2040 0
197 -2040 0
202 -197 2040 0
-5 -2041 0
210 -2041 0
5 -210 2041 0
-14 -2042 0
217 -2042 0
14 -217 2042 0
220 -2043 0
213 -2043 0
-220 -213 2043 0
-27 -2044 0
224 -2044 0
27 -224 2044 0
220 -2045 0
231 -2045 0
-220 -231 2045 0
-40 -2046 0
239 -2046 0
40 -239 2046 0
231 -2047 0
242 -2047 0
-231 -242 2047 0
250 -2048 0
-53 -2048 0
-250 53 2048 0
253 -2049 0
242 -2049 0
-253 -242 2049 0
246 -2050 0
227 -2050 0
-246 -227 2050 0
-70 -2051 0
261 -2051 0
70 -261 2051 0
79 -2052 0
213 -2052 0
-79 -213 2052 0
257 -2053 0
235 -2053 0
-257 -235 2053 0
253 -2054 0
268 -2054 0
-253 -268 2054 0
246 -2055 0
286 -2055 0
-246 -286 2055 0
-91 -2056 0
283 -2056 0
91 -283 2056 0
268 -2057 0
294 -2057 0
-268 -294 2057 0
257 -2058 0
298 -2058 0
-257 -298 2058 0
-108 -2059 0
306 -2059 0
108 -306 2059 0
294 -2060 0
309 -2060 0
-294 -309 2060 0
-121 -2061 0
317 -2061 0
121 -317 2061 0
320 -2062 0
309 -2062 0
-320 -309 2062 0
313 -2063 0
286 -2063 0
-313 -286 2063 0
324 -2064 0
298 -2064 0
-324 -298 2064 0
332 -2065 0
-142 -2065 0
-332 142 2065 0
320 -2066 0
339 -2066 0
-320 -339 2066 0
343 -2067 0
313 -2067 0
-343 -313 2067 0
351 -2068 0
-159 -2068 0
-351 159 2068 0
369 -2069 0
-176 -2069 0
-369 176 2069 0
372 -2070 0
357 -2070 0
-372 -357 2070 0
380 -2071 0
-189 -2071 0
-380 189 2071 0
372 -2072 0
383 -2072 0
-372 -383 2072 0
-202 -2073 0
391 -2073 0
202 -391 2073 0
5 -2074 0
210 -2074 0
-5 -210 2074 0
1 -2075 0
5 -2075 0
-1 -5 2075 0
10 -2076 0
213 -2076 0
-10 -213 2076 0
4 -2077 0
10 -2077 0
-4 -10 2077 0
14 -2078 0
217 -2078 0
-14 -217 2078 0
213 -2079 0
412 -2079 0
-213 -412 2079 0
9 -2080 0
14 -2080 0
-9 -14 2080 0
4 -2081 0
414 -2081 0
-4 -414 2081 0
19 -2082 0
213 -2082 0
-19 -213 2082 0
220 -2083 0
418 -2083 0
-220 -418 2083 0
4 -2084 0
19 -2084 0
-4 -19 2084 0
13 -2085 0
420 -2085 0
-13 -420 2085 0
27 -2086 0
224 -2086 0
-27 -224 2086 0
227 -2087 0
424 -2087 0
-227 -424 2087 0
18 -2088 0
27 -2088 0
-18 -27 2088 0
22 -2089 0
426 -2089 0
-22 -426 2089 0
36 -2090 0
213 -2090 0
-36 -213 2090 0
235 -2091 0
430 -2091 0
-235 -430 2091 0
4 -2092 0
36 -2092 0
-4 -36 2092 0
31 -2093 0
432 -2093 0
-31 -432 2093 0
40 -2094 0
239 -2094 0
-40 -239 2094 0
231 -2095 0
436 -2095 0
-231 -436 2095 0
227 -2096 0
437 -2096 0
-227 -437 2096 0
35 -2097 0
40 -2097 0
-35 -40 2097 0
26 -2098 0
439 -2098 0
-26 -439 2098 0
22 -2099 0
440 -2099 0
-22 -440 2099 0
49 -2100 0
213 -2100 0
-49 -213 2100 0
242 -2101 0
444 -2101 0
-242 -444 2101 0
235 -2102 0
445 -2102 0
-235 -445 2102 0
4 -2103 0
49 -2103 0
-4 -49 2103 0
39 -2104 0
447 -2104 0
-39 -447 2104 0
31 -2105 0
448 -2105 0
-31 -448 2105 0
250 -2106 0
53 -2106 0
-250 -53 2106 0
227 -2107 0
452 -2107 0
-227 -452 2107 0
246 -2108 0
453 -2108 0
-246 -453 2108 0
48 -2109 0
53 -2109 0
-48 -53 2109 0
22 -2110 0
455 -2110 0
-22 -455 2110 0
44 -2111 0
456 -2111 0
-44 -456 2111 0
62 -2112 0
213 -2112 0
-62 -213 2112 0
235 -2113 0
460 -2113 0
-235 -460 2113 0
257 -2114 0
461 -2114 0
-257 -461 2114 0
62 -2115 0
4 -2115 0
-62 -4 2115 0
31 -2116 0
463 -2116 0
-31 -463 2116 0
57 -2117 0
464 -2117 0
-57 -464 2117 0
70 -2118 0
261 -2118 0
-70 -261 2118 0
253 -2119 0
468 -2119 0
-253 -468 2119 0
264 -2120 0
469 -2120 0
-264 -469 2120 0
61 -2121 0
70 -2121 0
-61 -70 2121 0
52 -2122 0
471 -2122 0
-52 -471 2122 0
65 -2123 0
472 -2123 0
-65 -472 2123 0
79 -2124 0
4 -2124 0
-79 -4 2124 0
69 -2125 0
478 -2125 0
-69 -478 2125 0
74 -2126 0
479 -2126 0
-74 -479 2126 0
91 -2127 0
283 -2127 0
-91 -283 2127 0
227 -2128 0
483 -2128 0
-227 -483 2128 0
290 -2129 0
484 -2129 0
-290 -484 2129 0
78 -2130 0
91 -2130 0
-78 -91 2130 0
22 -2131 0
486 -2131 0
-22 -486 2131 0
86 -2132 0
487 -2132 0
-86 -487 2132 0
104 -2133 0
213 -2133 0
-104 -213 2133 0
235 -2134 0
491 -2134 0
-235 -491 2134 0
302 -2135 0
492 -2135 0
-302 -492 2135 0
104 -2136 0
4 -2136 0
-104 -4 2136 0
31 -2137 0
494 -2137 0
-31 -494 2137 0
99 -2138 0
495 -2138 0
-99 -495 2138 0
108 -2139 0
306 -2139 0
-108 -306 2139 0
294 -2140 0
499 -2140 0
-294 -499 2140 0
286 -2141 0
500 -2141 0
-286 -500 2141 0
264 -2142 0
501 -2142 0
-264 -501 2142 0
108 -2143 0
103 -2143 0
-108 -103 2143 0
90 -2144 0
503 -2144 0
-90 -503 2144 0
82 -2145 0
504 -2145 0
-82 -504 2145 0
65 -2146 0
505 -2146 0
-65 -505 2146 0
117 -2147 0
213 -2147 0
-117 -213 2147 0
309 -2148 0
509 -2148 0
-309 -509 2148 0
298 -2149 0
510 -2149 0
-298 -510 2149 0
279 -2150 0
511 -2150 0
-279 -511 2150 0
117 -2151 0
4 -2151 0
-117 -4 2151 0
107 -2152 0
513 -2152 0
-107 -513 2152 0
95 -2153 0
514 -2153 0
-95 -514 2153 0
74 -2154 0
515 -2154 0
-74 -515 2154 0
121 -2155 0
317 -2155 0
-121 -317 2155 0
227 -2156 0
519 -2156 0
-227 -519 2156 0
313 -2157 0
520 -2157 0
-313 -520 2157 0
290 -2158 0
521 -2158 0
-290 -521 2158 0
121 -2159 0
116 -2159 0
-121 -116 2159 0
22 -2160 0
523 -2160 0
-22 -523 2160 0
112 -2161 0
524 -2161 0
-112 -524 2161 0
86 -2162 0
525 -2162 0
-86 -525 2162 0
134 -2163 0
213 -2163 0
-134 -213 2163 0
235 -2164 0
529 -2164 0
-235 -529 2164 0
324 -2165 0
530 -2165 0
-324 -530 2165 0
302 -2166 0
531 -2166 0
-302 -531 2166 0
134 -2167 0
4 -2167 0
-134 -4 2167 0
31 -2168 0
533 -2168 0
-31 -533 2168 0
125 -2169 0
534 -2169 0
-125 -534 2169 0
99 -2170 0
535 -2170 0
-99 -535 2170 0
332 -2171 0
142 -2171 0
-332 -142 2171 0
320 -2172 0
539 -2172 0
-320 -539 2172 0
264 -2173 0
540 -2173 0
-264 -540 2173 0
328 -2174 0
541 -2174 0
-328 -541 2174 0
142 -2175 0
133 -2175 0
-142 -133 2175 0
120 -2176 0
543 -2176 0
-120 -543 2176 0
65 -2177 0
544 -2177 0
-65 -544 2177 0
129 -2178 0
545 -2178 0
-129 -545 2178 0
155 -2179 0
213 -2179 0
-155 -213 2179 0
339 -2180 0
549 -2180 0
-339 -549 2180 0
279 -2181 0
550 -2181 0
-279 -550 2181 0
335 -2182 0
551 -2182 0
-335 -551 2182 0
155 -2183 0
4 -2183 0
-155 -4 2183 0
141 -2184 0
553 -2184 0
-141 -553 2184 0
74 -2185 0
554 -2185 0
-74 -554 2185 0
137 -2186 0
555 -2186 0
-137 -555 2186 0
351 -2187 0
159 -2187 0
-351 -159 2187 0
227 -2188 0
559 -2188 0
-227 -559 2188 0
290 -2189 0
560 -2189 0
-290 -560 2189 0
347 -2190 0
561 -2190 0
-347 -561 2190 0
159 -2191 0
154 -2191 0
-159 -154 2191 0
22 -2192 0
563 -2192 0
-22 -563 2192 0
86 -2193 0
564 -2193 0
-86 -564 2193 0
150 -2194 0
565 -2194 0
-150 -565 2194 0
172 -2195 0
213 -2195 0
-172 -213 2195 0
235 -2196 0
569 -2196 0
-235 -569 2196 0
302 -2197 0
570 -2197 0
-302 -570 2197 0
364 -2198 0
571 -2198 0
-364 -571 2198 0
172 -2199 0
4 -2199 0
-172 -4 2199 0
31 -2200 0
573 -2200 0
-31 -573 2200 0
99 -2201 0
574 -2201 0
-99 -574 2201 0
167 -2202 0
575 -2202 0
-167 -575 2202 0
369 -2203 0
176 -2203 0
-369 -176 2203 0
357 -2204 0
579 -2204 0
-357 -579 2204 0
343 -2205 0
580 -2205 0
-343 -580 2205 0
328 -2206 0
264 -2206 0
-328 -264 2206 0
581 -2207 0
582 -2207 0
-581 -582 2207 0
176 -2208 0
171 -2208 0
-176 -171 2208 0
158 -2209 0
584 -2209 0
-158 -584 2209 0
146 -2210 0
585 -2210 0
-146 -585 2210 0
65 -2211 0
129 -2211 0
-65 -129 2211 0
586 -2212 0
587 -2212 0
-586 -587 2212 0
185 -2213 0
213 -2213 0
-185 -213 2213 0
372 -2214 0
591 -2214 0
-372 -591 2214 0
335 -2215 0
279 -2215 0
-335 -279 2215 0
593 -2216 0
594 -2216 0
-593 -594 2216 0
185 -2217 0
4 -2217 0
-185 -4 2217 0
175 -2218 0
596 -2218 0
-175 -596 2218 0
163 -2219 0
597 -2219 0
-163 -597 2219 0
74 -2220 0
137 -2220 0
-74 -137 2220 0
598 -2221 0
599 -2221 0
-598 -599 2221 0
380 -2222 0
189 -2222 0
-380 -189 2222 0
227 -2223 0
603 -2223 0
-227 -603 2223 0
376 -2224 0
604 -2224 0
-376 -604 2224 0
347 -2225 0
290 -2225 0
-347 -290 2225 0
605 -2226 0
606 -2226 0
-605 -606 2226 0
189 -2227 0
184 -2227 0
-189 -184 2227 0
22 -2228 0
608 -2228 0
-22 -608 2228 0
180 -2229 0
609 -2229 0
-180 -609 2229 0
86 -2230 0
150 -2230 0
-86 -150 2230 0
610 -2231 0
611 -2231 0
-610 -611 2231 0
198 -2232 0
213 -2232 0
-198 -213 2232 0
235 -2233 0
615 -2233 0
-235 -615 2233 0
387 -2234 0
616 -2234 0
-387 -616 2234 0
364 -2235 0
302 -2235 0
-364 -302 2235 0
617 -2236 0
618 -2236 0
-617 -618 2236 0
198 -2237 0
4 -2237 0
-198 -4 2237 0
31 -2238 0
620 -2238 0
-31 -620 2238 0
193 -2239 0
621 -2239 0
-193 -621 2239 0
99 -2240 0
167 -2240 0
-99 -167 2240 0
622 -2241 0
623 -2241 0
-622 -623 2241 0
202 -2242 0
391 -2242 0
-202 -391 2242 0
383 -2243 0
627 -2243 0
-383 -627 2243 0
264 -2244 0
628 -2244 0
-264 -628 2244 0
343 -2245 0
376 -2245 0
-343 -376 2245 0
328 -2246 0
630 -2246 0
-328 -630 2246 0
629 -2247 0
631 -2247 0
-629 -631 2247 0
202 -2248 0
197 -2248 0
-202 -197 2248 0
188 -2249 0
633 -2249 0
-188 -633 2249 0
65 -2250 0
634 -2250 0
-65 -634 2250 0
180 -2251 0
146 -2251 0
-180 -146 2251 0
129 -2252 0
636 -2252 0
-129 -636 2252 0
635 -2253 0
637 -2253 0
-635 -637 2253 0
207 -2254 0
213 -2254 0
-207 -213 2254 0
394 -2255 0
641 -2255 0
-394 -641 2255 0
279 -2256 0
642 -2256 0
-279 -642 2256 0
335 -2257 0
644 -2257 0
-335 -644 2257 0
643 -2258 0
645 -2258 0
-643 -645 2258 0
207 -2259 0
4 -2259 0
-207 -4 2259 0
201 -2260 0
647 -2260 0
-201 -647 2260 0
74 -2261 0
648 -2261 0
-74 -648 2261 0
193 -2262 0
163 -2262 0
-193 -163 2262 0
137 -2263 0
650 -2263 0
-137 -650 2263 0
649 -2264 0
651 -2264 0
-649 -651 2264 0
398 -2265 0
655 -2265 0
-398 -655 2265 0
227 -2266 0
656 -2266 0
-227 -656 2266 0
290 -2267 0
-657 -2267 0
-290 657 2267 0
-290 -2268 0
657 -2268 0
290 -657 2268 0
-2267 -2269 0
-2268 -2269 0
2267 2268 2269 0
383 -2270 0
394 -2270 0
-383 -394 2270 0
376 -2271 0
659 -2271 0
-376 -659 2271 0
347 -2272 0
660 -2272 0
-347 -660 2272 0
658 -2273 0
661 -2273 0
-658 -661 2273 0
655 -2274 0
206 -2274 0
-655 -206 2274 0
22 -2275 0
663 -2275 0
-22 -663 2275 0
86 -2276 0
664 -2276 0
-86 -664 2276 0
201 -2277 0
188 -2277 0
-201 -188 2277 0
180 -2278 0
666 -2278 0
-180 -666 2278 0
150 -2279 0
667 -2279 0
-150 -667 2279 0
665 -2280 0
668 -2280 0
-665 -668 2280 0
672 -2281 0
213 -2281 0
-672 -213 2281 0
235 -2282 0
673 -2282 0
-235 -673 2282 0
302 -2283 0
674 -2283 0
-302 -674 2283 0
398 -2284 0
-655 -2284 0
-398 655 2284 0
394 -2285 0
676 -2285 0
-394 -676 2285 0
387 -2286 0
677 -2286 0
-387 -677 2286 0
364 -2287 0
678 -2287 0
-364 -678 2287 0
675 -2288 0
679 -2288 0
-675 -679 2288 0
4 -2289 0
672 -2289 0
-4 -672 2289 0
31 -2290 0
681 -2290 0
-31 -681 2290 0
99 -2291 0
682 -2291 0
-99 -682 2291 0
-655 -2292 0
206 -2292 0
655 -206 2292 0
201 -2293 0
684 -2293 0
-201 -684 2293 0
193 -2294 0
685 -2294 0
-193 -685 2294 0
167 -2295 0
686 -2295 0
-167 -686 2295 0
683 -2296 0
687 -2296 0
-683 -687 2296 0
