c defined variables: 8 10 18 31 32 33 34 36 37 38 39 40 41 51 52 53 54 56 57 58 59 65 66 67 68 71 72 73 74 75 76 77 78 81 82 83 85 86 87 88 89 90 91 103 104 105 106 108 109 110 111 112 113 114 117 118 119 120 121 124 125 126 127 128 129 130 131 132 133 134 135 136 137 140 141 142 144 145 146 147 148 161 162 163 164 166 167 168 169 170 171 172 173 174 180 181 182 183 185 186 187 188 190 191 192 193 194 195 196 197 198 199 200 201 202 203 205 206 207 208 209 210 211 212 213 214 215 216 217 218 219 220 221 222 223 224 225 226 227 228 229 230 231 232 233 235 236 237 239 240 241 242 251 252 253 254 256 257 258 259 260 261 262 263 264 265 267 268 269 270 272 273 274 275 277 278 279 280 281 283 284 285 286 287 288 289 291 292 293 294 295 296 297 298 299 300 301 302 303 304 305 306 307 309 310 311 312 313 315 316 317 318 319 320 321 322 323 324 325 327 328 329 330 331 333 334 335 336 337 339 340 341 342 343 345 346 347 348 349 350 351 352 353 354 355 357 358 359 360 361 362 363 364 365 366 367 368 369 370 371 372 373 375 376 377 378 379 381 382 383 384 385 386 387 388 389 390 391 392 393 394 395 396 397 399 400 401 402 403 404 405 406 
p cnf 2037 2884
a 1 2 3 4 5 6 7 0
e 13 15 17 22 23 26 27 30 35 44 45 47 48 50 55 63 64 70 80 94 95 98 99 102 107 116 123 139 152 153 156 157 160 165 175 176 177 178 179 184 234 244 245 247 248 250 255 266 271 282 290 308 314 326 332 338 344 356 374 380 398 8 10 18 31 32 33 34 36 37 38 39 40 41 51 52 53 54 56 57 58 59 65 66 67 68 71 72 73 74 75 76 77 78 81 82 83 85 86 87 88 89 90 91 103 104 105 106 108 109 110 111 112 113 114 117 118 119 120 121 124 125 126 127 128 129 130 131 132 133 134 135 136 137 140 141 142 144 145 146 147 148 161 162 163 164 166 167 168 169 170 171 172 173 174 180 181 182 183 185 186 187 188 190 191 192 193 194 195 196 197 198 199 200 201 202 203 205 206 207 208 209 210 211 212 213 214 215 216 217 218 219 220 221 222 223 224 225 226 227 228 229 230 231 232 233 235 236 237 239 240 241 242 251 252 253 254 256 257 258 259 260 261 262 263 264 265 267 268 269 270 272 273 274 275 277 278 279 280 281 283 284 285 286 287 288 289 291 292 293 294 295 296 297 298 299 300 301 302 303 304 305 306 307 309 310 311 312 313 315 316 317 318 319 320 321 322 323 324 325 327 328 329 330 331 333 334 335 336 337 339 340 341 342 343 345 346 347 348 349 350 351 352 353 354 355 357 358 359 360 361 362 363 364 365 366 367 368 369 370 371 372 373 375 376 377 378 379 381 382 383 384 385 386 387 388 389 390 391 392 393 394 395 396 397 399 400 401 402 403 404 405 406 1702 1703 1704 1705 1706 1707 1708 1709 1710 1711 1712 1713 1714 1715 1716 1717 1718 1719 1720 1721 1722 1723 1724 1725 1726 1727 1728 1729 1730 1731 1732 1733 1734 1735 1736 1737 1738 1739 1740 1741 1742 1743 1744 1745 1746 1747 1748 1749 1750 1751 1752 1753 1754 1755 1756 1757 1758 1759 1760 1761 1762 1763 1764 1765 1766 1767 1768 1769 1770 1771 1772 1773 1774 1775 1776 1777 1778 1779 1780 1781 1782 1783 1784 1785 1786 1787 1788 1789 1790 1791 1792 1793 1794 1795 1796 1797 1798 1799 1800 1801 1802 1803 1804 1805 1806 1807 1808 1809 1810 1811 1812 1813 1814 1815 1816 1817 1818 1819 1820 1821 1822 1823 1824 1825 1826 1827 1828 1829 1830 1831 1832 1833 1834 1835 1836 1837 1838 1839 1840 1841 1842 1843 1844 1845 1846 1847 1848 1849 1850 1851 1852 1853 1854 1855 1856 1857 1858 1859 1860 1861 1862 1863 1864 1865 1866 1867 1868 1869 1870 1871 1872 1873 1874 1875 1876 1877 1878 1879 1880 1881 1882 1883 1884 1885 1886 1887 1888 1889 1890 1891 1892 1893 1894 1895 1896 1897 1898 1899 1900 1901 1902 1903 1904 1905 1906 1907 1908 1909 1910 1911 1912 1913 1914 1915 1916 1917 1918 1919 1920 1921 1922 1923 1924 1925 1926 1927 1928 1929 1930 1931 1932 1933 1934 1935 1936 1937 1938 1939 1940 1941 1942 1943 1944 1945 1946 1947 1948 1949 1950 1951 1952 1953 1954 1955 1956 1957 1958 1959 1960 1961 1962 1963 1964 1965 1966 1967 1968 1969 1970 1971 1972 1973 1974 1975 1976 1977 1978 1979 1980 1981 1982 1983 1984 1985 1986 1987 1988 1989 1990 1991 1992 1993 1994 1995 1996 1997 1998 1999 2000 2001 2002 2003 2004 2005 2006 2007 2008 2009 2010 2011 2012 2013 2014 2015 2016 2017 2018 2019 2020 2021 2022 2023 2024 2025 2026 2027 2028 2029 2030 2031 2032 2033 2034 2035 2036 2037 0
d 61 1 2 3 7 0
d 62 1 2 3 7 0
d 12 1 2 3 7 0
d 14 1 2 3 7 0
d 16 1 2 3 7 0
d 189 1 2 3 0
d 243 1 2 3 0
d 93 1 2 3 0
d 9 1 2 3 0
d 11 1 2 3 0
d 60 1 2 3 0
d 115 4 5 6 0
d 151 1 2 3 0
d 79 4 5 6 0
d 100 4 5 6 0
d 276 1 2 3 0
d 29 1 2 3 0
d 43 4 5 6 0
d 122 4 5 6 0
d 246 1 2 3 0
d 204 1 2 3 0
d 249 1 2 3 0
d 24 4 5 6 0
d 25 1 2 3 0
d 49 4 5 6 0
d 101 1 2 3 0
d 69 4 5 6 0
d 92 4 5 6 0
d 149 4 5 6 0
d 96 4 5 6 0
d 159 1 2 3 0
d 150 4 5 6 0
d 138 4 5 6 0
d 143 1 2 3 0
d 154 4 5 6 0
d 42 4 5 6 0
d 84 1 2 3 0
d 155 1 2 3 0
d 20 4 5 6 0
d 97 1 2 3 0
d 238 1 2 3 0
d 158 4 5 6 0
d 19 4 5 6 0
d 46 4 5 6 0
d 28 4 5 6 0
d 21 1 2 3 0
1704 -8 0
-1704 8 0
1702 -10 0
-1702 10 0
1706 -18 0
-1706 18 0
1707 -31 0
-1707 31 0
-1708 -32 0
1708 32 0
1709 -33 0
-1709 33 0
-1710 -34 0
1710 34 0
-1711 -36 0
1711 36 0
-1712 -37 0
1712 37 0
13 -38 0
-13 38 0
15 -39 0
-15 39 0
17 -40 0
-17 40 0
1714 -41 0
-1714 41 0
1715 -51 0
-1715 51 0
-1716 -52 0
1716 52 0
1717 -53 0
-1717 53 0
-1718 -54 0
1718 54 0
-1719 -56 0
1719 56 0
-1720 -57 0
1720 57 0
1721 -58 0
-1721 58 0
1702 -59 0
-1702 59 0
13 -65 0
-13 65 0
15 -66 0
-15 66 0
-1724 -67 0
1724 67 0
1726 -68 0
-1726 68 0
-1727 -71 0
1727 71 0
1729 -72 0
-1729 72 0
1731 -73 0
-1731 73 0
-1732 -74 0
1732 74 0
13 -75 0
-13 75 0
15 -76 0
-15 76 0
17 -77 0
-17 77 0
1734 -78 0
-1734 78 0
-1735 -81 0
1735 81 0
1736 -82 0
-1736 82 0
1702 -83 0
-1702 83 0
1729 -85 0
-1729 85 0
1731 -86 0
-1731 86 0
-1737 -87 0
1737 87 0
1740 -88 0
-1740 88 0
1743 -89 0
-1743 89 0
-1745 -90 0
1745 90 0
1747 -91 0
-1747 91 0
1748 -103 0
-1748 103 0
-1749 -104 0
1749 104 0
1750 -105 0
-1750 105 0
-1751 -106 0
1751 106 0
-1752 -108 0
1752 108 0
-1753 -109 0
1753 109 0
1702 -110 0
-1702 110 0
1755 -111 0
-1755 111 0
1757 -112 0
-1757 112 0
-1759 -113 0
1759 113 0
1761 -114 0
-1761 114 0
1762 -117 0
-1762 117 0
1755 -118 0
-1755 118 0
1757 -119 0
-1757 119 0
17 -120 0
-17 120 0
1764 -121 0
-1764 121 0
-1765 -124 0
1765 124 0
63 -125 0
-63 125 0
-1766 -126 0
1766 126 0
1768 -127 0
-1768 127 0
1770 -128 0
-1770 128 0
1773 -129 0
-1773 129 0
1775 -130 0
-1775 130 0
1778 -131 0
-1778 131 0
-1779 -132 0
1779 132 0
117 -133 0
-117 133 0
1781 -134 0
-1781 134 0
1784 -135 0
-1784 135 0
17 -136 0
-17 136 0
1786 -137 0
-1786 137 0
-1787 -140 0
1787 140 0
1790 -141 0
-1790 141 0
1702 -142 0
-1702 142 0
1791 -144 0
-1791 144 0
1740 -145 0
-1740 145 0
1793 -146 0
-1793 146 0
-1759 -147 0
1759 147 0
1795 -148 0
-1795 148 0
1796 -161 0
-1796 161 0
-1797 -162 0
1797 162 0
1798 -163 0
-1798 163 0
-1799 -164 0
1799 164 0
-1800 -166 0
1800 166 0
-1801 -167 0
1801 167 0
1729 -168 0
-1729 168 0
1731 -169 0
-1731 169 0
-1802 -170 0
1802 170 0
1781 -171 0
-1781 171 0
1784 -172 0
-1784 172 0
147 -173 0
-147 173 0
1804 -174 0
-1804 174 0
1805 -180 0
-1805 180 0
-1806 -181 0
1806 181 0
1807 -182 0
-1807 182 0
-1808 -183 0
1808 183 0
-1809 -185 0
1809 185 0
-1810 -186 0
1810 186 0
1811 -187 0
-1811 187 0
1702 -188 0
-1702 188 0
117 -190 0
-117 190 0
1740 -191 0
-1740 191 0
1793 -192 0
-1793 192 0
-1813 -193 0
1813 193 0
1815 -194 0
-1815 194 0
1821 -195 0
-1821 195 0
-1822 -196 0
1822 196 0
1740 -197 0
-1740 197 0
1824 -198 0
-1824 198 0
-1826 -199 0
1826 199 0
1828 -200 0
-1828 200 0
1831 -201 0
-1831 201 0
1832 -202 0
-1832 202 0
1702 -203 0
-1702 203 0
1729 -205 0
-1729 205 0
1731 -206 0
-1731 206 0
-1833 -207 0
1833 207 0
1740 -208 0
-1740 208 0
1835 -209 0
-1835 209 0
17 -210 0
-17 210 0
1837 -211 0
-1837 211 0
1840 -212 0
-1840 212 0
-1841 -213 0
1841 213 0
117 -214 0
-117 214 0
1740 -215 0
-1740 215 0
1843 -216 0
-1843 216 0
17 -217 0
-17 217 0
1845 -218 0
-1845 218 0
1855 -219 0
-1855 219 0
-1856 -220 0
1856 220 0
63 -221 0
-63 221 0
-1857 -222 0
1857 222 0
1740 -223 0
-1740 223 0
1859 -224 0
-1859 224 0
-1860 -225 0
1860 225 0
1862 -226 0
-1862 226 0
1871 -227 0
-1871 227 0
-1872 -228 0
1872 228 0
1873 -229 0
-1873 229 0
1740 -230 0
-1740 230 0
1859 -231 0
-1859 231 0
-1874 -232 0
1874 232 0
1876 -233 0
-1876 233 0
-1877 -235 0
1877 235 0
1880 -236 0
-1880 236 0
1702 -237 0
-1702 237 0
1882 -239 0
-1882 239 0
1884 -240 0
-1884 240 0
-1860 -241 0
1860 241 0
1886 -242 0
-1886 242 0
1887 -251 0
-1887 251 0
-1888 -252 0
1888 252 0
1889 -253 0
-1889 253 0
-1890 -254 0
1890 254 0
-1891 -256 0
1891 256 0
-1892 -257 0
1892 257 0
1894 -258 0
-1894 258 0
1859 -259 0
-1859 259 0
1896 -260 0
-1896 260 0
1898 -261 0
-1898 261 0
-1906 -262 0
1906 262 0
1913 -263 0
-1913 263 0
1921 -264 0
-1921 264 0
1933 -265 0
-1933 265 0
1934 -267 0
-1934 267 0
-1935 -268 0
1935 268 0
1936 -269 0
-1936 269 0
-1937 -270 0
1937 270 0
-1938 -272 0
1938 272 0
-1939 -273 0
1939 273 0
1940 -274 0
-1940 274 0
1702 -275 0
-1702 275 0
117 -277 0
-117 277 0
258 -278 0
-258 278 0
1884 -279 0
-1884 279 0
-1860 -280 0
1860 280 0
1942 -281 0
-1942 281 0
-1943 -283 0
1943 283 0
1702 -284 0
-1702 284 0
1702 -285 0
-1702 285 0
1946 -286 0
-1946 286 0
1949 -287 0
-1949 287 0
1952 -288 0
-1952 288 0
1954 -289 0
-1954 289 0
1702 -291 0
-1702 291 0
1946 -292 0
-1946 292 0
1949 -293 0
-1949 293 0
1952 -294 0
-1952 294 0
1956 -295 0
-1956 295 0
263 -296 0
-263 296 0
1702 -297 0
-1702 297 0
1946 -298 0
-1946 298 0
1949 -299 0
-1949 299 0
1952 -300 0
-1952 300 0
1958 -301 0
-1958 301 0
-1976 -302 0
1976 302 0
1702 -303 0
-1702 303 0
1946 -304 0
-1946 304 0
1949 -305 0
-1949 305 0
1952 -306 0
-1952 306 0
1978 -307 0
-1978 307 0
1702 -309 0
-1702 309 0
1946 -310 0
-1946 310 0
1949 -311 0
-1949 311 0
1952 -312 0
-1952 312 0
1980 -313 0
-1980 313 0
1702 -315 0
-1702 315 0
1946 -316 0
-1946 316 0
1949 -317 0
-1949 317 0
1952 -318 0
-1952 318 0
1982 -319 0
-1982 319 0
1983 -320 0
-1983 320 0
1702 -321 0
-1702 321 0
1946 -322 0
-1946 322 0
1949 -323 0
-1949 323 0
1952 -324 0
-1952 324 0
1985 -325 0
-1985 325 0
1702 -327 0
-1702 327 0
1946 -328 0
-1946 328 0
1949 -329 0
-1949 329 0
1952 -330 0
-1952 330 0
1987 -331 0
-1987 331 0
1702 -333 0
-1702 333 0
1946 -334 0
-1946 334 0
1949 -335 0
-1949 335 0
1952 -336 0
-1952 336 0
1989 -337 0
-1989 337 0
1702 -339 0
-1702 339 0
1946 -340 0
-1946 340 0
1949 -341 0
-1949 341 0
1952 -342 0
-1952 342 0
1991 -343 0
-1991 343 0
1702 -345 0
-1702 345 0
1946 -346 0
-1946 346 0
1949 -347 0
-1949 347 0
1952 -348 0
-1952 348 0
1993 -349 0
-1993 349 0
1994 -350 0
-1994 350 0
1702 -351 0
-1702 351 0
1946 -352 0
-1946 352 0
1949 -353 0
-1949 353 0
1952 -354 0
-1952 354 0
1996 -355 0
-1996 355 0
1702 -357 0
-1702 357 0
1946 -358 0
-1946 358 0
1949 -359 0
-1949 359 0
1952 -360 0
-1952 360 0
1998 -361 0
-1998 361 0
266 -362 0
-266 362 0
1702 -363 0
-1702 363 0
1946 -364 0
-1946 364 0
1949 -365 0
-1949 365 0
1952 -366 0
-1952 366 0
2000 -367 0
-2000 367 0
2001 -368 0
-2001 368 0
1702 -369 0
-1702 369 0
1946 -370 0
-1946 370 0
1949 -371 0
-1949 371 0
1952 -372 0
-1952 372 0
2003 -373 0
-2003 373 0
1702 -375 0
-1702 375 0
1946 -376 0
-1946 376 0
1949 -377 0
-1949 377 0
1952 -378 0
-1952 378 0
2005 -379 0
-2005 379 0
1702 -381 0
-1702 381 0
1946 -382 0
-1946 382 0
1949 -383 0
-1949 383 0
1952 -384 0
-1952 384 0
2007 -385 0
-2007 385 0
2008 -386 0
-2008 386 0
1702 -387 0
-1702 387 0
1946 -388 0
-1946 388 0
1949 -389 0
-1949 389 0
1952 -390 0
-1952 390 0
2010 -391 0
-2010 391 0
-2032 -392 0
2032 392 0
1702 -393 0
-1702 393 0
1946 -394 0
-1946 394 0
1949 -395 0
-1949 395 0
1952 -396 0
-1952 396 0
2034 -397 0
-2034 397 0
1702 -399 0
-1702 399 0
1946 -400 0
-1946 400 0
1949 -401 0
-1949 401 0
1952 -402 0
-1952 402 0
2036 -403 0
-2036 403 0
2037 -404 0
-2037 404 0
1702 -405 0
-1702 405 0
1702 -406 0
-1702 406 0
-8 -1 0
-8 -2 0
-8 -3 0
8 1 2 3 0
8 10 0
-9 10 0
-10 -8 9 0
-13 4 -12 0
-13 -4 12 0
13 4 12 0
13 -4 -12 0
-15 5 -14 0
-15 -5 14 0
15 5 14 0
15 -5 -14 0
-17 6 -16 0
-17 -6 16 0
17 6 16 0
17 -6 -16 0
-18 13 0
-18 15 0
-18 17 0
18 -13 -15 -17 0
-22 20 0
-22 -21 0
22 -20 21 0
-23 20 -21 0
-23 -20 21 0
23 20 21 0
23 -20 -21 0
-26 24 0
-26 -25 0
26 -24 25 0
-27 24 -25 0
-27 -24 25 0
27 24 25 0
27 -24 -25 0
-30 28 0
-30 -29 0
30 -28 29 0
-31 27 0
-31 30 0
31 -27 -30 0
-26 32 0
-31 32 0
-32 26 31 0
-33 23 0
-33 32 0
33 -23 -32 0
-22 34 0
-33 34 0
-34 22 33 0
-35 19 0
-35 34 0
35 -19 -34 0
18 36 0
-35 36 0
-36 -18 35 0
7 37 0
-36 37 0
-37 -7 36 0
-38 4 -12 0
-38 -4 12 0
38 4 12 0
38 -4 -12 0
-39 5 -14 0
-39 -5 14 0
39 5 14 0
39 -5 -14 0
-40 6 -16 0
-40 -6 16 0
40 6 16 0
40 -6 -16 0
-41 38 0
-41 39 0
-41 40 0
41 -38 -39 -40 0
-44 43 0
-44 -21 0
44 -43 21 0
-45 43 -21 0
-45 -43 21 0
45 43 21 0
45 -43 -21 0
-47 46 0
-47 -25 0
47 -46 25 0
-48 46 -25 0
-48 -46 25 0
48 46 25 0
48 -46 -25 0
-50 49 -29 0
-50 -49 29 0
50 49 29 0
50 -49 -29 0
-51 48 0
-51 50 0
51 -48 -50 0
-47 52 0
-51 52 0
-52 47 51 0
-53 45 0
-53 52 0
53 -45 -52 0
-44 54 0
-53 54 0
-54 44 53 0
-55 42 0
-55 54 0
55 -42 -54 0
41 56 0
-55 56 0
-56 -41 55 0
-7 57 0
-56 57 0
-57 7 56 0
-58 37 0
-58 57 0
58 -37 -57 0
11 59 0
-58 59 0
-59 -11 58 0
-63 61 0
-63 -62 0
63 -61 62 0
61 64 0
-63 64 0
-64 -61 63 0
-65 4 -12 0
-65 -4 12 0
65 4 12 0
65 -4 -12 0
-66 5 -14 0
-66 -5 14 0
66 5 14 0
66 -5 -14 0
-67 6 -16 0
-67 -6 16 0
67 6 16 0
67 -6 -16 0
-68 65 0
-68 66 0
-68 67 0
68 -65 -66 -67 0
68 70 0
-69 70 0
-70 -68 69 0
64 71 0
-70 71 0
-71 -64 70 0
-72 -61 0
-72 -7 0
72 61 7 0
-73 61 0
-73 -62 0
-73 -7 0
73 -61 62 7 0
-72 74 0
-73 74 0
-74 72 73 0
-75 4 -12 0
-75 -4 12 0
75 4 12 0
75 -4 -12 0
-76 5 -14 0
-76 -5 14 0
76 5 14 0
76 -5 -14 0
-77 6 -16 0
-77 -6 16 0
77 6 16 0
77 -6 -16 0
-78 75 0
-78 76 0
-78 77 0
78 -75 -76 -77 0
78 80 0
-79 80 0
-80 -78 79 0
74 81 0
-80 81 0
-81 -74 80 0
-82 71 0
-82 81 0
82 -71 -81 0
60 83 0
-82 83 0
-83 -60 82 0
-85 -61 0
-85 -7 0
85 61 7 0
-86 61 0
-86 -62 0
-86 -7 0
86 -61 62 7 0
-85 87 0
-86 87 0
-87 85 86 0
-88 4 -12 0
-88 -4 12 0
88 4 12 0
88 -4 -12 0
-89 5 -14 0
-89 -5 14 0
89 5 14 0
89 -5 -14 0
-90 6 -16 0
-90 -6 16 0
90 6 16 0
90 -6 -16 0
-91 88 0
-91 89 0
-91 90 0
91 -88 -89 -90 0
-94 92 0
-94 -93 0
94 -92 93 0
-95 92 -93 0
-95 -92 93 0
95 92 93 0
95 -92 -93 0
-98 96 0
-98 -97 0
98 -96 97 0
-99 96 -97 0
-99 -96 97 0
99 96 97 0
99 -96 -97 0
-102 100 0
-102 -101 0
102 -100 101 0
-103 99 0
-103 102 0
103 -99 -102 0
-98 104 0
-103 104 0
-104 98 103 0
-105 95 0
-105 104 0
105 -95 -104 0
-94 106 0
-105 106 0
-106 94 105 0
-107 79 0
-107 106 0
107 -79 -106 0
91 108 0
-107 108 0
-108 -91 107 0
87 109 0
-108 109 0
-109 -87 108 0
84 110 0
-109 110 0
-110 -84 109 0
-111 4 -12 0
-111 -4 12 0
111 4 12 0
111 -4 -12 0
-112 5 -14 0
-112 -5 14 0
112 5 14 0
112 -5 -14 0
-113 6 -16 0
-113 -6 16 0
113 6 16 0
113 -6 -16 0
-114 111 0
-114 112 0
-114 113 0
114 -111 -112 -113 0
114 116 0
-115 116 0
-116 -114 115 0
-117 61 0
-117 62 0
117 -61 -62 0
-118 4 -12 0
-118 -4 12 0
118 4 12 0
118 -4 -12 0
-119 5 -14 0
-119 -5 14 0
119 5 14 0
119 -5 -14 0
-120 6 -16 0
-120 -6 16 0
120 6 16 0
120 -6 -16 0
-121 118 0
-121 119 0
-121 120 0
121 -118 -119 -120 0
121 123 0
-122 123 0
-123 -121 122 0
117 124 0
-123 124 0
-124 -117 123 0
-125 61 0
-125 -62 0
125 -61 62 0
61 126 0
-125 126 0
-126 -61 125 0
-127 4 -12 0
-127 -4 12 0
127 4 12 0
127 -4 -12 0
-128 5 -14 0
-128 -5 14 0
128 5 14 0
128 -5 -14 0
-129 6 -16 0
-129 -6 16 0
129 6 16 0
129 -6 -16 0
-130 127 0
-130 128 0
-130 129 0
130 -127 -128 -129 0
130 131 0
-69 131 0
-131 -130 69 0
126 132 0
-131 132 0
-132 -126 131 0
-133 61 0
-133 62 0
133 -61 -62 0
-134 4 -12 0
-134 -4 12 0
134 4 12 0
134 -4 -12 0
-135 5 -14 0
-135 -5 14 0
135 5 14 0
135 -5 -14 0
-136 6 -16 0
-136 -6 16 0
136 6 16 0
136 -6 -16 0
-137 134 0
-137 135 0
-137 136 0
137 -134 -135 -136 0
137 139 0
-138 139 0
-139 -137 138 0
133 140 0
-139 140 0
-140 -133 139 0
-141 116 0
-141 124 0
-141 132 0
-141 140 0
141 -116 -124 -132 -140 0
9 142 0
-141 142 0
-142 -9 141 0
-144 61 0
-144 62 0
-144 -7 0
144 -61 -62 7 0
-145 4 -12 0
-145 -4 12 0
145 4 12 0
145 -4 -12 0
-146 5 -14 0
-146 -5 14 0
146 5 14 0
146 -5 -14 0
-147 6 -16 0
-147 -6 16 0
147 6 16 0
147 -6 -16 0
-148 145 0
-148 146 0
-148 147 0
148 -145 -146 -147 0
-152 150 0
-152 -151 0
152 -150 151 0
-153 150 -151 0
-153 -150 151 0
153 150 151 0
153 -150 -151 0
-156 154 0
-156 -155 0
156 -154 155 0
-157 154 -155 0
-157 -154 155 0
157 154 155 0
157 -154 -155 0
-160 158 0
-160 -159 0
160 -158 159 0
-161 157 0
-161 160 0
161 -157 -160 0
-156 162 0
-161 162 0
-162 156 161 0
-163 153 0
-163 162 0
163 -153 -162 0
-152 164 0
-163 164 0
-164 152 163 0
-165 149 0
-165 164 0
165 -149 -164 0
148 166 0
-165 166 0
-166 -148 165 0
144 167 0
-166 167 0
-167 -144 166 0
-168 -61 0
-168 -7 0
168 61 7 0
-169 61 0
-169 -62 0
-169 -7 0
169 -61 62 7 0
-168 170 0
-169 170 0
-170 168 169 0
-171 4 -12 0
-171 -4 12 0
171 4 12 0
171 -4 -12 0
-172 5 -14 0
-172 -5 14 0
172 5 14 0
172 -5 -14 0
-173 6 -16 0
-173 -6 16 0
173 6 16 0
173 -6 -16 0
-174 171 0
-174 172 0
-174 173 0
174 -171 -172 -173 0
-175 92 0
-175 -151 0
175 -92 151 0
-176 92 -151 0
-176 -92 151 0
176 92 151 0
176 -92 -151 0
-177 96 0
-177 -155 0
177 -96 155 0
-178 96 -155 0
-178 -96 155 0
178 96 155 0
178 -96 -155 0
-179 100 0
-179 -159 0
179 -100 159 0
-180 178 0
-180 179 0
180 -178 -179 0
-177 181 0
-180 181 0
-181 177 180 0
-182 176 0
-182 181 0
182 -176 -181 0
-175 183 0
-182 183 0
-183 175 182 0
-184 79 0
-184 183 0
184 -79 -183 0
174 185 0
-184 185 0
-185 -174 184 0
170 186 0
-185 186 0
-186 -170 185 0
-187 167 0
-187 186 0
187 -167 -186 0
143 188 0
-187 188 0
-188 -143 187 0
-190 61 0
-190 62 0
190 -61 -62 0
-191 4 -12 0
-191 -4 12 0
191 4 12 0
191 -4 -12 0
-192 5 -14 0
-192 -5 14 0
192 5 14 0
192 -5 -14 0
-193 6 -16 0
-193 -6 16 0
193 6 16 0
193 -6 -16 0
-194 191 0
-194 192 0
-194 193 0
194 -191 -192 -193 0
194 195 0
-138 195 0
-195 -194 138 0
190 196 0
-195 196 0
-196 -190 195 0
-197 4 -12 0
-197 -4 12 0
197 4 12 0
197 -4 -12 0
-198 5 -14 0
-198 -5 14 0
198 5 14 0
198 -5 -14 0
-199 6 -16 0
-199 -6 16 0
199 6 16 0
199 -6 -16 0
-200 197 0
-200 198 0
-200 199 0
200 -197 -198 -199 0
200 201 0
-115 201 0
-201 -200 115 0
-202 196 0
-202 201 0
202 -196 -201 0
189 203 0
-202 203 0
-203 -189 202 0
-205 -61 0
-205 -7 0
205 61 7 0
-206 61 0
-206 -62 0
-206 -7 0
206 -61 62 7 0
-205 207 0
-206 207 0
-207 205 206 0
-208 4 -12 0
-208 -4 12 0
208 4 12 0
208 -4 -12 0
-209 5 -14 0
-209 -5 14 0
209 5 14 0
209 -5 -14 0
-210 6 -16 0
-210 -6 16 0
210 6 16 0
210 -6 -16 0
-211 208 0
-211 209 0
-211 210 0
211 -208 -209 -210 0
211 212 0
-79 212 0
-212 -211 79 0
207 213 0
-212 213 0
-213 -207 212 0
-214 61 0
-214 62 0
214 -61 -62 0
-215 4 -12 0
-215 -4 12 0
215 4 12 0
215 -4 -12 0
-216 5 -14 0
-216 -5 14 0
216 5 14 0
216 -5 -14 0
-217 6 -16 0
-217 -6 16 0
217 6 16 0
217 -6 -16 0
-218 215 0
-218 216 0
-218 217 0
218 -215 -216 -217 0
218 219 0
-122 219 0
-219 -218 122 0
214 220 0
-219 220 0
-220 -214 219 0
-221 61 0
-221 -62 0
221 -61 62 0
61 222 0
-221 222 0
-222 -61 221 0
-223 4 -12 0
-223 -4 12 0
223 4 12 0
223 -4 -12 0
-224 5 -14 0
-224 -5 14 0
224 5 14 0
224 -5 -14 0
-225 6 -16 0
-225 -6 16 0
225 6 16 0
225 -6 -16 0
-226 223 0
-226 224 0
-226 225 0
226 -223 -224 -225 0
226 227 0
-69 227 0
-227 -226 69 0
222 228 0
-227 228 0
-228 -222 227 0
-229 61 0
-229 62 0
-229 -7 0
229 -61 -62 7 0
-230 4 -12 0
-230 -4 12 0
230 4 12 0
230 -4 -12 0
-231 5 -14 0
-231 -5 14 0
231 5 14 0
231 -5 -14 0
-232 6 -16 0
-232 -6 16 0
232 6 16 0
232 -6 -16 0
-233 230 0
-233 231 0
-233 232 0
233 -230 -231 -232 0
233 234 0
-149 234 0
-234 -233 149 0
229 235 0
-234 235 0
-235 -229 234 0
-236 213 0
-236 220 0
-236 228 0
-236 235 0
236 -213 -220 -228 -235 0
204 237 0
-236 237 0
-237 -204 236 0
-239 4 -12 0
-239 -4 12 0
239 4 12 0
239 -4 -12 0
-240 5 -14 0
-240 -5 14 0
240 5 14 0
240 -5 -14 0
-241 6 -16 0
-241 -6 16 0
241 6 16 0
241 -6 -16 0
-242 239 0
-242 240 0
-242 241 0
242 -239 -240 -241 0
-244 20 0
-244 -243 0
244 -20 243 0
-245 20 -243 0
-245 -20 243 0
245 20 243 0
245 -20 -243 0
-247 24 0
-247 -246 0
247 -24 246 0
-248 24 -246 0
-248 -24 246 0
248 24 246 0
248 -24 -246 0
-250 28 0
-250 -249 0
250 -28 249 0
-251 248 0
-251 250 0
251 -248 -250 0
-247 252 0
-251 252 0
-252 247 251 0
-253 245 0
-253 252 0
253 -245 -252 0
-244 254 0
-253 254 0
-254 244 253 0
-255 19 0
-255 254 0
255 -19 -254 0
242 256 0
-255 256 0
-256 -242 255 0
7 257 0
-256 257 0
-257 -7 256 0
-258 4 -12 0
-258 -4 12 0
258 4 12 0
258 -4 -12 0
-259 5 -14 0
-259 -5 14 0
259 5 14 0
259 -5 -14 0
-260 6 -16 0
-260 -6 16 0
260 6 16 0
260 -6 -16 0
-261 258 0
-261 259 0
-261 260 0
261 -258 -259 -260 0
-262 43 0
-262 -243 0
262 -43 243 0
-263 43 -243 0
-263 -43 243 0
263 43 243 0
263 -43 -243 0
-264 46 0
-264 -246 0
264 -46 246 0
-265 46 -246 0
-265 -46 246 0
265 46 246 0
265 -46 -246 0
-266 49 -249 0
-266 -49 249 0
266 49 249 0
266 -49 -249 0
-267 265 0
-267 266 0
267 -265 -266 0
-264 268 0
-267 268 0
-268 264 267 0
-269 263 0
-269 268 0
269 -263 -268 0
-262 270 0
-269 270 0
-270 262 269 0
-271 42 0
-271 270 0
271 -42 -270 0
261 272 0
-271 272 0
-272 -261 271 0
-7 273 0
-272 273 0
-273 7 272 0
-274 257 0
-274 273 0
274 -257 -273 0
238 275 0
-274 275 0
-275 -238 274 0
-277 61 0
-277 62 0
277 -61 -62 0
-278 4 -12 0
-278 -4 12 0
278 4 12 0
278 -4 -12 0
-279 5 -14 0
-279 -5 14 0
279 5 14 0
279 -5 -14 0
-280 6 -16 0
-280 -6 16 0
280 6 16 0
280 -6 -16 0
-281 278 0
-281 279 0
-281 280 0
281 -278 -279 -280 0
281 282 0
-19 282 0
-282 -281 19 0
277 283 0
-282 283 0
-283 -277 282 0
276 284 0
-283 284 0
-284 -276 283 0
-285 10 0
-285 59 0
-285 83 0
-285 110 0
-285 142 0
-285 188 0
-285 203 0
-285 237 0
-285 275 0
-285 284 0
285 -10 -59 -83 -110 -142 -188 -203 -237 -275 -284 0
-286 1 -4 0
-286 -1 4 0
286 1 4 0
286 -1 -4 0
-287 2 -5 0
-287 -2 5 0
287 2 5 0
287 -2 -5 0
-288 3 -6 0
-288 -3 6 0
288 3 6 0
288 -3 -6 0
-289 286 0
-289 287 0
-289 288 0
289 -286 -287 -288 0
-290 189 -115 0
-290 -189 115 0
290 189 115 0
290 -189 -115 0
289 291 0
-290 291 0
-291 -289 290 0
-292 1 -4 0
-292 -1 4 0
292 1 4 0
292 -1 -4 0
-293 2 -5 0
-293 -2 5 0
293 2 5 0
293 -2 -5 0
-294 3 -6 0
-294 -3 6 0
294 3 6 0
294 -3 -6 0
-295 292 0
-295 293 0
-295 294 0
295 -292 -293 -294 0
-296 243 -43 0
-296 -243 43 0
296 243 43 0
296 -243 -43 0
295 297 0
-296 297 0
-297 -295 296 0
-298 1 -4 0
-298 -1 4 0
298 1 4 0
298 -1 -4 0
-299 2 -5 0
-299 -2 5 0
299 2 5 0
299 -2 -5 0
-300 3 -6 0
-300 -3 6 0
300 3 6 0
300 -3 -6 0
-301 298 0
-301 299 0
-301 300 0
301 -298 -299 -300 0
-302 93 -150 0
-302 -93 150 0
302 93 150 0
302 -93 -150 0
301 303 0
-302 303 0
-303 -301 302 0
-304 1 -4 0
-304 -1 4 0
304 1 4 0
304 -1 -4 0
-305 2 -5 0
-305 -2 5 0
305 2 5 0
305 -2 -5 0
-306 3 -6 0
-306 -3 6 0
306 3 6 0
306 -3 -6 0
-307 304 0
-307 305 0
-307 306 0
307 -304 -305 -306 0
-308 11 -19 0
-308 -11 19 0
308 11 19 0
308 -11 -19 0
307 309 0
-308 309 0
-309 -307 308 0
-310 1 -4 0
-310 -1 4 0
310 1 4 0
310 -1 -4 0
-311 2 -5 0
-311 -2 5 0
311 2 5 0
311 -2 -5 0
-312 3 -6 0
-312 -3 6 0
312 3 6 0
312 -3 -6 0
-313 310 0
-313 311 0
-313 312 0
313 -310 -311 -312 0
-314 60 -122 0
-314 -60 122 0
314 60 122 0
314 -60 -122 0
313 315 0
-314 315 0
-315 -313 314 0
-316 1 -4 0
-316 -1 4 0
316 1 4 0
316 -1 -4 0
-317 2 -5 0
-317 -2 5 0
317 2 5 0
317 -2 -5 0
-318 3 -6 0
-318 -3 6 0
318 3 6 0
318 -3 -6 0
-319 316 0
-319 317 0
-319 318 0
319 -316 -317 -318 0
-320 151 -92 0
-320 -151 92 0
320 151 92 0
320 -151 -92 0
319 321 0
-320 321 0
-321 -319 320 0
-322 4 -1 0
-322 -4 1 0
322 4 1 0
322 -4 -1 0
-323 5 -2 0
-323 -5 2 0
323 5 2 0
323 -5 -2 0
-324 6 -3 0
-324 -6 3 0
324 6 3 0
324 -6 -3 0
-325 322 0
-325 323 0
-325 324 0
325 -322 -323 -324 0
-326 79 -143 0
-326 -79 143 0
326 79 143 0
326 -79 -143 0
325 327 0
-326 327 0
-327 -325 326 0
-328 4 -1 0
-328 -4 1 0
328 4 1 0
328 -4 -1 0
-329 5 -2 0
-329 -5 2 0
329 5 2 0
329 -5 -2 0
-330 6 -3 0
-330 -6 3 0
330 6 3 0
330 -6 -3 0
-331 328 0
-331 329 0
-331 330 0
331 -328 -329 -330 0
-332 100 -159 0
-332 -100 159 0
332 100 159 0
332 -100 -159 0
331 333 0
-332 333 0
-333 -331 332 0
-334 1 -4 0
-334 -1 4 0
334 1 4 0
334 -1 -4 0
-335 2 -5 0
-335 -2 5 0
335 2 5 0
335 -2 -5 0
-336 3 -6 0
-336 -3 6 0
336 3 6 0
336 -3 -6 0
-337 334 0
-337 335 0
-337 336 0
337 -334 -335 -336 0
-338 276 -138 0
-338 -276 138 0
338 276 138 0
338 -276 -138 0
337 339 0
-338 339 0
-339 -337 338 0
-340 1 -4 0
-340 -1 4 0
340 1 4 0
340 -1 -4 0
-341 2 -5 0
-341 -2 5 0
341 2 5 0
341 -2 -5 0
-342 3 -6 0
-342 -3 6 0
342 3 6 0
342 -3 -6 0
-343 340 0
-343 341 0
-343 342 0
343 -340 -341 -342 0
-344 29 -28 0
-344 -29 28 0
344 29 28 0
344 -29 -28 0
343 345 0
-344 345 0
-345 -343 344 0
-346 1 -4 0
-346 -1 4 0
346 1 4 0
346 -1 -4 0
-347 2 -5 0
-347 -2 5 0
347 2 5 0
347 -2 -5 0
-348 3 -6 0
-348 -3 6 0
348 3 6 0
348 -3 -6 0
-349 346 0
-349 347 0
-349 348 0
349 -346 -347 -348 0
-350 246 -46 0
-350 -246 46 0
350 246 46 0
350 -246 -46 0
349 351 0
-350 351 0
-351 -349 350 0
-352 1 -4 0
-352 -1 4 0
352 1 4 0
352 -1 -4 0
-353 2 -5 0
-353 -2 5 0
353 2 5 0
353 -2 -5 0
-354 3 -6 0
-354 -3 6 0
354 3 6 0
354 -3 -6 0
-355 352 0
-355 353 0
-355 354 0
355 -352 -353 -354 0
-356 204 -69 0
-356 -204 69 0
356 204 69 0
356 -204 -69 0
355 357 0
-356 357 0
-357 -355 356 0
-358 1 -4 0
-358 -1 4 0
358 1 4 0
358 -1 -4 0
-359 2 -5 0
-359 -2 5 0
359 2 5 0
359 -2 -5 0
-360 3 -6 0
-360 -3 6 0
360 3 6 0
360 -3 -6 0
-361 358 0
-361 359 0
-361 360 0
361 -358 -359 -360 0
-362 249 -49 0
-362 -249 49 0
362 249 49 0
362 -249 -49 0
361 363 0
-362 363 0
-363 -361 362 0
-364 4 -1 0
-364 -4 1 0
364 4 1 0
364 -4 -1 0
-365 5 -2 0
-365 -5 2 0
365 5 2 0
365 -5 -2 0
-366 6 -3 0
-366 -6 3 0
366 6 3 0
366 -6 -3 0
-367 364 0
-367 365 0
-367 366 0
367 -364 -365 -366 0
-368 24 -25 0
-368 -24 25 0
368 24 25 0
368 -24 -25 0
367 369 0
-368 369 0
-369 -367 368 0
-370 1 -4 0
-370 -1 4 0
370 1 4 0
370 -1 -4 0
-371 2 -5 0
-371 -2 5 0
371 2 5 0
371 -2 -5 0
-372 3 -6 0
-372 -3 6 0
372 3 6 0
372 -3 -6 0
-373 370 0
-373 371 0
-373 372 0
373 -370 -371 -372 0
-374 101 -158 0
-374 -101 158 0
374 101 158 0
374 -101 -158 0
373 375 0
-374 375 0
-375 -373 374 0
-376 4 -1 0
-376 -4 1 0
376 4 1 0
376 -4 -1 0
-377 5 -2 0
-377 -5 2 0
377 5 2 0
377 -5 -2 0
-378 6 -3 0
-378 -6 3 0
378 6 3 0
378 -6 -3 0
-379 376 0
-379 377 0
-379 378 0
379 -376 -377 -378 0
-380 149 -84 0
-380 -149 84 0
380 149 84 0
380 -149 -84 0
379 381 0
-380 381 0
-381 -379 380 0
-382 4 -1 0
-382 -4 1 0
382 4 1 0
382 -4 -1 0
-383 5 -2 0
-383 -5 2 0
383 5 2 0
383 -5 -2 0
-384 6 -3 0
-384 -6 3 0
384 6 3 0
384 -6 -3 0
-385 382 0
-385 383 0
-385 384 0
385 -382 -383 -384 0
-386 96 -155 0
-386 -96 155 0
386 96 155 0
386 -96 -155 0
385 387 0
-386 387 0
-387 -385 386 0
-388 4 -1 0
-388 -4 1 0
388 4 1 0
388 -4 -1 0
-389 5 -2 0
-389 -5 2 0
389 5 2 0
389 -5 -2 0
-390 6 -3 0
-390 -6 3 0
390 6 3 0
390 -6 -3 0
-391 388 0
-391 389 0
-391 390 0
391 -388 -389 -390 0
-392 154 -97 0
-392 -154 97 0
392 154 97 0
392 -154 -97 0
391 393 0
-392 393 0
-393 -391 392 0
-394 4 -1 0
-394 -4 1 0
394 4 1 0
394 -4 -1 0
-395 5 -2 0
-395 -5 2 0
395 5 2 0
395 -5 -2 0
-396 6 -3 0
-396 -6 3 0
396 6 3 0
396 -6 -3 0
-397 394 0
-397 395 0
-397 396 0
397 -394 -395 -396 0
-398 42 -238 0
-398 -42 238 0
398 42 238 0
398 -42 -238 0
397 399 0
-398 399 0
-399 -397 398 0
-400 4 -1 0
-400 -4 1 0
400 4 1 0
400 -4 -1 0
-401 5 -2 0
-401 -5 2 0
401 5 2 0
401 -5 -2 0
-402 6 -3 0
-402 -6 3 0
402 6 3 0
402 -6 -3 0
-403 400 0
-403 401 0
-403 402 0
403 -400 -401 -402 0
-404 20 -21 0
-404 -20 21 0
404 20 21 0
404 -20 -21 0
403 405 0
-404 405 0
-405 -403 404 0
-406 291 0
-406 297 0
-406 303 0
-406 309 0
-406 315 0
-406 321 0
-406 327 0
-406 333 0
-406 339 0
-406 345 0
-406 351 0
-406 357 0
-406 363 0
-406 369 0
-406 375 0
-406 381 0
-406 387 0
-406 393 0
-406 399 0
-406 405 0
406 -291 -297 -303 -309 -315 -321 -327 -333 -339 -345 -351 -357 -363 -369 -375 -381 -387 -393 -399 -405 0
285 0
406 0
1702 0
-1 -1703 0
-2 -1703 0
1 2 1703 0
-3 -1704 0
1703 -1704 0
3 -1703 1704 0
13 -1705 0
15 -1705 0
-13 -15 1705 0
17 -1706 0
1705 -1706 0
-17 -1705 1706 0
27 -1707 0
30 -1707 0
-27 -30 1707 0
-26 -1708 0
-31 -1708 0
26 31 1708 0
23 -1709 0
32 -1709 0
-23 -32 1709 0
-22 -1710 0
-33 -1710 0
22 33 1710 0
18 -1711 0
-35 -1711 0
-18 35 1711 0
7 -1712 0
-36 -1712 0
-7 36 1712 0
38 -1713 0
39 -1713 0
-38 -39 1713 0
40 -1714 0
1713 -1714 0
-40 -1713 1714 0
48 -1715 0
50 -1715 0
-48 -50 1715 0
-47 -1716 0
-51 -1716 0
47 51 1716 0
45 -1717 0
52 -1717 0
-45 -52 1717 0
-44 -1718 0
-53 -1718 0
44 53 1718 0
41 -1719 0
-55 -1719 0
-41 55 1719 0
-7 -1720 0
-56 -1720 0
7 56 1720 0
37 -1721 0
57 -1721 0
-37 -57 1721 0
6 -1722 0
17 -1722 0
-6 -17 1722 0
-6 -1723 0
40 -1723 0
6 -40 1723 0
-1722 -1724 0
-1723 -1724 0
1722 1723 1724 0
65 -1725 0
66 -1725 0
-65 -66 1725 0
67 -1726 0
1725 -1726 0
-67 -1725 1726 0
64 -1727 0
-70 -1727 0
-64 70 1727 0
-7 -1728 0
-63 -1728 0
7 63 1728 0
64 -1729 0
1728 -1729 0
-64 -1728 1729 0
-7 -1730 0
63 -1730 0
7 -63 1730 0
-72 -1731 0
1730 -1731 0
72 -1730 1731 0
-72 -1732 0
-73 -1732 0
72 73 1732 0
75 -1733 0
76 -1733 0
-75 -76 1733 0
77 -1734 0
1733 -1734 0
-77 -1733 1734 0
74 -1735 0
-80 -1735 0
-74 80 1735 0
71 -1736 0
81 -1736 0
-71 -81 1736 0
-85 -1737 0
-86 -1737 0
85 86 1737 0
-4 -1738 0
-65 -1738 0
4 65 1738 0
4 -1739 0
-13 -1739 0
-4 13 1739 0
-1738 -1740 0
-1739 -1740 0
1738 1739 1740 0
-5 -1741 0
-66 -1741 0
5 66 1741 0
5 -1742 0
-15 -1742 0
-5 15 1742 0
-1741 -1743 0
-1742 -1743 0
1741 1742 1743 0
-6 -1744 0
67 -1744 0
6 -67 1744 0
-1722 -1745 0
-1744 -1745 0
1722 1744 1745 0
88 -1746 0
89 -1746 0
-88 -89 1746 0
90 -1747 0
1746 -1747 0
-90 -1746 1747 0
99 -1748 0
102 -1748 0
-99 -102 1748 0
-98 -1749 0
-103 -1749 0
98 103 1749 0
95 -1750 0
104 -1750 0
-95 -104 1750 0
-94 -1751 0
-105 -1751 0
94 105 1751 0
91 -1752 0
-107 -1752 0
-91 107 1752 0
87 -1753 0
-108 -1753 0
-87 108 1753 0
4 -1754 0
-75 -1754 0
-4 75 1754 0
-1738 -1755 0
-1754 -1755 0
1738 1754 1755 0
5 -1756 0
-76 -1756 0
-5 76 1756 0
-1741 -1757 0
-1756 -1757 0
1741 1756 1757 0
-6 -1758 0
90 -1758 0
6 -90 1758 0
-1722 -1759 0
-1758 -1759 0
1722 1758 1759 0
111 -1760 0
112 -1760 0
-111 -112 1760 0
113 -1761 0
1760 -1761 0
-113 -1760 1761 0
-63 -1762 0
-64 -1762 0
63 64 1762 0
118 -1763 0
120 -1763 0
-118 -120 1763 0
119 -1764 0
1763 -1764 0
-119 -1763 1764 0
117 -1765 0
-123 -1765 0
-117 123 1765 0
117 -1766 0
-125 -1766 0
-117 125 1766 0
4 -1767 0
-111 -1767 0
-4 111 1767 0
-1738 -1768 0
-1767 -1768 0
1738 1767 1768 0
5 -1769 0
-112 -1769 0
-5 112 1769 0
-1741 -1770 0
-1769 -1770 0
1741 1769 1770 0
-6 -1771 0
-17 -1771 0
6 17 1771 0
6 -1772 0
-113 -1772 0
-6 113 1772 0
-1771 -1773 0
-1772 -1773 0
1771 1772 1773 0
127 -1774 0
128 -1774 0
-127 -128 1774 0
129 -1775 0
1774 -1775 0
-129 -1774 1775 0
-65 -1776 0
127 -1776 0
65 -127 1776 0
-70 -1777 0
130 -1777 0
70 -130 1777 0
-1776 -1778 0
-1777 -1778 0
1776 1777 1778 0
126 -1779 0
-131 -1779 0
-126 131 1779 0
-4 -1780 0
-13 -1780 0
4 13 1780 0
-1767 -1781 0
-1780 -1781 0
1767 1780 1781 0
5 -1782 0
-128 -1782 0
-5 128 1782 0
-5 -1783 0
-15 -1783 0
5 15 1783 0
-1782 -1784 0
-1783 -1784 0
1782 1783 1784 0
134 -1785 0
135 -1785 0
-134 -135 1785 0
136 -1786 0
1785 -1786 0
-136 -1785 1786 0
133 -1787 0
-139 -1787 0
-133 139 1787 0
116 -1788 0
124 -1788 0
-116 -124 1788 0
132 -1789 0
140 -1789 0
-132 -140 1789 0
1788 -1790 0
1789 -1790 0
-1788 -1789 1790 0
-7 -1791 0
1732 -1791 0
7 -1732 1791 0
-5 -1792 0
-128 -1792 0
5 128 1792 0
-1742 -1793 0
-1792 -1793 0
1742 1792 1793 0
145 -1794 0
146 -1794 0
-145 -146 1794 0
147 -1795 0
1794 -1795 0
-147 -1794 1795 0
157 -1796 0
160 -1796 0
-157 -160 1796 0
-156 -1797 0
-161 -1797 0
156 161 1797 0
153 -1798 0
162 -1798 0
-153 -162 1798 0
-152 -1799 0
-163 -1799 0
152 163 1799 0
148 -1800 0
-165 -1800 0
-148 165 1800 0
144 -1801 0
-166 -1801 0
-144 166 1801 0
-168 -1802 0
-169 -1802 0
168 169 1802 0
171 -1803 0
172 -1803 0
-171 -172 1803 0
173 -1804 0
1803 -1804 0
-173 -1803 1804 0
178 -1805 0
179 -1805 0
-178 -179 1805 0
-177 -1806 0
-180 -1806 0
177 180 1806 0
176 -1807 0
181 -1807 0
-176 -181 1807 0
-175 -1808 0
-182 -1808 0
175 182 1808 0
174 -1809 0
-184 -1809 0
-174 184 1809 0
170 -1810 0
-185 -1810 0
-170 185 1810 0
167 -1811 0
186 -1811 0
-167 -186 1811 0
-6 -1812 0
173 -1812 0
6 -173 1812 0
-1722 -1813 0
-1812 -1813 0
1722 1812 1813 0
191 -1814 0
192 -1814 0
-191 -192 1814 0
193 -1815 0
1814 -1815 0
-193 -1814 1815 0
-5 -1816 0
-135 -1816 0
5 135 1816 0
192 -1817 0
1816 -1817 0
-192 -1816 1817 0
-134 -1818 0
191 -1818 0
134 -191 1818 0
-139 -1819 0
194 -1819 0
139 -194 1819 0
-1818 -1820 0
-1819 -1820 0
1818 1819 1820 0
-1817 -1821 0
1820 -1821 0
1817 -1820 1821 0
190 -1822 0
-195 -1822 0
-190 195 1822 0
5 -1823 0
-135 -1823 0
-5 135 1823 0
-1792 -1824 0
-1823 -1824 0
1792 1823 1824 0
-6 -1825 0
193 -1825 0
6 -193 1825 0
-1722 -1826 0
-1825 -1826 0
1722 1825 1826 0
197 -1827 0
198 -1827 0
-197 -198 1827 0
199 -1828 0
1827 -1828 0
-199 -1827 1828 0
-111 -1829 0
197 -1829 0
111 -197 1829 0
-116 -1830 0
200 -1830 0
116 -200 1830 0
-1829 -1831 0
-1830 -1831 0
1829 1830 1831 0
196 -1832 0
201 -1832 0
-196 -201 1832 0
-205 -1833 0
-206 -1833 0
205 206 1833 0
-5 -1834 0
-198 -1834 0
5 198 1834 0
-1742 -1835 0
-1834 -1835 0
1742 1834 1835 0
208 -1836 0
209 -1836 0
-208 -209 1836 0
210 -1837 0
1836 -1837 0
-210 -1836 1837 0
-75 -1838 0
208 -1838 0
75 -208 1838 0
-80 -1839 0
211 -1839 0
80 -211 1839 0
-1838 -1840 0
-1839 -1840 0
1838 1839 1840 0
207 -1841 0
-212 -1841 0
-207 212 1841 0
-5 -1842 0
-209 -1842 0
5 209 1842 0
-1742 -1843 0
-1842 -1843 0
1742 1842 1843 0
215 -1844 0
216 -1844 0
-215 -216 1844 0
217 -1845 0
1844 -1845 0
-217 -1844 1845 0
-118 -1846 0
215 -1846 0
118 -215 1846 0
-5 -1847 0
-121 -1847 0
5 121 1847 0
216 -1848 0
1847 -1848 0
-216 -1847 1848 0
1763 -1849 0
1848 -1849 0
-1763 -1848 1849 0
-6 -1850 0
217 -1850 0
6 -217 1850 0
-120 -1851 0
1850 -1851 0
120 -1850 1851 0
123 -1852 0
-1851 -1852 0
-123 1851 1852 0
-1849 -1853 0
1852 -1853 0
1849 -1852 1853 0
218 -1854 0
-1853 -1854 0
-218 1853 1854 0
-1846 -1855 0
-1854 -1855 0
1846 1854 1855 0
214 -1856 0
-219 -1856 0
-214 219 1856 0
117 -1857 0
-221 -1857 0
-117 221 1857 0
-5 -1858 0
-216 -1858 0
5 216 1858 0
-1742 -1859 0
-1858 -1859 0
1742 1858 1859 0
-1722 -1860 0
-1850 -1860 0
1722 1850 1860 0
223 -1861 0
224 -1861 0
-223 -224 1861 0
225 -1862 0
1861 -1862 0
-225 -1861 1862 0
223 -1863 0
1738 -1863 0
-223 -1738 1863 0
6 -1864 0
225 -1864 0
-6 -225 1864 0
-68 -1865 0
1725 -1865 0
68 -1725 1865 0
1864 -1866 0
1865 -1866 0
-1864 -1865 1866 0
224 -1867 0
1741 -1867 0
-224 -1741 1867 0
70 -1868 0
-1867 -1868 0
-70 1867 1868 0
-1866 -1869 0
1868 -1869 0
1866 -1868 1869 0
226 -1870 0
-1869 -1870 0
-226 1869 1870 0
-1863 -1871 0
-1870 -1871 0
1863 1870 1871 0
222 -1872 0
-227 -1872 0
-222 227 1872 0
-72 -1873 0
1728 -1873 0
72 -1728 1873 0
-1850 -1874 0
-1864 -1874 0
1850 1864 1874 0
230 -1875 0
231 -1875 0
-230 -231 1875 0
232 -1876 0
1875 -1876 0
-232 -1875 1876 0
229 -1877 0
-234 -1877 0
-229 234 1877 0
213 -1878 0
220 -1878 0
-213 -220 1878 0
228 -1879 0
235 -1879 0
-228 -235 1879 0
1878 -1880 0
1879 -1880 0
-1878 -1879 1880 0
4 -1881 0
-65 -1881 0
-4 65 1881 0
-1780 -1882 0
-1881 -1882 0
1780 1881 1882 0
5 -1883 0
-224 -1883 0
-5 224 1883 0
-1783 -1884 0
-1883 -1884 0
1783 1883 1884 0
239 -1885 0
240 -1885 0
-239 -240 1885 0
241 -1886 0
1885 -1886 0
-241 -1885 1886 0
248 -1887 0
250 -1887 0
-248 -250 1887 0
-247 -1888 0
-251 -1888 0
247 251 1888 0
245 -1889 0
252 -1889 0
-245 -252 1889 0
-244 -1890 0
-253 -1890 0
244 253 1890 0
242 -1891 0
-255 -1891 0
-242 255 1891 0
7 -1892 0
-256 -1892 0
-7 256 1892 0
-4 -1893 0
-230 -1893 0
4 230 1893 0
-1881 -1894 0
-1893 -1894 0
1881 1893 1894 0
6 -1895 0
-232 -1895 0
-6 232 1895 0
-1771 -1896 0
-1895 -1896 0
1771 1895 1896 0
258 -1897 0
259 -1897 0
-258 -259 1897 0
260 -1898 0
1897 -1898 0
-260 -1897 1898 0
-22 -1899 0
45 -1899 0
22 -45 1899 0
-44 -1900 0
-1899 -1900 0
44 1899 1900 0
244 -1901 0
-1900 -1901 0
-244 1900 1901 0
-23 -1902 0
45 -1902 0
23 -45 1902 0
-44 -1903 0
-1902 -1903 0
44 1902 1903 0
-22 -1904 0
245 -1904 0
22 -245 1904 0
-1903 -1905 0
1904 -1905 0
1903 -1904 1905 0
-1901 -1906 0
-1905 -1906 0
1901 1905 1906 0
-245 -1907 0
-1903 -1907 0
245 1903 1907 0
245 -1908 0
-1900 -1908 0
-245 1900 1908 0
-23 -1909 0
1904 -1909 0
23 -1904 1909 0
-244 -1910 0
-1909 -1910 0
244 1909 1910 0
-1908 -1911 0
1910 -1911 0
1908 -1910 1911 0
-1907 -1912 0
1911 -1912 0
1907 -1911 1912 0
-262 -1913 0
-1912 -1913 0
262 1912 1913 0
26 -1914 0
-247 -1914 0
-26 247 1914 0
-26 -1915 0
48 -1915 0
26 -48 1915 0
-47 -1916 0
-1915 -1916 0
47 1915 1916 0
-1914 -1917 0
-1916 -1917 0
1914 1916 1917 0
27 -1918 0
-47 -1918 0
-27 47 1918 0
248 -1919 0
-1918 -1919 0
-248 1918 1919 0
-247 -1920 0
-1919 -1920 0
247 1919 1920 0
1917 -1921 0
-1920 -1921 0
-1917 1920 1921 0
-47 -1922 0
-247 -1922 0
47 247 1922 0
-1917 -1923 0
-1922 -1923 0
1917 1922 1923 0
27 -1924 0
-248 -1924 0
-27 248 1924 0
-47 -1925 0
48 -1925 0
47 -48 1925 0
-1924 -1926 0
1925 -1926 0
1924 -1925 1926 0
-47 -1927 0
-248 -1927 0
47 248 1927 0
27 -1928 0
248 -1928 0
-27 -248 1928 0
-1927 -1929 0
-1928 -1929 0
1927 1928 1929 0
-1926 -1930 0
-1929 -1930 0
1926 1929 1930 0
-26 -1931 0
-1930 -1931 0
26 1930 1931 0
-1923 -1932 0
-1931 -1932 0
1923 1931 1932 0
-264 -1933 0
-1932 -1933 0
264 1932 1933 0
265 -1934 0
266 -1934 0
-265 -266 1934 0
-264 -1935 0
-267 -1935 0
264 267 1935 0
263 -1936 0
268 -1936 0
-263 -268 1936 0
-262 -1937 0
-269 -1937 0
262 269 1937 0
261 -1938 0
-271 -1938 0
-261 271 1938 0
-7 -1939 0
-272 -1939 0
7 272 1939 0
257 -1940 0
273 -1940 0
-257 -273 1940 0
278 -1941 0
279 -1941 0
-278 -279 1941 0
280 -1942 0
1941 -1942 0
-280 -1941 1942 0
277 -1943 0
-282 -1943 0
-277 282 1943 0
1 -1944 0
-4 -1944 0
-1 4 1944 0
-1 -1945 0
4 -1945 0
1 -4 1945 0
-1944 -1946 0
-1945 -1946 0
1944 1945 1946 0
2 -1947 0
-5 -1947 0
-2 5 1947 0
-2 -1948 0
5 -1948 0
2 -5 1948 0
-1947 -1949 0
-1948 -1949 0
1947 1948 1949 0
3 -1950 0
-6 -1950 0
-3 6 1950 0
-3 -1951 0
6 -1951 0
3 -6 1951 0
-1950 -1952 0
-1951 -1952 0
1950 1951 1952 0
286 -1953 0
287 -1953 0
-286 -287 1953 0
288 -1954 0
1953 -1954 0
-288 -1953 1954 0
292 -1955 0
293 -1955 0
-292 -293 1955 0
294 -1956 0
1955 -1956 0
-294 -1955 1956 0
298 -1957 0
299 -1957 0
-298 -299 1957 0
300 -1958 0
1957 -1958 0
-300 -1957 1958 0
95 -1959 0
153 -1959 0
-95 -153 1959 0
-95 -1960 0
-153 -1960 0
95 153 1960 0
-1959 -1961 0
-1960 -1961 0
1959 1960 1961 0
-152 -1962 0
-1961 -1962 0
152 1961 1962 0
95 -1963 0
176 -1963 0
-95 -176 1963 0
-175 -1964 0
-176 -1964 0
175 176 1964 0
-94 -1965 0
152 -1965 0
94 -152 1965 0
-1964 -1966 0
-1965 -1966 0
1964 1965 1966 0
-1963 -1967 0
-1966 -1967 0
1963 1966 1967 0
-1962 -1968 0
1967 -1968 0
1962 -1967 1968 0
153 -1969 0
-175 -1969 0
-153 175 1969 0
1963 -1970 0
1969 -1970 0
-1963 -1969 1970 0
-94 -1971 0
-1970 -1971 0
94 1970 1971 0
94 -1972 0
153 -1972 0
-94 -153 1972 0
176 -1973 0
1972 -1973 0
-176 -1972 1973 0
-152 -1974 0
-1973 -1974 0
152 1973 1974 0
-1971 -1975 0
1974 -1975 0
1971 -1974 1975 0
-1968 -1976 0
-1975 -1976 0
1968 1975 1976 0
304 -1977 0
305 -1977 0
-304 -305 1977 0
306 -1978 0
1977 -1978 0
-306 -1977 1978 0
310 -1979 0
311 -1979 0
-310 -311 1979 0
312 -1980 0
1979 -1980 0
-312 -1979 1980 0
316 -1981 0
317 -1981 0
-316 -317 1981 0
318 -1982 0
1981 -1982 0
-318 -1981 1982 0
-175 -1983 0
176 -1983 0
175 -176 1983 0
322 -1984 0
323 -1984 0
-322 -323 1984 0
324 -1985 0
1984 -1985 0
-324 -1984 1985 0
328 -1986 0
329 -1986 0
-328 -329 1986 0
330 -1987 0
1986 -1987 0
-330 -1986 1987 0
334 -1988 0
335 -1988 0
-334 -335 1988 0
336 -1989 0
1988 -1989 0
-336 -1988 1989 0
340 -1990 0
341 -1990 0
-340 -341 1990 0
342 -1991 0
1990 -1991 0
-342 -1990 1991 0
346 -1992 0
347 -1992 0
-346 -347 1992 0
348 -1993 0
1992 -1993 0
-348 -1992 1993 0
-264 -1994 0
265 -1994 0
264 -265 1994 0
352 -1995 0
353 -1995 0
-352 -353 1995 0
354 -1996 0
1995 -1996 0
-354 -1995 1996 0
358 -1997 0
359 -1997 0
-358 -359 1997 0
360 -1998 0
1997 -1998 0
-360 -1997 1998 0
364 -1999 0
365 -1999 0
-364 -365 1999 0
366 -2000 0
1999 -2000 0
-366 -1999 2000 0
-26 -2001 0
27 -2001 0
26 -27 2001 0
370 -2002 0
371 -2002 0
-370 -371 2002 0
372 -2003 0
2002 -2003 0
-372 -2002 2003 0
376 -2004 0
377 -2004 0
-376 -377 2004 0
378 -2005 0
2004 -2005 0
-378 -2004 2005 0
382 -2006 0
383 -2006 0
-382 -383 2006 0
384 -2007 0
2006 -2007 0
-384 -2006 2007 0
-177 -2008 0
178 -2008 0
177 -178 2008 0
388 -2009 0
389 -2009 0
-388 -389 2009 0
390 -2010 0
2009 -2010 0
-390 -2009 2010 0
99 -2011 0
157 -2011 0
-99 -157 2011 0
-98 -2012 0
2008 -2012 0
98 -2008 2012 0
2011 -2013 0
2012 -2013 0
-2011 -2012 2013 0
-156 -2014 0
-177 -2014 0
156 177 2014 0
98 -2015 0
157 -2015 0
-98 -157 2015 0
-156 -2016 0
-2015 -2016 0
156 2015 2016 0
-2014 -2017 0
-2016 -2017 0
2014 2016 2017 0
-2013 -2018 0
-2017 -2018 0
2013 2017 2018 0
-99 -2019 0
-177 -2019 0
99 177 2019 0
-98 -2020 0
177 -2020 0
98 -177 2020 0
156 -2021 0
-2020 -2021 0
-156 2020 2021 0
-2019 -2022 0
2021 -2022 0
2019 -2021 2022 0
-2018 -2023 0
-2022 -2023 0
2018 2022 2023 0
-98 -2024 0
-2011 -2024 0
98 2011 2024 0
178 -2025 0
-2024 -2025 0
-178 2024 2025 0
-99 -2026 0
-157 -2026 0
99 157 2026 0
-386 -2027 0
-2011 -2027 0
386 2011 2027 0
-2026 -2028 0
2027 -2028 0
2026 -2027 2028 0
-2025 -2029 0
-2028 -2029 0
2025 2028 2029 0
2014 -2030 0
-2015 -2030 0
-2014 2015 2030 0
-2029 -2031 0
2030 -2031 0
2029 -2030 2031 0
-2023 -2032 0
-2031 -2032 0
2023 2031 2032 0
394 -2033 0
395 -2033 0
-394 -395 2033 0
396 -2034 0
2033 -2034 0
-396 -2033 2034 0
400 -2035 0
401 -2035 0
-400 -401 2035 0
402 -2036 0
2035 -2036 0
-402 -2035 2036 0
-22 -2037 0
23 -2037 0
22 -23 2037 0
