c defined variables: 6 15 23 28 32 41 45 54 58 66 71 75 83 87 92 96 100 109 113 122 126 130 138 143 147 151 160 164 168 177 181 190 194 203 214 221 228 232 236 243 247 254 258 265 269 273 280 281 285 289 296 300 304 311 315 322 326 330 337 341 345 349 356 363 367 371 392 403 404 405 420 434 435 436 441 442 443 444 450 451 454 455 458 459 460 461 464 465 466 467 470 471 472 473 476 477 478 479 482 483 484 485 486 487 490 491 492 493 494 495 498 499 500 501 502 503 506 507 508 509 510 511 514 515 516 517 518 519 522 523 524 525 526 527 531 532 533 536 537 538 539 540 541 544 545 546 547 548 549 550 551 554 555 556 557 558 559 560 561 564 565 566 567 568 569 570 571 574 575 576 577 578 579 580 581 584 585 586 587 588 589 590 591 594 595 596 597 598 599 600 601 606 607 608 609 610 613 614 615 616 617 618 619 620 623 624 625 626 627 628 629 630 631 632 635 637 638 639 640 641 642 643 644 647 648 649 650 651 652 653 654 655 656 659 660 661 662 663 664 665 666 667 668 672 673 674 675 676 677 680 681 682 685 686 687 688 689 690 691 694 695 696 697 698 699 700 701 702 703 704 705 706 707 711 712 713 714 715 716 717 718 721 
p cnf 2326 2730
a 399 402 362 321 325 333 329 340 336 344 348 352 355 419 439 253 257 250 246 74 78 65 69 52 61 48 57 39 44 121 134 374 377 366 264 359 370 53 62 70 79 91 104 108 117 429 272 380 426 383 414 268 276 279 207 202 411 408 185 176 198 189 155 142 172 159 26 35 13 18 22 31 1 4 9 440 433 261 314 318 388 292 288 284 303 299 295 307 310 206 201 193 184 197 188 171 158 180 175 40 49 5 10 2 27 36 14 19 217 220 210 213 235 231 224 227 239 242 112 107 103 90 95 99 82 86 125 116 391 432 423 395 141 150 146 154 120 129 133 137 167 163 0
e 3 7 8 11 12 16 17 20 21 24 25 29 30 33 34 37 38 42 43 46 47 50 51 55 56 59 60 63 64 67 68 72 73 76 77 80 81 84 85 88 89 93 94 97 98 101 102 105 106 110 111 114 115 118 119 123 124 127 128 131 132 135 136 139 140 144 145 148 149 152 153 156 157 161 162 165 166 169 170 173 174 178 179 182 183 186 187 191 192 195 196 199 200 204 205 208 209 211 212 215 216 218 219 222 223 225 226 229 230 233 234 237 238 240 241 244 245 248 249 251 252 255 256 259 260 262 263 266 267 270 271 274 275 277 278 282 283 286 287 290 291 293 294 297 298 301 302 305 306 308 309 312 313 316 317 319 320 323 324 327 328 331 332 334 335 338 339 342 343 346 347 350 351 353 354 357 358 360 361 364 365 368 369 372 373 375 376 378 379 381 382 385 386 387 389 390 393 394 396 397 398 400 401 406 407 409 410 412 413 416 417 418 421 422 424 425 427 428 430 431 437 438 445 446 447 448 449 452 453 456 457 462 463 468 469 474 475 480 481 488 489 496 497 504 505 512 513 520 521 528 529 534 535 542 543 552 553 562 563 572 573 582 583 592 593 602 603 605 611 612 621 622 633 634 636 645 646 657 658 669 670 678 679 684 692 693 708 709 719 720 6 15 23 28 32 41 45 54 58 66 71 75 83 87 92 96 100 109 113 122 126 130 138 143 147 151 160 164 168 177 181 190 194 203 214 221 228 232 236 243 247 254 258 265 269 273 280 281 285 289 296 300 304 311 315 322 326 330 337 341 345 349 356 363 367 371 392 403 404 405 420 434 435 436 441 442 443 444 450 451 454 455 458 459 460 461 464 465 466 467 470 471 472 473 476 477 478 479 482 483 484 485 486 487 490 491 492 493 494 495 498 499 500 501 502 503 506 507 508 509 510 511 514 515 516 517 518 519 522 523 524 525 526 527 531 532 533 536 537 538 539 540 541 544 545 546 547 548 549 550 551 554 555 556 557 558 559 560 561 564 565 566 567 568 569 570 571 574 575 576 577 578 579 580 581 584 585 586 587 588 589 590 591 594 595 596 597 598 599 600 601 606 607 608 609 610 613 614 615 616 617 618 619 620 623 624 625 626 627 628 629 630 631 632 635 637 638 639 640 641 642 643 644 647 648 649 650 651 652 653 654 655 656 659 660 661 662 663 664 665 666 667 668 672 673 674 675 676 677 680 681 682 685 686 687 688 689 690 691 694 695 696 697 698 699 700 701 702 703 704 705 706 707 711 712 713 714 715 716 717 718 721 2045 2046 2047 2048 2049 2050 2051 2052 2053 2054 2055 2056 2057 2058 2059 2060 2061 2062 2063 2064 2065 2066 2067 2068 2069 2070 2071 2072 2073 2074 2075 2076 2077 2078 2079 2080 2081 2082 2083 2084 2085 2086 2087 2088 2089 2090 2091 2092 2093 2094 2095 2096 2097 2098 2099 2100 2101 2102 2103 2104 2105 2106 2107 2108 2109 2110 2111 2112 2113 2114 2115 2116 2117 2118 2119 2120 2121 2122 2123 2124 2125 2126 2127 2128 2129 2130 2131 2132 2133 2134 2135 2136 2137 2138 2139 2140 2141 2142 2143 2144 2145 2146 2147 2148 2149 2150 2151 2152 2153 2154 2155 2156 2157 2158 2159 2160 2161 2162 2163 2164 2165 2166 2167 2168 2169 2170 2171 2172 2173 2174 2175 2176 2177 2178 2179 2180 2181 2182 2183 2184 2185 2186 2187 2188 2189 2190 2191 2192 2193 2194 2195 2196 2197 2198 2199 2200 2201 2202 2203 2204 2205 2206 2207 2208 2209 2210 2211 2212 2213 2214 2215 2216 2217 2218 2219 2220 2221 2222 2223 2224 2225 2226 2227 2228 2229 2230 2231 2232 2233 2234 2235 2236 2237 2238 2239 2240 2241 2242 2243 2244 2245 2246 2247 2248 2249 2250 2251 2252 2253 2254 2255 2256 2257 2258 2259 2260 2261 2262 2263 2264 2265 2266 2267 2268 2269 2270 2271 2272 2273 2274 2275 2276 2277 2278 2279 2280 2281 2282 2283 2284 2285 2286 2287 2288 2289 2290 2291 2292 2293 2294 2295 2296 2297 2298 2299 2300 2301 2302 2303 2304 2305 2306 2307 2308 2309 2310 2311 2312 2313 2314 2315 2316 2317 2318 2319 2320 2321 2322 2323 2324 2325 2326 0
d 530 292 279 0
d 384 380 377 0
d 604 355 359 0
d 415 411 408 0
d 671 414 402 0
d 710 432 439 0
d 683 426 423 0
2046 -6 0
-2046 6 0
2047 -15 0
-2047 15 0
2048 -23 0
-2048 23 0
2049 -28 0
-2049 28 0
2050 -32 0
-2050 32 0
2051 -41 0
-2051 41 0
2052 -45 0
-2052 45 0
2053 -54 0
-2053 54 0
2054 -58 0
-2054 58 0
2055 -66 0
-2055 66 0
2056 -71 0
-2056 71 0
2057 -75 0
-2057 75 0
2058 -83 0
-2058 83 0
2059 -87 0
-2059 87 0
2060 -92 0
-2060 92 0
2061 -96 0
-2061 96 0
2062 -100 0
-2062 100 0
2063 -109 0
-2063 109 0
2064 -113 0
-2064 113 0
2065 -122 0
-2065 122 0
2066 -126 0
-2066 126 0
2067 -130 0
-2067 130 0
2068 -138 0
-2068 138 0
2069 -143 0
-2069 143 0
2070 -147 0
-2070 147 0
2071 -151 0
-2071 151 0
2072 -160 0
-2072 160 0
2073 -164 0
-2073 164 0
2074 -168 0
-2074 168 0
2075 -177 0
-2075 177 0
2076 -181 0
-2076 181 0
2077 -190 0
-2077 190 0
2078 -194 0
-2078 194 0
2079 -203 0
-2079 203 0
2080 -214 0
-2080 214 0
2081 -221 0
-2081 221 0
2082 -228 0
-2082 228 0
2083 -232 0
-2083 232 0
2084 -236 0
-2084 236 0
2085 -243 0
-2085 243 0
2086 -247 0
-2086 247 0
2087 -254 0
-2087 254 0
2088 -258 0
-2088 258 0
2089 -265 0
-2089 265 0
2090 -269 0
-2090 269 0
2091 -273 0
-2091 273 0
2092 -280 0
-2092 280 0
2093 -281 0
-2093 281 0
2094 -285 0
-2094 285 0
2095 -289 0
-2095 289 0
2096 -296 0
-2096 296 0
2097 -300 0
-2097 300 0
2098 -304 0
-2098 304 0
2099 -311 0
-2099 311 0
2100 -315 0
-2100 315 0
2101 -322 0
-2101 322 0
2102 -326 0
-2102 326 0
2103 -330 0
-2103 330 0
2104 -337 0
-2104 337 0
2105 -341 0
-2105 341 0
2106 -345 0
-2106 345 0
2107 -349 0
-2107 349 0
2108 -356 0
-2108 356 0
2109 -363 0
-2109 363 0
2110 -367 0
-2110 367 0
2111 -371 0
-2111 371 0
2112 -392 0
-2112 392 0
2113 -403 0
-2113 403 0
2114 -404 0
-2114 404 0
2115 -405 0
-2115 405 0
2116 -420 0
-2116 420 0
2117 -434 0
-2117 434 0
2118 -435 0
-2118 435 0
2119 -436 0
-2119 436 0
2120 -441 0
-2120 441 0
2121 -442 0
-2121 442 0
2122 -443 0
-2122 443 0
2123 -444 0
-2123 444 0
2124 -450 0
-2124 450 0
2125 -451 0
-2125 451 0
2126 -454 0
-2126 454 0
2127 -455 0
-2127 455 0
2128 -458 0
-2128 458 0
2129 -459 0
-2129 459 0
2130 -460 0
-2130 460 0
2131 -461 0
-2131 461 0
2132 -464 0
-2132 464 0
2133 -465 0
-2133 465 0
2134 -466 0
-2134 466 0
2135 -467 0
-2135 467 0
2136 -470 0
-2136 470 0
2137 -471 0
-2137 471 0
2138 -472 0
-2138 472 0
2139 -473 0
-2139 473 0
2140 -476 0
-2140 476 0
2141 -477 0
-2141 477 0
2142 -478 0
-2142 478 0
2143 -479 0
-2143 479 0
2144 -482 0
-2144 482 0
2145 -483 0
-2145 483 0
2146 -484 0
-2146 484 0
2147 -485 0
-2147 485 0
2148 -486 0
-2148 486 0
2149 -487 0
-2149 487 0
2150 -490 0
-2150 490 0
2151 -491 0
-2151 491 0
2152 -492 0
-2152 492 0
2153 -493 0
-2153 493 0
2154 -494 0
-2154 494 0
2155 -495 0
-2155 495 0
2156 -498 0
-2156 498 0
2157 -499 0
-2157 499 0
2158 -500 0
-2158 500 0
2159 -501 0
-2159 501 0
2160 -502 0
-2160 502 0
2161 -503 0
-2161 503 0
2162 -506 0
-2162 506 0
2163 -507 0
-2163 507 0
2164 -508 0
-2164 508 0
2165 -509 0
-2165 509 0
2166 -510 0
-2166 510 0
2167 -511 0
-2167 511 0
2168 -514 0
-2168 514 0
2169 -515 0
-2169 515 0
2170 -516 0
-2170 516 0
2171 -517 0
-2171 517 0
2172 -518 0
-2172 518 0
2173 -519 0
-2173 519 0
2174 -522 0
-2174 522 0
2175 -523 0
-2175 523 0
2176 -524 0
-2176 524 0
2177 -525 0
-2177 525 0
2178 -526 0
-2178 526 0
2179 -527 0
-2179 527 0
2180 -531 0
-2180 531 0
2181 -532 0
-2181 532 0
2182 -533 0
-2182 533 0
2183 -536 0
-2183 536 0
2184 -537 0
-2184 537 0
2185 -538 0
-2185 538 0
2186 -539 0
-2186 539 0
2187 -540 0
-2187 540 0
2188 -541 0
-2188 541 0
2189 -544 0
-2189 544 0
2190 -545 0
-2190 545 0
2191 -546 0
-2191 546 0
2192 -547 0
-2192 547 0
2193 -548 0
-2193 548 0
2194 -549 0
-2194 549 0
2195 -550 0
-2195 550 0
2196 -551 0
-2196 551 0
2197 -554 0
-2197 554 0
2198 -555 0
-2198 555 0
2199 -556 0
-2199 556 0
2200 -557 0
-2200 557 0
2201 -558 0
-2201 558 0
2202 -559 0
-2202 559 0
2203 -560 0
-2203 560 0
2204 -561 0
-2204 561 0
2205 -564 0
-2205 564 0
2206 -565 0
-2206 565 0
2207 -566 0
-2207 566 0
2208 -567 0
-2208 567 0
2209 -568 0
-2209 568 0
2210 -569 0
-2210 569 0
2211 -570 0
-2211 570 0
2212 -571 0
-2212 571 0
2213 -574 0
-2213 574 0
2214 -575 0
-2214 575 0
2215 -576 0
-2215 576 0
2216 -577 0
-2216 577 0
2217 -578 0
-2217 578 0
2218 -579 0
-2218 579 0
2219 -580 0
-2219 580 0
2220 -581 0
-2220 581 0
2221 -584 0
-2221 584 0
2222 -585 0
-2222 585 0
2223 -586 0
-2223 586 0
2224 -587 0
-2224 587 0
2225 -588 0
-2225 588 0
2226 -589 0
-2226 589 0
2227 -590 0
-2227 590 0
2228 -591 0
-2228 591 0
2229 -594 0
-2229 594 0
2230 -595 0
-2230 595 0
2231 -596 0
-2231 596 0
2232 -597 0
-2232 597 0
2233 -598 0
-2233 598 0
2234 -599 0
-2234 599 0
2235 -600 0
-2235 600 0
2236 -601 0
-2236 601 0
2237 -606 0
-2237 606 0
2238 -607 0
-2238 607 0
2239 -608 0
-2239 608 0
2240 -609 0
-2240 609 0
2241 -610 0
-2241 610 0
2242 -613 0
-2242 613 0
2243 -614 0
-2243 614 0
2244 -615 0
-2244 615 0
2245 -616 0
-2245 616 0
2246 -617 0
-2246 617 0
2247 -618 0
-2247 618 0
2248 -619 0
-2248 619 0
2249 -620 0
-2249 620 0
2250 -623 0
-2250 623 0
2251 -624 0
-2251 624 0
2252 -625 0
-2252 625 0
2253 -626 0
-2253 626 0
2254 -627 0
-2254 627 0
2255 -628 0
-2255 628 0
2256 -629 0
-2256 629 0
2257 -630 0
-2257 630 0
2258 -631 0
-2258 631 0
2259 -632 0
-2259 632 0
2260 -635 0
-2260 635 0
2261 -637 0
-2261 637 0
2262 -638 0
-2262 638 0
2263 -639 0
-2263 639 0
2264 -640 0
-2264 640 0
2265 -641 0
-2265 641 0
2266 -642 0
-2266 642 0
2267 -643 0
-2267 643 0
2268 -644 0
-2268 644 0
2269 -647 0
-2269 647 0
2270 -648 0
-2270 648 0
2271 -649 0
-2271 649 0
2272 -650 0
-2272 650 0
2273 -651 0
-2273 651 0
2274 -652 0
-2274 652 0
2275 -653 0
-2275 653 0
2276 -654 0
-2276 654 0
2277 -655 0
-2277 655 0
2278 -656 0
-2278 656 0
2279 -659 0
-2279 659 0
2280 -660 0
-2280 660 0
2281 -661 0
-2281 661 0
2282 -662 0
-2282 662 0
2283 -663 0
-2283 663 0
2284 -664 0
-2284 664 0
2285 -665 0
-2285 665 0
2286 -666 0
-2286 666 0
2287 -667 0
-2287 667 0
2288 -668 0
-2288 668 0
2289 -672 0
-2289 672 0
2290 -673 0
-2290 673 0
2291 -674 0
-2291 674 0
2292 -675 0
-2292 675 0
2293 -676 0
-2293 676 0
2294 -677 0
-2294 677 0
2295 -680 0
-2295 680 0
2296 -681 0
-2296 681 0
2297 -682 0
-2297 682 0
2298 -685 0
-2298 685 0
2299 -686 0
-2299 686 0
2300 -687 0
-2300 687 0
2301 -688 0
-2301 688 0
2302 -689 0
-2302 689 0
2303 -690 0
-2303 690 0
2304 -691 0
-2304 691 0
2305 -694 0
-2305 694 0
2306 -695 0
-2306 695 0
2307 -696 0
-2307 696 0
2308 -697 0
-2308 697 0
2309 -698 0
-2309 698 0
2310 -699 0
-2310 699 0
2311 -700 0
-2311 700 0
2312 -701 0
-2312 701 0
2313 -702 0
-2313 702 0
2314 -703 0
-2314 703 0
2315 -704 0
-2315 704 0
2316 -705 0
-2316 705 0
2317 -706 0
-2317 706 0
2318 -707 0
-2318 707 0
2319 -711 0
-2319 711 0
2320 -712 0
-2320 712 0
2321 -713 0
-2321 713 0
2322 -714 0
-2322 714 0
2323 -715 0
-2323 715 0
2324 -716 0
-2324 716 0
2325 -717 0
-2325 717 0
2326 -718 0
-2326 718 0
2045 -721 0
-2045 721 0
721 0
-721 446 720 0
-446 438 -445 0
-438 431 -437 0
-431 428 -430 0
-428 425 -427 0
-425 422 -424 0
-422 418 -421 0
-418 413 -417 0
-413 410 -412 0
-410 407 -409 0
-407 401 -406 0
-401 398 -400 0
-398 394 -397 0
-394 390 -393 0
-390 387 -389 0
-387 382 -386 0
-382 379 -381 0
-379 376 -378 0
-376 373 -375 0
-373 369 -372 0
-369 365 -368 0
-365 361 -364 0
-361 358 -360 0
-358 354 -357 0
-354 351 -353 0
-351 347 -350 0
-347 343 -346 0
-343 339 -342 0
-339 335 -338 0
-335 332 -334 0
-332 328 -331 0
-328 324 -327 0
-324 320 -323 0
-320 317 -319 0
-317 313 -316 0
-313 309 -312 0
-309 306 -308 0
-306 302 -305 0
-302 298 -301 0
-298 294 -297 0
-294 291 -293 0
-291 287 -290 0
-287 283 -286 0
-283 278 -282 0
-278 275 -277 0
-275 271 -274 0
-271 267 -270 0
-267 263 -266 0
-263 260 -262 0
-260 256 -259 0
-256 252 -255 0
-252 249 -251 0
-249 245 -248 0
-245 241 -244 0
-241 238 -240 0
-238 234 -237 0
-234 230 -233 0
-230 226 -229 0
-226 223 -225 0
-223 219 -222 0
-219 216 -218 0
-216 212 -215 0
-212 209 -211 0
-209 205 -208 0
-205 200 -204 0
-200 196 -199 0
-196 192 -195 0
-192 187 -191 0
-187 183 -186 0
-183 179 -182 0
-179 174 -178 0
-174 170 -173 0
-170 166 -169 0
-166 162 -165 0
-162 157 -161 0
-157 153 -156 0
-153 149 -152 0
-149 145 -148 0
-145 140 -144 0
-140 136 -139 0
-136 132 -135 0
-132 128 -131 0
-128 124 -127 0
-124 119 -123 0
-119 115 -118 0
-115 111 -114 0
-111 106 -110 0
-106 102 -105 0
-102 98 -101 0
-98 94 -97 0
-94 89 -93 0
-89 85 -88 0
-85 81 -84 0
-81 77 -80 0
-77 73 -76 0
-73 68 -72 0
-68 64 -67 0
-64 60 -63 0
-60 56 -59 0
-56 51 -55 0
-51 47 -50 0
-47 43 -46 0
-43 38 -42 0
-38 34 -37 0
-34 30 -33 0
-30 25 -29 0
-25 21 -24 0
-21 17 -20 0
-17 12 -16 0
-12 8 -11 0
-8 -3 -7 0
1 -2 3 0
-1 2 3 0
4 6 7 0
-4 -6 7 0
-1 5 6 0
-6 1 0
-6 -5 0
9 -10 11 0
-9 10 11 0
13 15 16 0
-13 -15 16 0
-9 14 15 0
-15 9 0
-15 -14 0
18 -19 20 0
-18 19 20 0
22 23 24 0
-22 -23 24 0
-4 -13 23 0
-23 4 0
-23 13 0
26 28 29 0
-26 -28 29 0
-18 27 28 0
-28 18 0
-28 -27 0
31 32 33 0
-31 -32 33 0
-13 -26 32 0
-32 13 0
-32 26 0
35 -36 37 0
-35 36 37 0
39 41 42 0
-39 -41 42 0
-35 40 41 0
-41 35 0
-41 -40 0
44 45 46 0
-44 -45 46 0
-26 -39 45 0
-45 26 0
-45 39 0
48 -49 50 0
-48 49 50 0
52 54 55 0
-52 -54 55 0
-48 53 54 0
-54 48 0
-54 -53 0
57 58 59 0
-57 -58 59 0
-39 -52 58 0
-58 39 0
-58 52 0
61 -62 63 0
-61 62 63 0
65 66 67 0
-65 -66 67 0
-22 -44 66 0
-66 22 0
-66 44 0
69 71 72 0
-69 -71 72 0
-61 70 71 0
-71 61 0
-71 -70 0
74 75 76 0
-74 -75 76 0
-31 -57 75 0
-75 31 0
-75 57 0
78 -79 80 0
-78 79 80 0
82 83 84 0
-82 -83 84 0
-52 -69 83 0
-83 52 0
-83 69 0
86 87 88 0
-86 -87 88 0
-44 -82 87 0
-87 44 0
-87 82 0
90 92 93 0
-90 -92 93 0
-78 91 92 0
-92 78 0
-92 -91 0
95 96 97 0
-95 -96 97 0
-69 -90 96 0
-96 69 0
-96 90 0
99 100 101 0
-99 -100 101 0
-57 -95 100 0
-100 57 0
-100 95 0
103 -104 105 0
-103 104 105 0
107 109 110 0
-107 -109 110 0
-103 108 109 0
-109 103 0
-109 -108 0
112 113 114 0
-112 -113 114 0
-90 -107 113 0
-113 90 0
-113 107 0
116 -117 118 0
-116 117 118 0
120 122 123 0
-120 -122 123 0
-116 121 122 0
-122 116 0
-122 -121 0
125 126 127 0
-125 -126 127 0
-107 -120 126 0
-126 107 0
-126 120 0
129 130 131 0
-129 -130 131 0
-82 -112 130 0
-130 82 0
-130 112 0
133 -134 135 0
-133 134 135 0
137 138 139 0
-137 -138 139 0
-95 -125 138 0
-138 95 0
-138 125 0
141 143 144 0
-141 -143 144 0
-133 142 143 0
-143 133 0
-143 -142 0
146 147 148 0
-146 -147 148 0
-120 -141 147 0
-147 120 0
-147 141 0
150 151 152 0
-150 -151 152 0
-112 -146 151 0
-151 112 0
-151 146 0
154 -155 156 0
-154 155 156 0
158 160 161 0
-158 -160 161 0
-154 159 160 0
-160 154 0
-160 -159 0
163 164 165 0
-163 -164 165 0
-141 -158 164 0
-164 141 0
-164 158 0
167 168 169 0
-167 -168 169 0
-125 -163 168 0
-168 125 0
-168 163 0
171 -172 173 0
-171 172 173 0
175 177 178 0
-175 -177 178 0
-171 176 177 0
-177 171 0
-177 -176 0
180 181 182 0
-180 -181 182 0
-158 -175 181 0
-181 158 0
-181 175 0
184 -185 186 0
-184 185 186 0
188 190 191 0
-188 -190 191 0
-184 189 190 0
-190 184 0
-190 -189 0
193 194 195 0
-193 -194 195 0
-175 -188 194 0
-194 175 0
-194 188 0
197 -198 199 0
-197 198 199 0
201 203 204 0
-201 -203 204 0
-197 202 203 0
-203 197 0
-203 -202 0
206 -207 208 0
-206 207 208 0
210 -2 211 0
-210 2 211 0
213 214 215 0
-213 -214 215 0
-210 5 214 0
-214 210 0
-214 -5 0
217 -10 218 0
-217 10 218 0
220 221 222 0
-220 -221 222 0
-217 14 221 0
-221 217 0
-221 -14 0
224 -19 225 0
-224 19 225 0
227 228 229 0
-227 -228 229 0
-213 -220 228 0
-228 213 0
-228 220 0
231 232 233 0
-231 -232 233 0
-224 27 232 0
-232 224 0
-232 -27 0
235 236 237 0
-235 -236 237 0
-220 -231 236 0
-236 220 0
-236 231 0
239 -36 240 0
-239 36 240 0
242 243 244 0
-242 -243 244 0
-239 40 243 0
-243 239 0
-243 -40 0
246 247 248 0
-246 -247 248 0
-231 -242 247 0
-247 231 0
-247 242 0
250 -49 251 0
-250 49 251 0
253 254 255 0
-253 -254 255 0
-250 53 254 0
-254 250 0
-254 -53 0
257 258 259 0
-257 -258 259 0
-242 -253 258 0
-258 242 0
-258 253 0
261 -62 262 0
-261 62 262 0
264 265 266 0
-264 -265 266 0
-227 -246 265 0
-265 227 0
-265 246 0
268 269 270 0
-268 -269 270 0
-261 70 269 0
-269 261 0
-269 -70 0
272 273 274 0
-272 -273 274 0
-235 -257 273 0
-273 235 0
-273 257 0
276 -79 277 0
-276 79 277 0
279 281 282 0
-279 -281 282 0
-280 -227 281 0
-276 -91 280 0
-281 280 0
-281 227 0
-280 276 0
-280 91 0
284 285 286 0
-284 -285 286 0
-253 -268 285 0
-285 253 0
-285 268 0
288 289 290 0
-288 -289 290 0
-246 -284 289 0
-289 246 0
-289 284 0
292 288 293 0
-292 -288 293 0
295 296 297 0
-295 -296 297 0
-276 91 296 0
-296 276 0
-296 -91 0
299 300 301 0
-299 -300 301 0
-268 -295 300 0
-300 268 0
-300 295 0
303 304 305 0
-303 -304 305 0
-257 -299 304 0
-304 257 0
-304 299 0
307 -104 308 0
-307 104 308 0
310 311 312 0
-310 -311 312 0
-307 108 311 0
-311 307 0
-311 -108 0
314 315 316 0
-314 -315 316 0
-295 -310 315 0
-315 295 0
-315 310 0
318 -117 319 0
-318 117 319 0
321 322 323 0
-321 -322 323 0
-318 121 322 0
-322 318 0
-322 -121 0
325 326 327 0
-325 -326 327 0
-310 -321 326 0
-326 310 0
-326 321 0
329 330 331 0
-329 -330 331 0
-284 -314 330 0
-330 284 0
-330 314 0
333 -134 334 0
-333 134 334 0
336 337 338 0
-336 -337 338 0
-299 -325 337 0
-337 299 0
-337 325 0
340 341 342 0
-340 -341 342 0
-333 142 341 0
-341 333 0
-341 -142 0
344 345 346 0
-344 -345 346 0
-321 -340 345 0
-345 321 0
-345 340 0
348 349 350 0
-348 -349 350 0
-314 -344 349 0
-349 314 0
-349 344 0
352 -155 353 0
-352 155 353 0
355 356 357 0
-355 -356 357 0
-352 -159 356 0
-356 352 0
-356 159 0
359 227 360 0
-359 -227 360 0
362 363 364 0
-362 -363 364 0
-352 159 363 0
-363 352 0
-363 -159 0
366 367 368 0
-366 -367 368 0
-340 -362 367 0
-367 340 0
-367 362 0
370 371 372 0
-370 -371 372 0
-325 -366 371 0
-371 325 0
-371 366 0
374 -172 375 0
-374 172 375 0
377 374 378 0
-377 -374 378 0
380 -176 381 0
-380 176 381 0
383 385 386 0
-383 -385 386 0
-362 -384 385 0
-385 362 0
-385 384 0
388 -185 389 0
-388 185 389 0
391 392 393 0
-391 -392 393 0
-388 189 392 0
-392 388 0
-392 -189 0
395 396 397 0
-395 -396 397 0
-384 -391 396 0
-396 384 0
-396 391 0
399 -198 400 0
-399 198 400 0
402 405 406 0
-402 -405 406 0
-404 -264 405 0
-391 -403 404 0
-399 -202 403 0
-405 404 0
-405 264 0
-404 391 0
-404 403 0
-403 399 0
-403 202 0
408 344 409 0
-408 -344 409 0
411 383 412 0
-411 -383 412 0
414 416 417 0
-414 -416 417 0
-329 -415 416 0
-416 329 0
-416 415 0
419 420 421 0
-419 -420 421 0
-399 202 420 0
-420 399 0
-420 -202 0
423 366 424 0
-423 -366 424 0
426 395 427 0
-426 -395 427 0
429 -207 430 0
-429 207 430 0
432 436 437 0
-432 -436 437 0
-435 -303 436 0
-434 -235 435 0
-433 -213 434 0
-436 435 0
-436 303 0
-435 434 0
-435 235 0
-434 433 0
-434 213 0
439 444 445 0
-439 -444 445 0
-370 -443 444 0
-395 -442 443 0
-419 -441 442 0
-429 440 441 0
-444 370 0
-444 443 0
-443 395 0
-443 442 0
-442 419 0
-442 441 0
-441 429 0
-441 -440 0
-720 709 0
-720 719 0
-709 693 0
-709 708 0
-693 679 0
-693 692 0
-679 670 0
-679 678 0
-670 658 0
-670 669 0
-658 646 0
-658 657 0
-646 634 0
-646 645 0
-634 622 0
-634 633 0
-622 612 0
-622 621 0
-612 603 0
-612 611 0
-603 593 0
-603 602 0
-593 583 0
-593 592 0
-583 573 0
-583 582 0
-573 563 0
-573 572 0
-563 553 0
-563 562 0
-553 543 0
-553 552 0
-543 535 0
-543 542 0
-535 529 0
-535 534 0
-529 521 0
-529 528 0
-521 513 0
-521 520 0
-513 505 0
-513 512 0
-505 497 0
-505 504 0
-497 489 0
-497 496 0
-489 481 0
-489 488 0
-481 475 0
-481 480 0
-475 469 0
-475 474 0
-469 463 0
-469 468 0
-463 457 0
-463 462 0
-457 453 0
-457 456 0
-453 449 0
-453 452 0
-449 447 0
-449 448 0
-447 -2 2 0
-447 2 -2 0
-448 -2 2 0
-448 2 -2 0
-452 -450 451 0
-452 450 -451 0
-450 210 0
-450 5 0
-451 1 0
-451 5 0
-210 -5 450 0
-1 -5 451 0
-456 -454 455 0
-456 454 -455 0
-454 10 0
-454 213 0
-455 10 0
-455 4 0
-10 -213 454 0
-10 -4 455 0
-462 -459 461 0
-462 459 -461 0
-459 213 0
-459 458 0
-458 217 0
-458 14 0
-461 4 0
-461 460 0
-460 9 0
-460 14 0
-213 -458 459 0
-217 -14 458 0
-4 -460 461 0
-9 -14 460 0
-468 -465 467 0
-468 465 -467 0
-465 220 0
-465 464 0
-464 19 0
-464 213 0
-467 13 0
-467 466 0
-466 19 0
-466 4 0
-220 -464 465 0
-19 -213 464 0
-13 -466 467 0
-19 -4 466 0
-474 -471 473 0
-474 471 -473 0
-471 470 0
-471 227 0
-470 224 0
-470 27 0
-473 472 0
-473 22 0
-472 18 0
-472 27 0
-470 -227 471 0
-224 -27 470 0
-472 -22 473 0
-18 -27 472 0
-480 -477 479 0
-480 477 -479 0
-477 476 0
-477 235 0
-476 36 0
-476 213 0
-479 478 0
-479 31 0
-478 36 0
-478 4 0
-476 -235 477 0
-36 -213 476 0
-478 -31 479 0
-36 -4 478 0
-488 -484 487 0
-488 484 -487 0
-484 227 0
-484 483 0
-483 231 0
-483 482 0
-482 239 0
-482 40 0
-487 22 0
-487 486 0
-486 26 0
-486 485 0
-485 35 0
-485 40 0
-227 -483 484 0
-231 -482 483 0
-239 -40 482 0
-22 -486 487 0
-26 -485 486 0
-35 -40 485 0
-496 -492 495 0
-496 492 -495 0
-492 235 0
-492 491 0
-491 242 0
-491 490 0
-490 49 0
-490 213 0
-495 31 0
-495 494 0
-494 39 0
-494 493 0
-493 49 0
-493 4 0
-235 -491 492 0
-242 -490 491 0
-49 -213 490 0
-31 -494 495 0
-39 -493 494 0
-49 -4 493 0
-504 -500 503 0
-504 500 -503 0
-500 246 0
-500 499 0
-499 498 0
-499 227 0
-498 250 0
-498 53 0
-503 44 0
-503 502 0
-502 501 0
-502 22 0
-501 48 0
-501 53 0
-246 -499 500 0
-498 -227 499 0
-250 -53 498 0
-44 -502 503 0
-501 -22 502 0
-48 -53 501 0
-512 -508 511 0
-512 508 -511 0
-508 257 0
-508 507 0
-507 506 0
-507 235 0
-506 62 0
-506 213 0
-511 57 0
-511 510 0
-510 509 0
-510 31 0
-509 62 0
-509 4 0
-257 -507 508 0
-506 -235 507 0
-62 -213 506 0
-57 -510 511 0
-509 -31 510 0
-62 -4 509 0
-520 -516 519 0
-520 516 -519 0
-516 515 0
-516 264 0
-515 253 0
-515 514 0
-514 261 0
-514 70 0
-519 518 0
-519 65 0
-518 52 0
-518 517 0
-517 61 0
-517 70 0
-515 -264 516 0
-253 -514 515 0
-261 -70 514 0
-518 -65 519 0
-52 -517 518 0
-61 -70 517 0
-528 -524 527 0
-528 524 -527 0
-524 523 0
-524 272 0
-523 268 0
-523 522 0
-522 79 0
-522 213 0
-527 526 0
-527 74 0
-526 69 0
-526 525 0
-525 79 0
-525 4 0
-523 -272 524 0
-268 -522 523 0
-79 -213 522 0
-526 -74 527 0
-69 -525 526 0
-79 -4 525 0
-534 -530 533 0
-534 530 -533 0
-533 532 0
-533 86 0
-532 531 0
-532 22 0
-531 78 0
-531 91 0
-532 -86 533 0
-531 -22 532 0
-78 -91 531 0
-542 -538 541 0
-542 538 -541 0
-538 537 0
-538 303 0
-537 536 0
-537 235 0
-536 104 0
-536 213 0
-541 540 0
-541 99 0
-540 539 0
-540 31 0
-539 104 0
-539 4 0
-537 -303 538 0
-536 -235 537 0
-104 -213 536 0
-540 -99 541 0
-539 -31 540 0
-104 -4 539 0
-552 -547 551 0
-552 547 -551 0
-547 264 0
-547 546 0
-546 284 0
-546 545 0
-545 295 0
-545 544 0
-544 307 0
-544 108 0
-551 65 0
-551 550 0
-550 82 0
-550 549 0
-549 90 0
-549 548 0
-548 103 0
-548 108 0
-264 -546 547 0
-284 -545 546 0
-295 -544 545 0
-307 -108 544 0
-65 -550 551 0
-82 -549 550 0
-90 -548 549 0
-103 -108 548 0
-562 -557 561 0
-562 557 -561 0
-557 272 0
-557 556 0
-556 299 0
-556 555 0
-555 310 0
-555 554 0
-554 117 0
-554 213 0
-561 74 0
-561 560 0
-560 95 0
-560 559 0
-559 107 0
-559 558 0
-558 117 0
-558 4 0
-272 -556 557 0
-299 -555 556 0
-310 -554 555 0
-117 -213 554 0
-74 -560 561 0
-95 -559 560 0
-107 -558 559 0
-117 -4 558 0
-572 -567 571 0
-572 567 -571 0
-567 288 0
-567 566 0
-566 314 0
-566 565 0
-565 564 0
-565 227 0
-564 318 0
-564 121 0
-571 86 0
-571 570 0
-570 112 0
-570 569 0
-569 568 0
-569 22 0
-568 116 0
-568 121 0
-288 -566 567 0
-314 -565 566 0
-564 -227 565 0
-318 -121 564 0
-86 -570 571 0
-112 -569 570 0
-568 -22 569 0
-116 -121 568 0
-582 -577 581 0
-582 577 -581 0
-577 303 0
-577 576 0
-576 325 0
-576 575 0
-575 574 0
-575 235 0
-574 134 0
-574 213 0
-581 99 0
-581 580 0
-580 125 0
-580 579 0
-579 578 0
-579 31 0
-578 134 0
-578 4 0
-303 -576 577 0
-325 -575 576 0
-574 -235 575 0
-134 -213 574 0
-99 -580 581 0
-125 -579 580 0
-578 -31 579 0
-134 -4 578 0
-592 -587 591 0
-592 587 -591 0
-587 329 0
-587 586 0
-586 585 0
-586 264 0
-585 321 0
-585 584 0
-584 333 0
-584 142 0
-591 129 0
-591 590 0
-590 589 0
-590 65 0
-589 120 0
-589 588 0
-588 133 0
-588 142 0
-329 -586 587 0
-585 -264 586 0
-321 -584 585 0
-333 -142 584 0
-129 -590 591 0
-589 -65 590 0
-120 -588 589 0
-133 -142 588 0
-602 -597 601 0
-602 597 -601 0
-597 336 0
-597 596 0
-596 595 0
-596 272 0
-595 340 0
-595 594 0
-594 155 0
-594 213 0
-601 137 0
-601 600 0
-600 599 0
-600 74 0
-599 141 0
-599 598 0
-598 155 0
-598 4 0
-336 -596 597 0
-595 -272 596 0
-340 -594 595 0
-155 -213 594 0
-137 -600 601 0
-599 -74 600 0
-141 -598 599 0
-155 -4 598 0
-611 -606 610 0
-611 606 -610 0
-606 348 0
-606 605 0
-605 604 288 0
-610 150 0
-610 609 0
-609 608 0
-609 86 0
-608 607 0
-608 22 0
-607 154 0
-607 159 0
-348 -605 606 0
-604 288 605 0
604 -288 605 0
-604 -288 605 0
-150 -609 610 0
-608 -86 609 0
-607 -22 608 0
-154 -159 607 0
-621 -616 620 0
-621 616 -620 0
-616 370 0
-616 615 0
-615 614 0
-615 303 0
-614 613 0
-614 235 0
-613 172 0
-613 213 0
-620 167 0
-620 619 0
-619 618 0
-619 99 0
-618 617 0
-618 31 0
-617 172 0
-617 4 0
-370 -615 616 0
-614 -303 615 0
-613 -235 614 0
-172 -213 613 0
-167 -619 620 0
-618 -99 619 0
-617 -31 618 0
-172 -4 617 0
-633 -627 632 0
-633 627 -632 0
-627 625 0
-627 626 0
-625 344 0
-625 624 0
-624 362 0
-624 623 0
-623 374 0
-623 176 0
-626 264 0
-626 329 0
-632 630 0
-632 631 0
-630 146 0
-630 629 0
-629 158 0
-629 628 0
-628 171 0
-628 176 0
-631 65 0
-631 129 0
-625 -626 627 0
-344 -624 625 0
-362 -623 624 0
-374 -176 623 0
-264 -329 626 0
-630 -631 632 0
-146 -629 630 0
-158 -628 629 0
-171 -176 628 0
-65 -129 631 0
-645 -639 644 0
-645 639 -644 0
-639 637 0
-639 638 0
-637 366 0
-637 636 0
-636 384 0
-636 635 0
-635 185 0
-635 213 0
-638 272 0
-638 336 0
-644 642 0
-644 643 0
-642 163 0
-642 641 0
-641 175 0
-641 640 0
-640 185 0
-640 4 0
-643 74 0
-643 137 0
-637 -638 639 0
-366 -636 637 0
-384 -635 636 0
-185 -213 635 0
-272 -336 638 0
-642 -643 644 0
-163 -641 642 0
-175 -640 641 0
-185 -4 640 0
-74 -137 643 0
-657 -651 656 0
-657 651 -656 0
-651 649 0
-651 650 0
-649 383 0
-649 648 0
-648 647 0
-648 227 0
-647 388 0
-647 189 0
-650 288 0
-650 348 0
-656 654 0
-656 655 0
-654 180 0
-654 653 0
-653 652 0
-653 22 0
-652 184 0
-652 189 0
-655 86 0
-655 150 0
-649 -650 651 0
-383 -648 649 0
-647 -227 648 0
-388 -189 647 0
-288 -348 650 0
-654 -655 656 0
-180 -653 654 0
-652 -22 653 0
-184 -189 652 0
-86 -150 655 0
-669 -663 668 0
-669 663 -668 0
-663 661 0
-663 662 0
-661 395 0
-661 660 0
-660 659 0
-660 235 0
-659 198 0
-659 213 0
-662 303 0
-662 370 0
-668 666 0
-668 667 0
-666 193 0
-666 665 0
-665 664 0
-665 31 0
-664 198 0
-664 4 0
-667 99 0
-667 167 0
-661 -662 663 0
-395 -660 661 0
-659 -235 660 0
-198 -213 659 0
-303 -370 662 0
-666 -667 668 0
-193 -665 666 0
-664 -31 665 0
-198 -4 664 0
-99 -167 667 0
-678 -671 677 0
-678 671 -677 0
-677 674 0
-677 676 0
-674 673 0
-674 65 0
-673 188 0
-673 672 0
-672 197 0
-672 202 0
-676 129 0
-676 675 0
-675 146 0
-675 180 0
-674 -676 677 0
-673 -65 674 0
-188 -672 673 0
-197 -202 672 0
-129 -675 676 0
-146 -180 675 0
-692 -685 691 0
-692 685 -691 0
-685 682 0
-685 684 0
-682 681 0
-682 272 0
-681 419 0
-681 680 0
-680 207 0
-680 213 0
-684 336 0
-684 683 0
-691 688 0
-691 690 0
-688 687 0
-688 74 0
-687 201 0
-687 686 0
-686 207 0
-686 4 0
-690 137 0
-690 689 0
-689 163 0
-689 193 0
-682 -684 685 0
-681 -272 682 0
-419 -680 681 0
-207 -213 680 0
-336 -683 684 0
-688 -690 691 0
-687 -74 688 0
-201 -686 687 0
-207 -4 686 0
-137 -689 690 0
-163 -193 689 0
-708 -700 707 0
-708 700 -707 0
-700 696 0
-700 699 0
-696 695 0
-696 288 0
-695 694 0
-695 227 0
-694 429 0
-694 440 0
-699 348 0
-699 698 0
-698 383 0
-698 697 0
-697 391 0
-697 419 0
-707 703 0
-707 706 0
-703 702 0
-703 86 0
-702 701 0
-702 22 0
-701 206 0
-701 440 0
-706 150 0
-706 705 0
-705 180 0
-705 704 0
-704 188 0
-704 201 0
-696 -699 700 0
-695 -288 696 0
-694 -227 695 0
-429 -440 694 0
-348 -698 699 0
-383 -697 698 0
-391 -419 697 0
-703 -706 707 0
-702 -86 703 0
-701 -22 702 0
-206 -440 701 0
-150 -705 706 0
-180 -704 705 0
-188 -201 704 0
-719 -710 718 0
-719 710 -718 0
-718 713 0
-718 717 0
-713 712 0
-713 99 0
-712 711 0
-712 31 0
-711 433 0
-711 4 0
-717 167 0
-717 716 0
-716 193 0
-716 715 0
-715 201 0
-715 714 0
-714 206 0
-714 -440 0
-713 -717 718 0
-712 -99 713 0
-711 -31 712 0
-433 -4 711 0
-167 -716 717 0
-193 -715 716 0
-201 -714 715 0
-206 440 714 0
2045 0
1 -2046 0
-5 -2046 0
-1 5 2046 0
9 -2047 0
-14 -2047 0
-9 14 2047 0
13 -2048 0
4 -2048 0
-13 -4 2048 0
18 -2049 0
-27 -2049 0
-18 27 2049 0
26 -2050 0
13 -2050 0
-26 -13 2050 0
35 -2051 0
-40 -2051 0
-35 40 2051 0
39 -2052 0
26 -2052 0
-39 -26 2052 0
48 -2053 0
-53 -2053 0
-48 53 2053 0
52 -2054 0
39 -2054 0
-52 -39 2054 0
44 -2055 0
22 -2055 0
-44 -22 2055 0
61 -2056 0
-70 -2056 0
-61 70 2056 0
57 -2057 0
31 -2057 0
-57 -31 2057 0
69 -2058 0
52 -2058 0
-69 -52 2058 0
44 -2059 0
82 -2059 0
-44 -82 2059 0
78 -2060 0
-91 -2060 0
-78 91 2060 0
69 -2061 0
90 -2061 0
-69 -90 2061 0
57 -2062 0
95 -2062 0
-57 -95 2062 0
-108 -2063 0
103 -2063 0
108 -103 2063 0
107 -2064 0
90 -2064 0
-107 -90 2064 0
-121 -2065 0
116 -2065 0
121 -116 2065 0
107 -2066 0
120 -2066 0
-107 -120 2066 0
112 -2067 0
82 -2067 0
-112 -82 2067 0
95 -2068 0
125 -2068 0
-95 -125 2068 0
-142 -2069 0
133 -2069 0
142 -133 2069 0
141 -2070 0
120 -2070 0
-141 -120 2070 0
112 -2071 0
146 -2071 0
-112 -146 2071 0
-159 -2072 0
154 -2072 0
159 -154 2072 0
158 -2073 0
141 -2073 0
-158 -141 2073 0
125 -2074 0
163 -2074 0
-125 -163 2074 0
-176 -2075 0
171 -2075 0
176 -171 2075 0
158 -2076 0
175 -2076 0
-158 -175 2076 0
-189 -2077 0
184 -2077 0
189 -184 2077 0
188 -2078 0
175 -2078 0
-188 -175 2078 0
-202 -2079 0
197 -2079 0
202 -197 2079 0
-5 -2080 0
210 -2080 0
5 -210 2080 0
-14 -2081 0
217 -2081 0
14 -217 2081 0
220 -2082 0
213 -2082 0
-220 -213 2082 0
-27 -2083 0
224 -2083 0
27 -224 2083 0
220 -2084 0
231 -2084 0
-220 -231 2084 0
-40 -2085 0
239 -2085 0
40 -239 2085 0
231 -2086 0
242 -2086 0
-231 -242 2086 0
250 -2087 0
-53 -2087 0
-250 53 2087 0
253 -2088 0
242 -2088 0
-253 -242 2088 0
246 -2089 0
227 -2089 0
-246 -227 2089 0
-70 -2090 0
261 -2090 0
70 -261 2090 0
257 -2091 0
235 -2091 0
-257 -235 2091 0
91 -2092 0
276 -2092 0
-91 -276 2092 0
227 -2093 0
280 -2093 0
-227 -280 2093 0
253 -2094 0
268 -2094 0
-253 -268 2094 0
246 -2095 0
284 -2095 0
-246 -284 2095 0
-91 -2096 0
276 -2096 0
91 -276 2096 0
268 -2097 0
295 -2097 0
-268 -295 2097 0
257 -2098 0
299 -2098 0
-257 -299 2098 0
-108 -2099 0
307 -2099 0
108 -307 2099 0
295 -2100 0
310 -2100 0
-295 -310 2100 0
-121 -2101 0
318 -2101 0
121 -318 2101 0
321 -2102 0
310 -2102 0
-321 -310 2102 0
314 -2103 0
284 -2103 0
-314 -284 2103 0
325 -2104 0
299 -2104 0
-325 -299 2104 0
333 -2105 0
-142 -2105 0
-333 142 2105 0
321 -2106 0
340 -2106 0
-321 -340 2106 0
344 -2107 0
314 -2107 0
-344 -314 2107 0
352 -2108 0
159 -2108 0
-352 -159 2108 0
352 -2109 0
-159 -2109 0
-352 159 2109 0
362 -2110 0
340 -2110 0
-362 -340 2110 0
325 -2111 0
366 -2111 0
-325 -366 2111 0
-189 -2112 0
388 -2112 0
189 -388 2112 0
399 -2113 0
202 -2113 0
-399 -202 2113 0
391 -2114 0
403 -2114 0
-391 -403 2114 0
264 -2115 0
404 -2115 0
-264 -404 2115 0
399 -2116 0
-202 -2116 0
-399 202 2116 0
433 -2117 0
213 -2117 0
-433 -213 2117 0
235 -2118 0
434 -2118 0
-235 -434 2118 0
303 -2119 0
435 -2119 0
-303 -435 2119 0
429 -2120 0
-440 -2120 0
-429 440 2120 0
419 -2121 0
441 -2121 0
-419 -441 2121 0
395 -2122 0
442 -2122 0
-395 -442 2122 0
370 -2123 0
443 -2123 0
-370 -443 2123 0
5 -2124 0
210 -2124 0
-5 -210 2124 0
1 -2125 0
5 -2125 0
-1 -5 2125 0
10 -2126 0
213 -2126 0
-10 -213 2126 0
4 -2127 0
10 -2127 0
-4 -10 2127 0
14 -2128 0
217 -2128 0
-14 -217 2128 0
213 -2129 0
458 -2129 0
-213 -458 2129 0
9 -2130 0
14 -2130 0
-9 -14 2130 0
4 -2131 0
460 -2131 0
-4 -460 2131 0
19 -2132 0
213 -2132 0
-19 -213 2132 0
220 -2133 0
464 -2133 0
-220 -464 2133 0
4 -2134 0
19 -2134 0
-4 -19 2134 0
13 -2135 0
466 -2135 0
-13 -466 2135 0
27 -2136 0
224 -2136 0
-27 -224 2136 0
227 -2137 0
470 -2137 0
-227 -470 2137 0
18 -2138 0
27 -2138 0
-18 -27 2138 0
22 -2139 0
472 -2139 0
-22 -472 2139 0
36 -2140 0
213 -2140 0
-36 -213 2140 0
235 -2141 0
476 -2141 0
-235 -476 2141 0
4 -2142 0
36 -2142 0
-4 -36 2142 0
31 -2143 0
478 -2143 0
-31 -478 2143 0
40 -2144 0
239 -2144 0
-40 -239 2144 0
231 -2145 0
482 -2145 0
-231 -482 2145 0
227 -2146 0
483 -2146 0
-227 -483 2146 0
35 -2147 0
40 -2147 0
-35 -40 2147 0
26 -2148 0
485 -2148 0
-26 -485 2148 0
22 -2149 0
486 -2149 0
-22 -486 2149 0
49 -2150 0
213 -2150 0
-49 -213 2150 0
242 -2151 0
490 -2151 0
-242 -490 2151 0
235 -2152 0
491 -2152 0
-235 -491 2152 0
4 -2153 0
49 -2153 0
-4 -49 2153 0
39 -2154 0
493 -2154 0
-39 -493 2154 0
31 -2155 0
494 -2155 0
-31 -494 2155 0
250 -2156 0
53 -2156 0
-250 -53 2156 0
227 -2157 0
498 -2157 0
-227 -498 2157 0
246 -2158 0
499 -2158 0
-246 -499 2158 0
48 -2159 0
53 -2159 0
-48 -53 2159 0
22 -2160 0
501 -2160 0
-22 -501 2160 0
44 -2161 0
502 -2161 0
-44 -502 2161 0
62 -2162 0
213 -2162 0
-62 -213 2162 0
235 -2163 0
506 -2163 0
-235 -506 2163 0
257 -2164 0
507 -2164 0
-257 -507 2164 0
62 -2165 0
4 -2165 0
-62 -4 2165 0
31 -2166 0
509 -2166 0
-31 -509 2166 0
57 -2167 0
510 -2167 0
-57 -510 2167 0
70 -2168 0
261 -2168 0
-70 -261 2168 0
253 -2169 0
514 -2169 0
-253 -514 2169 0
264 -2170 0
515 -2170 0
-264 -515 2170 0
61 -2171 0
70 -2171 0
-61 -70 2171 0
52 -2172 0
517 -2172 0
-52 -517 2172 0
65 -2173 0
518 -2173 0
-65 -518 2173 0
79 -2174 0
213 -2174 0
-79 -213 2174 0
268 -2175 0
522 -2175 0
-268 -522 2175 0
272 -2176 0
523 -2176 0
-272 -523 2176 0
79 -2177 0
4 -2177 0
-79 -4 2177 0
69 -2178 0
525 -2178 0
-69 -525 2178 0
74 -2179 0
526 -2179 0
-74 -526 2179 0
78 -2180 0
91 -2180 0
-78 -91 2180 0
22 -2181 0
531 -2181 0
-22 -531 2181 0
86 -2182 0
532 -2182 0
-86 -532 2182 0
104 -2183 0
213 -2183 0
-104 -213 2183 0
235 -2184 0
536 -2184 0
-235 -536 2184 0
303 -2185 0
537 -2185 0
-303 -537 2185 0
104 -2186 0
4 -2186 0
-104 -4 2186 0
31 -2187 0
539 -2187 0
-31 -539 2187 0
99 -2188 0
540 -2188 0
-99 -540 2188 0
108 -2189 0
307 -2189 0
-108 -307 2189 0
295 -2190 0
544 -2190 0
-295 -544 2190 0
284 -2191 0
545 -2191 0
-284 -545 2191 0
264 -2192 0
546 -2192 0
-264 -546 2192 0
108 -2193 0
103 -2193 0
-108 -103 2193 0
90 -2194 0
548 -2194 0
-90 -548 2194 0
82 -2195 0
549 -2195 0
-82 -549 2195 0
65 -2196 0
550 -2196 0
-65 -550 2196 0
117 -2197 0
213 -2197 0
-117 -213 2197 0
310 -2198 0
554 -2198 0
-310 -554 2198 0
299 -2199 0
555 -2199 0
-299 -555 2199 0
272 -2200 0
556 -2200 0
-272 -556 2200 0
117 -2201 0
4 -2201 0
-117 -4 2201 0
107 -2202 0
558 -2202 0
-107 -558 2202 0
95 -2203 0
559 -2203 0
-95 -559 2203 0
74 -2204 0
560 -2204 0
-74 -560 2204 0
121 -2205 0
318 -2205 0
-121 -318 2205 0
227 -2206 0
564 -2206 0
-227 -564 2206 0
314 -2207 0
565 -2207 0
-314 -565 2207 0
288 -2208 0
566 -2208 0
-288 -566 2208 0
121 -2209 0
116 -2209 0
-121 -116 2209 0
22 -2210 0
568 -2210 0
-22 -568 2210 0
112 -2211 0
569 -2211 0
-112 -569 2211 0
86 -2212 0
570 -2212 0
-86 -570 2212 0
134 -2213 0
213 -2213 0
-134 -213 2213 0
235 -2214 0
574 -2214 0
-235 -574 2214 0
325 -2215 0
575 -2215 0
-325 -575 2215 0
303 -2216 0
576 -2216 0
-303 -576 2216 0
134 -2217 0
4 -2217 0
-134 -4 2217 0
31 -2218 0
578 -2218 0
-31 -578 2218 0
125 -2219 0
579 -2219 0
-125 -579 2219 0
99 -2220 0
580 -2220 0
-99 -580 2220 0
333 -2221 0
142 -2221 0
-333 -142 2221 0
321 -2222 0
584 -2222 0
-321 -584 2222 0
264 -2223 0
585 -2223 0
-264 -585 2223 0
329 -2224 0
586 -2224 0
-329 -586 2224 0
142 -2225 0
133 -2225 0
-142 -133 2225 0
120 -2226 0
588 -2226 0
-120 -588 2226 0
65 -2227 0
589 -2227 0
-65 -589 2227 0
129 -2228 0
590 -2228 0
-129 -590 2228 0
155 -2229 0
213 -2229 0
-155 -213 2229 0
340 -2230 0
594 -2230 0
-340 -594 2230 0
272 -2231 0
595 -2231 0
-272 -595 2231 0
336 -2232 0
596 -2232 0
-336 -596 2232 0
155 -2233 0
4 -2233 0
-155 -4 2233 0
141 -2234 0
598 -2234 0
-141 -598 2234 0
74 -2235 0
599 -2235 0
-74 -599 2235 0
137 -2236 0
600 -2236 0
-137 -600 2236 0
348 -2237 0
605 -2237 0
-348 -605 2237 0
159 -2238 0
154 -2238 0
-159 -154 2238 0
22 -2239 0
607 -2239 0
-22 -607 2239 0
86 -2240 0
608 -2240 0
-86 -608 2240 0
150 -2241 0
609 -2241 0
-150 -609 2241 0
172 -2242 0
213 -2242 0
-172 -213 2242 0
235 -2243 0
613 -2243 0
-235 -613 2243 0
303 -2244 0
614 -2244 0
-303 -614 2244 0
370 -2245 0
615 -2245 0
-370 -615 2245 0
172 -2246 0
4 -2246 0
-172 -4 2246 0
31 -2247 0
617 -2247 0
-31 -617 2247 0
99 -2248 0
618 -2248 0
-99 -618 2248 0
167 -2249 0
619 -2249 0
-167 -619 2249 0
374 -2250 0
176 -2250 0
-374 -176 2250 0
362 -2251 0
623 -2251 0
-362 -623 2251 0
344 -2252 0
624 -2252 0
-344 -624 2252 0
329 -2253 0
264 -2253 0
-329 -264 2253 0
625 -2254 0
626 -2254 0
-625 -626 2254 0
176 -2255 0
171 -2255 0
-176 -171 2255 0
158 -2256 0
628 -2256 0
-158 -628 2256 0
146 -2257 0
629 -2257 0
-146 -629 2257 0
65 -2258 0
129 -2258 0
-65 -129 2258 0
630 -2259 0
631 -2259 0
-630 -631 2259 0
185 -2260 0
213 -2260 0
-185 -213 2260 0
366 -2261 0
636 -2261 0
-366 -636 2261 0
336 -2262 0
272 -2262 0
-336 -272 2262 0
637 -2263 0
638 -2263 0
-637 -638 2263 0
185 -2264 0
4 -2264 0
-185 -4 2264 0
175 -2265 0
640 -2265 0
-175 -640 2265 0
163 -2266 0
641 -2266 0
-163 -641 2266 0
74 -2267 0
137 -2267 0
-74 -137 2267 0
642 -2268 0
643 -2268 0
-642 -643 2268 0
189 -2269 0
388 -2269 0
-189 -388 2269 0
227 -2270 0
647 -2270 0
-227 -647 2270 0
383 -2271 0
648 -2271 0
-383 -648 2271 0
348 -2272 0
288 -2272 0
-348 -288 2272 0
649 -2273 0
650 -2273 0
-649 -650 2273 0
189 -2274 0
184 -2274 0
-189 -184 2274 0
22 -2275 0
652 -2275 0
-22 -652 2275 0
180 -2276 0
653 -2276 0
-180 -653 2276 0
86 -2277 0
150 -2277 0
-86 -150 2277 0
654 -2278 0
655 -2278 0
-654 -655 2278 0
198 -2279 0
213 -2279 0
-198 -213 2279 0
235 -2280 0
659 -2280 0
-235 -659 2280 0
395 -2281 0
660 -2281 0
-395 -660 2281 0
370 -2282 0
303 -2282 0
-370 -303 2282 0
661 -2283 0
662 -2283 0
-661 -662 2283 0
198 -2284 0
4 -2284 0
-198 -4 2284 0
31 -2285 0
664 -2285 0
-31 -664 2285 0
193 -2286 0
665 -2286 0
-193 -665 2286 0
99 -2287 0
167 -2287 0
-99 -167 2287 0
666 -2288 0
667 -2288 0
-666 -667 2288 0
202 -2289 0
197 -2289 0
-202 -197 2289 0
188 -2290 0
672 -2290 0
-188 -672 2290 0
65 -2291 0
673 -2291 0
-65 -673 2291 0
180 -2292 0
146 -2292 0
-180 -146 2292 0
129 -2293 0
675 -2293 0
-129 -675 2293 0
674 -2294 0
676 -2294 0
-674 -676 2294 0
207 -2295 0
213 -2295 0
-207 -213 2295 0
419 -2296 0
680 -2296 0
-419 -680 2296 0
272 -2297 0
681 -2297 0
-272 -681 2297 0
682 -2298 0
684 -2298 0
-682 -684 2298 0
207 -2299 0
4 -2299 0
-207 -4 2299 0
201 -2300 0
686 -2300 0
-201 -686 2300 0
74 -2301 0
687 -2301 0
-74 -687 2301 0
193 -2302 0
163 -2302 0
-193 -163 2302 0
137 -2303 0
689 -2303 0
-137 -689 2303 0
688 -2304 0
690 -2304 0
-688 -690 2304 0
429 -2305 0
440 -2305 0
-429 -440 2305 0
227 -2306 0
694 -2306 0
-227 -694 2306 0
288 -2307 0
695 -2307 0
-288 -695 2307 0
419 -2308 0
391 -2308 0
-419 -391 2308 0
383 -2309 0
697 -2309 0
-383 -697 2309 0
348 -2310 0
698 -2310 0
-348 -698 2310 0
696 -2311 0
699 -2311 0
-696 -699 2311 0
440 -2312 0
206 -2312 0
-440 -206 2312 0
22 -2313 0
701 -2313 0
-22 -701 2313 0
86 -2314 0
702 -2314 0
-86 -702 2314 0
201 -2315 0
188 -2315 0
-201 -188 2315 0
180 -2316 0
704 -2316 0
-180 -704 2316 0
150 -2317 0
705 -2317 0
-150 -705 2317 0
703 -2318 0
706 -2318 0
-703 -706 2318 0
4 -2319 0
433 -2319 0
-4 -433 2319 0
31 -2320 0
711 -2320 0
-31 -711 2320 0
99 -2321 0
712 -2321 0
-99 -712 2321 0
-440 -2322 0
206 -2322 0
440 -206 2322 0
201 -2323 0
714 -2323 0
-201 -714 2323 0
193 -2324 0
715 -2324 0
-193 -715 2324 0
167 -2325 0
716 -2325 0
-167 -716 2325 0
713 -2326 0
717 -2326 0
-713 -717 2326 0
