c defined variables: 6 15 23 28 32 41 45 54 58 66 71 75 83 87 92 96 100 109 113 122 126 130 138 143 147 151 160 164 168 177 181 190 194 203 214 221 231 235 239 249 253 254 258 265 269 276 286 305 313 320 327 334 338 349 353 357 361 368 372 376 386 390 397 401 408 409 410 414 415 419 423 424 442 443 446 447 450 451 452 453 456 457 458 459 464 465 468 469 470 471 474 475 476 477 478 479 483 484 485 488 489 490 491 492 493 496 497 498 499 500 501 504 505 506 507 508 509 512 514 515 516 517 520 521 522 523 524 525 528 529 530 531 532 533 536 537 539 540 541 542 543 548 549 550 551 552 553 556 557 558 559 560 561 562 563 566 567 568 569 570 571 572 573 576 577 578 579 580 581 582 583 586 587 588 589 590 591 592 593 596 597 598 599 600 601 602 603 608 609 610 611 612 613 616 617 618 619 620 621 622 623 624 625 628 629 630 631 632 633 634 635 636 637 640 641 642 643 644 645 646 647 648 649 652 653 654 655 656 657 658 659 660 661 665 666 667 668 669 670 674 675 677 678 679 680 681 682 686 687 688 691 692 693 694 695 696 697 698 699 703 704 705 706 707 708 709 710 711 712 713 714 715 716 717 718 721 
p cnf 2315 2697
a 396 400 375 323 319 330 326 333 337 345 341 352 348 422 436 257 248 252 245 74 78 65 69 52 61 48 57 39 44 121 134 371 367 364 268 360 356 53 62 70 79 91 104 108 117 430 272 379 427 382 407 264 279 275 207 202 413 404 185 176 198 189 155 142 172 159 26 35 13 18 22 31 1 4 9 685 702 261 304 316 385 282 285 289 299 292 295 312 308 206 201 193 184 197 188 171 158 180 175 40 49 5 10 2 27 36 14 19 217 220 210 213 230 238 227 224 234 242 112 107 103 90 95 99 82 86 125 116 393 433 418 389 141 150 146 154 120 129 133 137 167 163 0
e 3 7 8 11 12 16 17 20 21 24 25 29 30 33 34 37 38 42 43 46 47 50 51 55 56 59 60 63 64 67 68 72 73 76 77 80 81 84 85 88 89 93 94 97 98 101 102 105 106 110 111 114 115 118 119 123 124 127 128 131 132 135 136 139 140 144 145 148 149 152 153 156 157 161 162 165 166 169 170 173 174 178 179 182 183 186 187 191 192 195 196 199 200 204 205 208 209 211 212 215 216 218 219 222 223 225 226 228 229 232 233 236 237 240 241 243 244 246 247 250 251 255 256 259 260 262 263 266 267 270 271 273 274 277 278 280 281 283 284 287 288 290 291 293 294 297 298 301 302 303 306 307 309 310 311 314 315 317 318 321 322 324 325 328 329 331 332 335 336 339 340 342 343 344 346 347 350 351 354 355 358 359 362 363 365 366 369 370 373 374 377 378 380 381 383 384 387 388 391 392 394 395 398 399 402 403 405 406 411 412 416 417 420 421 425 426 428 429 431 432 434 435 437 438 439 440 441 444 445 448 449 454 455 460 461 463 466 467 472 473 480 481 486 487 494 495 502 503 510 511 513 518 519 526 527 534 535 538 544 545 547 554 555 564 565 574 575 584 585 594 595 604 605 607 614 615 626 627 638 639 650 651 662 663 671 672 676 683 684 690 700 701 719 720 6 15 23 28 32 41 45 54 58 66 71 75 83 87 92 96 100 109 113 122 126 130 138 143 147 151 160 164 168 177 181 190 194 203 214 221 231 235 239 249 253 254 258 265 269 276 286 305 313 320 327 334 338 349 353 357 361 368 372 376 386 390 397 401 408 409 410 414 415 419 423 424 442 443 446 447 450 451 452 453 456 457 458 459 464 465 468 469 470 471 474 475 476 477 478 479 483 484 485 488 489 490 491 492 493 496 497 498 499 500 501 504 505 506 507 508 509 512 514 515 516 517 520 521 522 523 524 525 528 529 530 531 532 533 536 537 539 540 541 542 543 548 549 550 551 552 553 556 557 558 559 560 561 562 563 566 567 568 569 570 571 572 573 576 577 578 579 580 581 582 583 586 587 588 589 590 591 592 593 596 597 598 599 600 601 602 603 608 609 610 611 612 613 616 617 618 619 620 621 622 623 624 625 628 629 630 631 632 633 634 635 636 637 640 641 642 643 644 645 646 647 648 649 652 653 654 655 656 657 658 659 660 661 665 666 667 668 669 670 674 675 677 678 679 680 681 682 686 687 688 691 692 693 694 695 696 697 698 699 703 704 705 706 707 708 709 710 711 712 713 714 715 716 717 718 721 2039 2040 2041 2042 2043 2044 2045 2046 2047 2048 2049 2050 2051 2052 2053 2054 2055 2056 2057 2058 2059 2060 2061 2062 2063 2064 2065 2066 2067 2068 2069 2070 2071 2072 2073 2074 2075 2076 2077 2078 2079 2080 2081 2082 2083 2084 2085 2086 2087 2088 2089 2090 2091 2092 2093 2094 2095 2096 2097 2098 2099 2100 2101 2102 2103 2104 2105 2106 2107 2108 2109 2110 2111 2112 2113 2114 2115 2116 2117 2118 2119 2120 2121 2122 2123 2124 2125 2126 2127 2128 2129 2130 2131 2132 2133 2134 2135 2136 2137 2138 2139 2140 2141 2142 2143 2144 2145 2146 2147 2148 2149 2150 2151 2152 2153 2154 2155 2156 2157 2158 2159 2160 2161 2162 2163 2164 2165 2166 2167 2168 2169 2170 2171 2172 2173 2174 2175 2176 2177 2178 2179 2180 2181 2182 2183 2184 2185 2186 2187 2188 2189 2190 2191 2192 2193 2194 2195 2196 2197 2198 2199 2200 2201 2202 2203 2204 2205 2206 2207 2208 2209 2210 2211 2212 2213 2214 2215 2216 2217 2218 2219 2220 2221 2222 2223 2224 2225 2226 2227 2228 2229 2230 2231 2232 2233 2234 2235 2236 2237 2238 2239 2240 2241 2242 2243 2244 2245 2246 2247 2248 2249 2250 2251 2252 2253 2254 2255 2256 2257 2258 2259 2260 2261 2262 2263 2264 2265 2266 2267 2268 2269 2270 2271 2272 2273 2274 2275 2276 2277 2278 2279 2280 2281 2282 2283 2284 2285 2286 2287 2288 2289 2290 2291 2292 2293 2294 2295 2296 2297 2298 2299 2300 2301 2302 2303 2304 2305 2306 2307 2308 2309 2310 2311 2312 2313 2314 2315 0
d 689 433 436 0
d 673 427 422 0
d 462 27 227 0
d 296 282 279 0
d 482 252 245 0
d 546 323 117 0
d 300 292 295 0
d 664 407 413 0
d 606 379 172 0
2040 -6 0
-2040 6 0
2041 -15 0
-2041 15 0
2042 -23 0
-2042 23 0
2043 -28 0
-2043 28 0
2044 -32 0
-2044 32 0
2045 -41 0
-2045 41 0
2046 -45 0
-2046 45 0
2047 -54 0
-2047 54 0
2048 -58 0
-2048 58 0
2049 -66 0
-2049 66 0
2050 -71 0
-2050 71 0
2051 -75 0
-2051 75 0
2052 -83 0
-2052 83 0
2053 -87 0
-2053 87 0
2054 -92 0
-2054 92 0
2055 -96 0
-2055 96 0
2056 -100 0
-2056 100 0
2057 -109 0
-2057 109 0
2058 -113 0
-2058 113 0
2059 -122 0
-2059 122 0
2060 -126 0
-2060 126 0
2061 -130 0
-2061 130 0
2062 -138 0
-2062 138 0
2063 -143 0
-2063 143 0
2064 -147 0
-2064 147 0
2065 -151 0
-2065 151 0
2066 -160 0
-2066 160 0
2067 -164 0
-2067 164 0
2068 -168 0
-2068 168 0
2069 -177 0
-2069 177 0
2070 -181 0
-2070 181 0
2071 -190 0
-2071 190 0
2072 -194 0
-2072 194 0
2073 -203 0
-2073 203 0
2074 -214 0
-2074 214 0
2075 -221 0
-2075 221 0
2076 -231 0
-2076 231 0
2077 -235 0
-2077 235 0
2078 -239 0
-2078 239 0
2079 -249 0
-2079 249 0
2080 -253 0
-2080 253 0
2081 -254 0
-2081 254 0
2082 -258 0
-2082 258 0
2083 -265 0
-2083 265 0
2084 -269 0
-2084 269 0
2085 -276 0
-2085 276 0
2086 -286 0
-2086 286 0
2087 -305 0
-2087 305 0
2088 -313 0
-2088 313 0
2089 -320 0
-2089 320 0
2090 -327 0
-2090 327 0
2091 -334 0
-2091 334 0
2092 -338 0
-2092 338 0
2093 -349 0
-2093 349 0
2094 -353 0
-2094 353 0
2095 -357 0
-2095 357 0
2096 -361 0
-2096 361 0
2097 -368 0
-2097 368 0
2098 -372 0
-2098 372 0
2099 -376 0
-2099 376 0
2100 -386 0
-2100 386 0
2101 -390 0
-2101 390 0
2102 -397 0
-2102 397 0
2103 -401 0
-2103 401 0
2104 -408 0
-2104 408 0
2105 -409 0
-2105 409 0
2106 -410 0
-2106 410 0
2107 -414 0
-2107 414 0
2108 -415 0
-2108 415 0
2109 -419 0
-2109 419 0
2110 -423 0
-2110 423 0
2111 -424 0
-2111 424 0
2112 -442 0
-2112 442 0
2113 -443 0
-2113 443 0
2114 -446 0
-2114 446 0
2115 -447 0
-2115 447 0
2116 -450 0
-2116 450 0
2117 -451 0
-2117 451 0
2118 -452 0
-2118 452 0
2119 -453 0
-2119 453 0
2120 -456 0
-2120 456 0
2121 -457 0
-2121 457 0
2122 -458 0
-2122 458 0
2123 -459 0
-2123 459 0
2124 -464 0
-2124 464 0
2125 -465 0
-2125 465 0
2126 -468 0
-2126 468 0
2127 -469 0
-2127 469 0
2128 -470 0
-2128 470 0
2129 -471 0
-2129 471 0
2130 -474 0
-2130 474 0
2131 -475 0
-2131 475 0
2132 -476 0
-2132 476 0
2133 -477 0
-2133 477 0
2134 -478 0
-2134 478 0
2135 -479 0
-2135 479 0
2136 -483 0
-2136 483 0
2137 -484 0
-2137 484 0
2138 -485 0
-2138 485 0
2139 -488 0
-2139 488 0
2140 -489 0
-2140 489 0
2141 -490 0
-2141 490 0
2142 -491 0
-2142 491 0
2143 -492 0
-2143 492 0
2144 -493 0
-2144 493 0
2145 -496 0
-2145 496 0
2146 -497 0
-2146 497 0
2147 -498 0
-2147 498 0
2148 -499 0
-2148 499 0
2149 -500 0
-2149 500 0
2150 -501 0
-2150 501 0
2151 -504 0
-2151 504 0
2152 -505 0
-2152 505 0
2153 -506 0
-2153 506 0
2154 -507 0
-2154 507 0
2155 -508 0
-2155 508 0
2156 -509 0
-2156 509 0
2157 -512 0
-2157 512 0
2158 -514 0
-2158 514 0
2159 -515 0
-2159 515 0
2160 -516 0
-2160 516 0
2161 -517 0
-2161 517 0
2163 -520 0
-2163 520 0
2164 -521 0
-2164 521 0
2165 -522 0
-2165 522 0
2166 -523 0
-2166 523 0
2167 -524 0
-2167 524 0
2168 -525 0
-2168 525 0
2169 -528 0
-2169 528 0
2170 -529 0
-2170 529 0
2171 -530 0
-2171 530 0
2172 -531 0
-2172 531 0
2173 -532 0
-2173 532 0
2174 -533 0
-2174 533 0
2175 -536 0
-2175 536 0
2176 -537 0
-2176 537 0
2177 -539 0
-2177 539 0
2178 -540 0
-2178 540 0
2179 -541 0
-2179 541 0
2180 -542 0
-2180 542 0
2181 -543 0
-2181 543 0
2182 -548 0
-2182 548 0
2183 -549 0
-2183 549 0
2184 -550 0
-2184 550 0
2185 -551 0
-2185 551 0
2186 -552 0
-2186 552 0
2187 -553 0
-2187 553 0
2188 -556 0
-2188 556 0
2189 -557 0
-2189 557 0
2190 -558 0
-2190 558 0
2191 -559 0
-2191 559 0
2192 -560 0
-2192 560 0
2193 -561 0
-2193 561 0
2194 -562 0
-2194 562 0
2195 -563 0
-2195 563 0
2196 -566 0
-2196 566 0
2197 -567 0
-2197 567 0
2198 -568 0
-2198 568 0
2199 -569 0
-2199 569 0
2200 -570 0
-2200 570 0
2201 -571 0
-2201 571 0
2202 -572 0
-2202 572 0
2203 -573 0
-2203 573 0
2204 -576 0
-2204 576 0
2205 -577 0
-2205 577 0
2206 -578 0
-2206 578 0
2207 -579 0
-2207 579 0
2208 -580 0
-2208 580 0
2209 -581 0
-2209 581 0
2210 -582 0
-2210 582 0
2211 -583 0
-2211 583 0
2212 -586 0
-2212 586 0
2213 -587 0
-2213 587 0
2214 -588 0
-2214 588 0
2215 -589 0
-2215 589 0
2216 -590 0
-2216 590 0
2217 -591 0
-2217 591 0
2218 -592 0
-2218 592 0
2219 -593 0
-2219 593 0
2220 -596 0
-2220 596 0
2221 -597 0
-2221 597 0
2222 -598 0
-2222 598 0
2223 -599 0
-2223 599 0
2224 -600 0
-2224 600 0
2225 -601 0
-2225 601 0
2226 -602 0
-2226 602 0
2227 -603 0
-2227 603 0
2228 -608 0
-2228 608 0
2229 -609 0
-2229 609 0
2230 -610 0
-2230 610 0
2231 -611 0
-2231 611 0
2232 -612 0
-2232 612 0
2233 -613 0
-2233 613 0
2234 -616 0
-2234 616 0
2235 -617 0
-2235 617 0
2236 -618 0
-2236 618 0
2237 -619 0
-2237 619 0
2238 -620 0
-2238 620 0
2239 -621 0
-2239 621 0
2240 -622 0
-2240 622 0
2241 -623 0
-2241 623 0
2242 -624 0
-2242 624 0
2243 -625 0
-2243 625 0
2244 -628 0
-2244 628 0
2245 -629 0
-2245 629 0
2246 -630 0
-2246 630 0
2247 -631 0
-2247 631 0
2248 -632 0
-2248 632 0
2249 -633 0
-2249 633 0
2250 -634 0
-2250 634 0
2251 -635 0
-2251 635 0
2252 -636 0
-2252 636 0
2253 -637 0
-2253 637 0
2254 -640 0
-2254 640 0
2255 -641 0
-2255 641 0
2256 -642 0
-2256 642 0
2257 -643 0
-2257 643 0
2258 -644 0
-2258 644 0
2259 -645 0
-2259 645 0
2260 -646 0
-2260 646 0
2261 -647 0
-2261 647 0
2262 -648 0
-2262 648 0
2263 -649 0
-2263 649 0
2264 -652 0
-2264 652 0
2265 -653 0
-2265 653 0
2266 -654 0
-2266 654 0
2267 -655 0
-2267 655 0
2268 -656 0
-2268 656 0
2269 -657 0
-2269 657 0
2270 -658 0
-2270 658 0
2271 -659 0
-2271 659 0
2272 -660 0
-2272 660 0
2273 -661 0
-2273 661 0
2274 -665 0
-2274 665 0
2275 -666 0
-2275 666 0
2276 -667 0
-2276 667 0
2277 -668 0
-2277 668 0
2278 -669 0
-2278 669 0
2279 -670 0
-2279 670 0
2280 -674 0
-2280 674 0
2281 -675 0
-2281 675 0
2282 -677 0
-2282 677 0
2283 -678 0
-2283 678 0
2284 -679 0
-2284 679 0
2285 -680 0
-2285 680 0
2286 -681 0
-2286 681 0
2287 -682 0
-2287 682 0
2288 -686 0
-2288 686 0
2289 -687 0
-2289 687 0
2290 -688 0
-2290 688 0
2291 -691 0
-2291 691 0
2292 -692 0
-2292 692 0
2293 -693 0
-2293 693 0
2294 -694 0
-2294 694 0
2295 -695 0
-2295 695 0
2296 -696 0
-2296 696 0
2297 -697 0
-2297 697 0
2298 -698 0
-2298 698 0
2299 -699 0
-2299 699 0
2300 -703 0
-2300 703 0
2301 -704 0
-2301 704 0
2302 -705 0
-2302 705 0
2303 -706 0
-2303 706 0
2304 -707 0
-2304 707 0
2305 -708 0
-2305 708 0
2306 -709 0
-2306 709 0
2307 -710 0
-2307 710 0
2308 -711 0
-2308 711 0
2309 -712 0
-2309 712 0
2310 -713 0
-2310 713 0
2311 -714 0
-2311 714 0
2312 -715 0
-2312 715 0
2313 -716 0
-2313 716 0
2314 -717 0
-2314 717 0
2315 -718 0
-2315 718 0
2039 -721 0
-2039 721 0
721 0
-721 438 720 0
-438 435 -437 0
-435 432 -434 0
-432 429 -431 0
-429 426 -428 0
-426 421 -425 0
-421 417 -420 0
-417 412 -416 0
-412 406 -411 0
-406 403 -405 0
-403 399 -402 0
-399 395 -398 0
-395 392 -394 0
-392 388 -391 0
-388 384 -387 0
-384 381 -383 0
-381 378 -380 0
-378 374 -377 0
-374 370 -373 0
-370 366 -369 0
-366 363 -365 0
-363 359 -362 0
-359 355 -358 0
-355 351 -354 0
-351 347 -350 0
-347 344 -346 0
-344 340 -343 0
-340 336 -339 0
-336 332 -335 0
-332 329 -331 0
-329 325 -328 0
-325 322 -324 0
-322 318 -321 0
-318 315 -317 0
-315 311 -314 0
-311 307 -310 0
-307 303 -306 0
-303 298 -302 0
-298 294 -297 0
-294 291 -293 0
-291 288 -290 0
-288 284 -287 0
-284 281 -283 0
-281 278 -280 0
-278 274 -277 0
-274 271 -273 0
-271 267 -270 0
-267 263 -266 0
-263 260 -262 0
-260 256 -259 0
-256 251 -255 0
-251 247 -250 0
-247 244 -246 0
-244 241 -243 0
-241 237 -240 0
-237 233 -236 0
-233 229 -232 0
-229 226 -228 0
-226 223 -225 0
-223 219 -222 0
-219 216 -218 0
-216 212 -215 0
-212 209 -211 0
-209 205 -208 0
-205 200 -204 0
-200 196 -199 0
-196 192 -195 0
-192 187 -191 0
-187 183 -186 0
-183 179 -182 0
-179 174 -178 0
-174 170 -173 0
-170 166 -169 0
-166 162 -165 0
-162 157 -161 0
-157 153 -156 0
-153 149 -152 0
-149 145 -148 0
-145 140 -144 0
-140 136 -139 0
-136 132 -135 0
-132 128 -131 0
-128 124 -127 0
-124 119 -123 0
-119 115 -118 0
-115 111 -114 0
-111 106 -110 0
-106 102 -105 0
-102 98 -101 0
-98 94 -97 0
-94 89 -93 0
-89 85 -88 0
-85 81 -84 0
-81 77 -80 0
-77 73 -76 0
-73 68 -72 0
-68 64 -67 0
-64 60 -63 0
-60 56 -59 0
-56 51 -55 0
-51 47 -50 0
-47 43 -46 0
-43 38 -42 0
-38 34 -37 0
-34 30 -33 0
-30 25 -29 0
-25 21 -24 0
-21 17 -20 0
-17 12 -16 0
-12 8 -11 0
-8 -3 -7 0
1 -2 3 0
-1 2 3 0
4 6 7 0
-4 -6 7 0
-1 5 6 0
-6 1 0
-6 -5 0
9 -10 11 0
-9 10 11 0
13 15 16 0
-13 -15 16 0
-9 14 15 0
-15 9 0
-15 -14 0
18 -19 20 0
-18 19 20 0
22 23 24 0
-22 -23 24 0
-4 -13 23 0
-23 4 0
-23 13 0
26 28 29 0
-26 -28 29 0
-18 27 28 0
-28 18 0
-28 -27 0
31 32 33 0
-31 -32 33 0
-13 -26 32 0
-32 13 0
-32 26 0
35 -36 37 0
-35 36 37 0
39 41 42 0
-39 -41 42 0
-35 40 41 0
-41 35 0
-41 -40 0
44 45 46 0
-44 -45 46 0
-26 -39 45 0
-45 26 0
-45 39 0
48 -49 50 0
-48 49 50 0
52 54 55 0
-52 -54 55 0
-48 53 54 0
-54 48 0
-54 -53 0
57 58 59 0
-57 -58 59 0
-39 -52 58 0
-58 39 0
-58 52 0
61 -62 63 0
-61 62 63 0
65 66 67 0
-65 -66 67 0
-22 -44 66 0
-66 22 0
-66 44 0
69 71 72 0
-69 -71 72 0
-61 70 71 0
-71 61 0
-71 -70 0
74 75 76 0
-74 -75 76 0
-31 -57 75 0
-75 31 0
-75 57 0
78 -79 80 0
-78 79 80 0
82 83 84 0
-82 -83 84 0
-52 -69 83 0
-83 52 0
-83 69 0
86 87 88 0
-86 -87 88 0
-44 -82 87 0
-87 44 0
-87 82 0
90 92 93 0
-90 -92 93 0
-78 91 92 0
-92 78 0
-92 -91 0
95 96 97 0
-95 -96 97 0
-69 -90 96 0
-96 69 0
-96 90 0
99 100 101 0
-99 -100 101 0
-57 -95 100 0
-100 57 0
-100 95 0
103 -104 105 0
-103 104 105 0
107 109 110 0
-107 -109 110 0
-103 108 109 0
-109 103 0
-109 -108 0
112 113 114 0
-112 -113 114 0
-90 -107 113 0
-113 90 0
-113 107 0
116 -117 118 0
-116 117 118 0
120 122 123 0
-120 -122 123 0
-116 121 122 0
-122 116 0
-122 -121 0
125 126 127 0
-125 -126 127 0
-107 -120 126 0
-126 107 0
-126 120 0
129 130 131 0
-129 -130 131 0
-82 -112 130 0
-130 82 0
-130 112 0
133 -134 135 0
-133 134 135 0
137 138 139 0
-137 -138 139 0
-95 -125 138 0
-138 95 0
-138 125 0
141 143 144 0
-141 -143 144 0
-133 142 143 0
-143 133 0
-143 -142 0
146 147 148 0
-146 -147 148 0
-120 -141 147 0
-147 120 0
-147 141 0
150 151 152 0
-150 -151 152 0
-112 -146 151 0
-151 112 0
-151 146 0
154 -155 156 0
-154 155 156 0
158 160 161 0
-158 -160 161 0
-154 159 160 0
-160 154 0
-160 -159 0
163 164 165 0
-163 -164 165 0
-141 -158 164 0
-164 141 0
-164 158 0
167 168 169 0
-167 -168 169 0
-125 -163 168 0
-168 125 0
-168 163 0
171 -172 173 0
-171 172 173 0
175 177 178 0
-175 -177 178 0
-171 176 177 0
-177 171 0
-177 -176 0
180 181 182 0
-180 -181 182 0
-158 -175 181 0
-181 158 0
-181 175 0
184 -185 186 0
-184 185 186 0
188 190 191 0
-188 -190 191 0
-184 189 190 0
-190 184 0
-190 -189 0
193 194 195 0
-193 -194 195 0
-175 -188 194 0
-194 175 0
-194 188 0
197 -198 199 0
-197 198 199 0
201 203 204 0
-201 -203 204 0
-197 202 203 0
-203 197 0
-203 -202 0
206 -207 208 0
-206 207 208 0
210 -2 211 0
-210 2 211 0
213 214 215 0
-213 -214 215 0
-210 5 214 0
-214 210 0
-214 -5 0
217 -10 218 0
-217 10 218 0
220 221 222 0
-220 -221 222 0
-217 14 221 0
-221 217 0
-221 -14 0
224 -19 225 0
-224 19 225 0
227 224 228 0
-227 -224 228 0
230 231 232 0
-230 -231 232 0
-213 -220 231 0
-231 213 0
-231 220 0
234 235 236 0
-234 -235 236 0
-224 27 235 0
-235 224 0
-235 -27 0
238 239 240 0
-238 -239 240 0
-220 -234 239 0
-239 220 0
-239 234 0
242 -36 243 0
-242 36 243 0
245 238 246 0
-245 -238 246 0
248 249 250 0
-248 -249 250 0
-242 40 249 0
-249 242 0
-249 -40 0
252 254 255 0
-252 -254 255 0
-248 -253 254 0
-49 -213 253 0
-254 248 0
-254 253 0
-253 49 0
-253 213 0
257 258 259 0
-257 -258 259 0
-234 -248 258 0
-258 234 0
-258 248 0
261 -49 262 0
-261 49 262 0
264 265 266 0
-264 -265 266 0
-261 53 265 0
-265 261 0
-265 -53 0
268 269 270 0
-268 -269 270 0
-248 -264 269 0
-269 248 0
-269 264 0
272 -62 273 0
-272 62 273 0
275 276 277 0
-275 -276 277 0
-230 -257 276 0
-276 230 0
-276 257 0
279 272 280 0
-279 -272 280 0
282 -70 283 0
-282 70 283 0
285 286 287 0
-285 -286 287 0
-238 -268 286 0
-286 238 0
-286 268 0
289 -79 290 0
-289 79 290 0
292 264 293 0
-292 -264 293 0
295 296 297 0
-295 -296 297 0
299 301 302 0
-299 -301 302 0
-257 -300 301 0
-301 257 0
-301 300 0
304 305 306 0
-304 -305 306 0
-289 91 305 0
-305 289 0
-305 -91 0
308 309 310 0
-308 -309 310 0
-296 -304 309 0
-309 296 0
-309 304 0
312 313 314 0
-312 -313 314 0
-268 -308 313 0
-313 268 0
-313 308 0
316 -104 317 0
-316 104 317 0
319 320 321 0
-319 -320 321 0
-316 108 320 0
-320 316 0
-320 -108 0
323 213 324 0
-323 -213 324 0
326 327 328 0
-326 -327 328 0
-304 -319 327 0
-327 304 0
-327 319 0
330 -117 331 0
-330 117 331 0
333 334 335 0
-333 -334 335 0
-330 121 334 0
-334 330 0
-334 -121 0
337 338 339 0
-337 -338 339 0
-319 -333 338 0
-338 319 0
-338 333 0
341 342 343 0
-341 -342 343 0
-300 -326 342 0
-342 300 0
-342 326 0
345 -134 346 0
-345 134 346 0
348 349 350 0
-348 -349 350 0
-308 -337 349 0
-349 308 0
-349 337 0
352 353 354 0
-352 -353 354 0
-345 142 353 0
-353 345 0
-353 -142 0
356 357 358 0
-356 -357 358 0
-333 -352 357 0
-357 333 0
-357 352 0
360 361 362 0
-360 -361 362 0
-326 -356 361 0
-361 326 0
-361 356 0
364 -155 365 0
-364 155 365 0
367 368 369 0
-367 -368 369 0
-364 159 368 0
-368 364 0
-368 -159 0
371 372 373 0
-371 -372 373 0
-352 -367 372 0
-372 352 0
-372 367 0
375 376 377 0
-375 -376 377 0
-337 -371 376 0
-376 337 0
-376 371 0
379 213 380 0
-379 -213 380 0
382 -172 383 0
-382 172 383 0
385 386 387 0
-385 -386 387 0
-382 176 386 0
-386 382 0
-386 -176 0
389 390 391 0
-389 -390 391 0
-367 -385 390 0
-390 367 0
-390 385 0
393 -185 394 0
-393 185 394 0
396 397 398 0
-396 -397 398 0
-393 189 397 0
-397 393 0
-397 -189 0
400 401 402 0
-400 -401 402 0
-385 -396 401 0
-401 385 0
-401 396 0
404 -198 405 0
-404 198 405 0
407 410 411 0
-407 -410 411 0
-409 -275 410 0
-396 -408 409 0
-404 -202 408 0
-410 409 0
-410 275 0
-409 396 0
-409 408 0
-408 404 0
-408 202 0
413 415 416 0
-413 -415 416 0
-341 -414 415 0
-356 -389 414 0
-415 341 0
-415 414 0
-414 356 0
-414 389 0
418 419 420 0
-418 -419 420 0
-404 202 419 0
-419 404 0
-419 -202 0
422 424 425 0
-422 -424 425 0
-418 -423 424 0
-207 -213 423 0
-424 418 0
-424 423 0
-423 207 0
-423 213 0
427 285 428 0
-427 -285 428 0
430 -207 431 0
-430 207 431 0
433 396 434 0
-433 -396 434 0
436 418 437 0
-436 -418 437 0
-720 701 0
-720 719 0
-701 684 0
-701 700 0
-684 672 0
-684 683 0
-672 663 0
-672 671 0
-663 651 0
-663 662 0
-651 639 0
-651 650 0
-639 627 0
-639 638 0
-627 615 0
-627 626 0
-615 605 0
-615 614 0
-605 595 0
-605 604 0
-595 585 0
-595 594 0
-585 575 0
-585 584 0
-575 565 0
-575 574 0
-565 555 0
-565 564 0
-555 545 0
-555 554 0
-545 535 0
-545 544 0
-535 527 0
-535 534 0
-527 519 0
-527 526 0
-519 511 0
-519 518 0
-511 503 0
-511 510 0
-503 495 0
-503 502 0
-495 487 0
-495 494 0
-487 481 0
-487 486 0
-481 473 0
-481 480 0
-473 467 0
-473 472 0
-467 461 0
-467 466 0
-461 455 0
-461 460 0
-455 449 0
-455 454 0
-449 445 0
-449 448 0
-445 441 0
-445 444 0
-441 439 0
-441 440 0
-439 -2 2 0
-439 2 -2 0
-440 -2 2 0
-440 2 -2 0
-444 -442 443 0
-444 442 -443 0
-442 210 0
-442 5 0
-443 1 0
-443 5 0
-210 -5 442 0
-1 -5 443 0
-448 -446 447 0
-448 446 -447 0
-446 10 0
-446 213 0
-447 10 0
-447 4 0
-10 -213 446 0
-10 -4 447 0
-454 -451 453 0
-454 451 -453 0
-451 213 0
-451 450 0
-450 217 0
-450 14 0
-453 4 0
-453 452 0
-452 9 0
-452 14 0
-213 -450 451 0
-217 -14 450 0
-4 -452 453 0
-9 -14 452 0
-460 -457 459 0
-460 457 -459 0
-457 220 0
-457 456 0
-456 19 0
-456 213 0
-459 13 0
-459 458 0
-458 19 0
-458 4 0
-220 -456 457 0
-19 -213 456 0
-13 -458 459 0
-19 -4 458 0
-466 -463 465 0
-466 463 -465 0
-463 462 0
-463 230 0
-465 464 0
-465 22 0
-464 18 0
-464 27 0
-462 -230 463 0
-464 -22 465 0
-18 -27 464 0
-472 -469 471 0
-472 469 -471 0
-469 468 0
-469 238 0
-468 36 0
-468 213 0
-471 470 0
-471 31 0
-470 36 0
-470 4 0
-468 -238 469 0
-36 -213 468 0
-470 -31 471 0
-36 -4 470 0
-480 -476 479 0
-480 476 -479 0
-476 230 0
-476 475 0
-475 234 0
-475 474 0
-474 242 0
-474 40 0
-479 22 0
-479 478 0
-478 26 0
-478 477 0
-477 35 0
-477 40 0
-230 -475 476 0
-234 -474 475 0
-242 -40 474 0
-22 -478 479 0
-26 -477 478 0
-35 -40 477 0
-486 -482 485 0
-486 482 -485 0
-485 31 0
-485 484 0
-484 39 0
-484 483 0
-483 49 0
-483 4 0
-31 -484 485 0
-39 -483 484 0
-49 -4 483 0
-494 -490 493 0
-494 490 -493 0
-490 257 0
-490 489 0
-489 488 0
-489 230 0
-488 261 0
-488 53 0
-493 44 0
-493 492 0
-492 491 0
-492 22 0
-491 48 0
-491 53 0
-257 -489 490 0
-488 -230 489 0
-261 -53 488 0
-44 -492 493 0
-491 -22 492 0
-48 -53 491 0
-502 -498 501 0
-502 498 -501 0
-498 268 0
-498 497 0
-497 496 0
-497 238 0
-496 62 0
-496 213 0
-501 57 0
-501 500 0
-500 499 0
-500 31 0
-499 62 0
-499 4 0
-268 -497 498 0
-496 -238 497 0
-62 -213 496 0
-57 -500 501 0
-499 -31 500 0
-62 -4 499 0
-510 -506 509 0
-510 506 -509 0
-506 505 0
-506 275 0
-505 264 0
-505 504 0
-504 272 0
-504 70 0
-509 508 0
-509 65 0
-508 52 0
-508 507 0
-507 61 0
-507 70 0
-505 -275 506 0
-264 -504 505 0
-272 -70 504 0
-508 -65 509 0
-52 -507 508 0
-61 -70 507 0
-518 -514 517 0
-518 514 -517 0
-514 513 0
-514 285 0
-513 296 0
-513 512 0
-512 79 0
-512 213 0
-517 516 0
-517 74 0
-516 69 0
-516 515 0
-515 79 0
-515 4 0
-513 -285 514 0
-296 -512 513 0
-79 -213 512 0
-516 -74 517 0
-69 -515 516 0
-79 -4 515 0
-526 -522 525 0
-526 522 -525 0
-522 521 0
-522 299 0
-521 -520 0
-521 230 0
289 91 520 0
-289 -91 520 0
-525 524 0
-525 86 0
-524 523 0
-524 22 0
-523 78 0
-523 91 0
-521 -299 522 0
520 -230 521 0
-520 -289 91 0
-520 289 -91 0
-524 -86 525 0
-523 -22 524 0
-78 -91 523 0
-534 -530 533 0
-534 530 -533 0
-530 529 0
-530 312 0
-529 528 0
-529 238 0
-528 104 0
-528 213 0
-533 532 0
-533 99 0
-532 531 0
-532 31 0
-531 104 0
-531 4 0
-529 -312 530 0
-528 -238 529 0
-104 -213 528 0
-532 -99 533 0
-531 -31 532 0
-104 -4 531 0
-544 -539 543 0
-544 539 -543 0
-539 275 0
-539 538 0
-538 300 0
-538 537 0
-537 304 0
-537 536 0
-536 316 0
-536 108 0
-543 65 0
-543 542 0
-542 82 0
-542 541 0
-541 90 0
-541 540 0
-540 103 0
-540 108 0
-275 -538 539 0
-300 -537 538 0
-304 -536 537 0
-316 -108 536 0
-65 -542 543 0
-82 -541 542 0
-90 -540 541 0
-103 -108 540 0
-554 -549 553 0
-554 549 -553 0
-549 285 0
-549 548 0
-548 308 0
-548 547 0
-547 319 0
-547 546 0
-553 74 0
-553 552 0
-552 95 0
-552 551 0
-551 107 0
-551 550 0
-550 117 0
-550 4 0
-285 -548 549 0
-308 -547 548 0
-319 -546 547 0
-74 -552 553 0
-95 -551 552 0
-107 -550 551 0
-117 -4 550 0
-564 -559 563 0
-564 559 -563 0
-559 299 0
-559 558 0
-558 326 0
-558 557 0
-557 556 0
-557 230 0
-556 330 0
-556 121 0
-563 86 0
-563 562 0
-562 112 0
-562 561 0
-561 560 0
-561 22 0
-560 116 0
-560 121 0
-299 -558 559 0
-326 -557 558 0
-556 -230 557 0
-330 -121 556 0
-86 -562 563 0
-112 -561 562 0
-560 -22 561 0
-116 -121 560 0
-574 -569 573 0
-574 569 -573 0
-569 312 0
-569 568 0
-568 337 0
-568 567 0
-567 566 0
-567 238 0
-566 134 0
-566 213 0
-573 99 0
-573 572 0
-572 125 0
-572 571 0
-571 570 0
-571 31 0
-570 134 0
-570 4 0
-312 -568 569 0
-337 -567 568 0
-566 -238 567 0
-134 -213 566 0
-99 -572 573 0
-125 -571 572 0
-570 -31 571 0
-134 -4 570 0
-584 -579 583 0
-584 579 -583 0
-579 341 0
-579 578 0
-578 577 0
-578 275 0
-577 333 0
-577 576 0
-576 345 0
-576 142 0
-583 129 0
-583 582 0
-582 581 0
-582 65 0
-581 120 0
-581 580 0
-580 133 0
-580 142 0
-341 -578 579 0
-577 -275 578 0
-333 -576 577 0
-345 -142 576 0
-129 -582 583 0
-581 -65 582 0
-120 -580 581 0
-133 -142 580 0
-594 -589 593 0
-594 589 -593 0
-589 348 0
-589 588 0
-588 587 0
-588 285 0
-587 352 0
-587 586 0
-586 155 0
-586 213 0
-593 137 0
-593 592 0
-592 591 0
-592 74 0
-591 141 0
-591 590 0
-590 155 0
-590 4 0
-348 -588 589 0
-587 -285 588 0
-352 -586 587 0
-155 -213 586 0
-137 -592 593 0
-591 -74 592 0
-141 -590 591 0
-155 -4 590 0
-604 -599 603 0
-604 599 -603 0
-599 360 0
-599 598 0
-598 597 0
-598 299 0
-597 596 0
-597 230 0
-596 364 0
-596 159 0
-603 150 0
-603 602 0
-602 601 0
-602 86 0
-601 600 0
-601 22 0
-600 154 0
-600 159 0
-360 -598 599 0
-597 -299 598 0
-596 -230 597 0
-364 -159 596 0
-150 -602 603 0
-601 -86 602 0
-600 -22 601 0
-154 -159 600 0
-614 -609 613 0
-614 609 -613 0
-609 375 0
-609 608 0
-608 607 0
-608 312 0
-607 606 0
-607 238 0
-613 167 0
-613 612 0
-612 611 0
-612 99 0
-611 610 0
-611 31 0
-610 172 0
-610 4 0
-375 -608 609 0
-607 -312 608 0
-606 -238 607 0
-167 -612 613 0
-611 -99 612 0
-610 -31 611 0
-172 -4 610 0
-626 -620 625 0
-626 620 -625 0
-620 618 0
-620 619 0
-618 356 0
-618 617 0
-617 367 0
-617 616 0
-616 382 0
-616 176 0
-619 275 0
-619 341 0
-625 623 0
-625 624 0
-623 146 0
-623 622 0
-622 158 0
-622 621 0
-621 171 0
-621 176 0
-624 65 0
-624 129 0
-618 -619 620 0
-356 -617 618 0
-367 -616 617 0
-382 -176 616 0
-275 -341 619 0
-623 -624 625 0
-146 -622 623 0
-158 -621 622 0
-171 -176 621 0
-65 -129 624 0
-638 -632 637 0
-638 632 -637 0
-632 630 0
-632 631 0
-630 371 0
-630 629 0
-629 385 0
-629 628 0
-628 185 0
-628 213 0
-631 285 0
-631 348 0
-637 635 0
-637 636 0
-635 163 0
-635 634 0
-634 175 0
-634 633 0
-633 185 0
-633 4 0
-636 74 0
-636 137 0
-630 -631 632 0
-371 -629 630 0
-385 -628 629 0
-185 -213 628 0
-285 -348 631 0
-635 -636 637 0
-163 -634 635 0
-175 -633 634 0
-185 -4 633 0
-74 -137 636 0
-650 -644 649 0
-650 644 -649 0
-644 642 0
-644 643 0
-642 389 0
-642 641 0
-641 640 0
-641 230 0
-640 393 0
-640 189 0
-643 299 0
-643 360 0
-649 647 0
-649 648 0
-647 180 0
-647 646 0
-646 645 0
-646 22 0
-645 184 0
-645 189 0
-648 86 0
-648 150 0
-642 -643 644 0
-389 -641 642 0
-640 -230 641 0
-393 -189 640 0
-299 -360 643 0
-647 -648 649 0
-180 -646 647 0
-645 -22 646 0
-184 -189 645 0
-86 -150 648 0
-662 -656 661 0
-662 656 -661 0
-656 654 0
-656 655 0
-654 400 0
-654 653 0
-653 652 0
-653 238 0
-652 198 0
-652 213 0
-655 312 0
-655 375 0
-661 659 0
-661 660 0
-659 193 0
-659 658 0
-658 657 0
-658 31 0
-657 198 0
-657 4 0
-660 99 0
-660 167 0
-654 -655 656 0
-400 -653 654 0
-652 -238 653 0
-198 -213 652 0
-312 -375 655 0
-659 -660 661 0
-193 -658 659 0
-657 -31 658 0
-198 -4 657 0
-99 -167 660 0
-671 -664 670 0
-671 664 -670 0
-670 667 0
-670 669 0
-667 666 0
-667 65 0
-666 188 0
-666 665 0
-665 197 0
-665 202 0
-669 129 0
-669 668 0
-668 146 0
-668 180 0
-667 -669 670 0
-666 -65 667 0
-188 -665 666 0
-197 -202 665 0
-129 -668 669 0
-146 -180 668 0
-683 -676 682 0
-683 676 -682 0
-676 673 0
-676 675 0
-675 348 0
-675 674 0
-674 371 0
-674 400 0
-682 679 0
-682 681 0
-679 678 0
-679 74 0
-678 201 0
-678 677 0
-677 207 0
-677 4 0
-681 137 0
-681 680 0
-680 163 0
-680 193 0
-673 -675 676 0
-348 -674 675 0
-371 -400 674 0
-679 -681 682 0
-678 -74 679 0
-201 -677 678 0
-207 -4 677 0
-137 -680 681 0
-163 -193 680 0
-700 -692 699 0
-700 692 -699 0
-692 688 0
-692 691 0
-688 687 0
-688 299 0
-687 686 0
-687 230 0
-686 430 0
-686 685 0
-691 360 0
-691 690 0
-690 389 0
-690 689 0
-699 695 0
-699 698 0
-695 694 0
-695 86 0
-694 693 0
-694 22 0
-693 206 0
-693 685 0
-698 150 0
-698 697 0
-697 180 0
-697 696 0
-696 188 0
-696 201 0
-688 -691 692 0
-687 -299 688 0
-686 -230 687 0
-430 -685 686 0
-360 -690 691 0
-389 -689 690 0
-695 -698 699 0
-694 -86 695 0
-693 -22 694 0
-206 -685 693 0
-150 -697 698 0
-180 -696 697 0
-188 -201 696 0
-719 -710 718 0
-719 710 -718 0
-710 705 0
-710 709 0
-705 704 0
-705 312 0
-704 703 0
-704 238 0
-703 702 0
-703 213 0
-709 375 0
-709 708 0
-708 400 0
-708 707 0
-707 418 0
-707 706 0
-706 430 0
-706 -685 0
-718 713 0
-718 717 0
-713 712 0
-713 99 0
-712 711 0
-712 31 0
-711 702 0
-711 4 0
-717 167 0
-717 716 0
-716 193 0
-716 715 0
-715 201 0
-715 714 0
-714 206 0
-714 -685 0
-705 -709 710 0
-704 -312 705 0
-703 -238 704 0
-702 -213 703 0
-375 -708 709 0
-400 -707 708 0
-418 -706 707 0
-430 685 706 0
-713 -717 718 0
-712 -99 713 0
-711 -31 712 0
-702 -4 711 0
-167 -716 717 0
-193 -715 716 0
-201 -714 715 0
-206 685 714 0
2039 0
1 -2040 0
-5 -2040 0
-1 5 2040 0
9 -2041 0
-14 -2041 0
-9 14 2041 0
13 -2042 0
4 -2042 0
-13 -4 2042 0
18 -2043 0
-27 -2043 0
-18 27 2043 0
26 -2044 0
13 -2044 0
-26 -13 2044 0
35 -2045 0
-40 -2045 0
-35 40 2045 0
39 -2046 0
26 -2046 0
-39 -26 2046 0
48 -2047 0
-53 -2047 0
-48 53 2047 0
52 -2048 0
39 -2048 0
-52 -39 2048 0
44 -2049 0
22 -2049 0
-44 -22 2049 0
61 -2050 0
-70 -2050 0
-61 70 2050 0
57 -2051 0
31 -2051 0
-57 -31 2051 0
69 -2052 0
52 -2052 0
-69 -52 2052 0
44 -2053 0
82 -2053 0
-44 -82 2053 0
78 -2054 0
-91 -2054 0
-78 91 2054 0
69 -2055 0
90 -2055 0
-69 -90 2055 0
57 -2056 0
95 -2056 0
-57 -95 2056 0
-108 -2057 0
103 -2057 0
108 -103 2057 0
107 -2058 0
90 -2058 0
-107 -90 2058 0
-121 -2059 0
116 -2059 0
121 -116 2059 0
107 -2060 0
120 -2060 0
-107 -120 2060 0
112 -2061 0
82 -2061 0
-112 -82 2061 0
95 -2062 0
125 -2062 0
-95 -125 2062 0
-142 -2063 0
133 -2063 0
142 -133 2063 0
141 -2064 0
120 -2064 0
-141 -120 2064 0
112 -2065 0
146 -2065 0
-112 -146 2065 0
-159 -2066 0
154 -2066 0
159 -154 2066 0
158 -2067 0
141 -2067 0
-158 -141 2067 0
125 -2068 0
163 -2068 0
-125 -163 2068 0
-176 -2069 0
171 -2069 0
176 -171 2069 0
158 -2070 0
175 -2070 0
-158 -175 2070 0
-189 -2071 0
184 -2071 0
189 -184 2071 0
188 -2072 0
175 -2072 0
-188 -175 2072 0
-202 -2073 0
197 -2073 0
202 -197 2073 0
-5 -2074 0
210 -2074 0
5 -210 2074 0
-14 -2075 0
217 -2075 0
14 -217 2075 0
220 -2076 0
213 -2076 0
-220 -213 2076 0
-27 -2077 0
224 -2077 0
27 -224 2077 0
220 -2078 0
234 -2078 0
-220 -234 2078 0
-40 -2079 0
242 -2079 0
40 -242 2079 0
49 -2080 0
213 -2080 0
-49 -213 2080 0
248 -2081 0
253 -2081 0
-248 -253 2081 0
248 -2082 0
234 -2082 0
-248 -234 2082 0
-53 -2083 0
261 -2083 0
53 -261 2083 0
248 -2084 0
264 -2084 0
-248 -264 2084 0
257 -2085 0
230 -2085 0
-257 -230 2085 0
268 -2086 0
238 -2086 0
-268 -238 2086 0
-91 -2087 0
289 -2087 0
91 -289 2087 0
268 -2088 0
308 -2088 0
-268 -308 2088 0
-108 -2089 0
316 -2089 0
108 -316 2089 0
319 -2090 0
304 -2090 0
-319 -304 2090 0
330 -2091 0
-121 -2091 0
-330 121 2091 0
319 -2092 0
333 -2092 0
-319 -333 2092 0
337 -2093 0
308 -2093 0
-337 -308 2093 0
345 -2094 0
-142 -2094 0
-345 142 2094 0
333 -2095 0
352 -2095 0
-333 -352 2095 0
326 -2096 0
356 -2096 0
-326 -356 2096 0
364 -2097 0
-159 -2097 0
-364 159 2097 0
352 -2098 0
367 -2098 0
-352 -367 2098 0
337 -2099 0
371 -2099 0
-337 -371 2099 0
382 -2100 0
-176 -2100 0
-382 176 2100 0
367 -2101 0
385 -2101 0
-367 -385 2101 0
-189 -2102 0
393 -2102 0
189 -393 2102 0
396 -2103 0
385 -2103 0
-396 -385 2103 0
202 -2104 0
404 -2104 0
-202 -404 2104 0
396 -2105 0
408 -2105 0
-396 -408 2105 0
275 -2106 0
409 -2106 0
-275 -409 2106 0
356 -2107 0
389 -2107 0
-356 -389 2107 0
341 -2108 0
414 -2108 0
-341 -414 2108 0
-202 -2109 0
404 -2109 0
202 -404 2109 0
207 -2110 0
213 -2110 0
-207 -213 2110 0
418 -2111 0
423 -2111 0
-418 -423 2111 0
5 -2112 0
210 -2112 0
-5 -210 2112 0
1 -2113 0
5 -2113 0
-1 -5 2113 0
10 -2114 0
213 -2114 0
-10 -213 2114 0
4 -2115 0
10 -2115 0
-4 -10 2115 0
14 -2116 0
217 -2116 0
-14 -217 2116 0
213 -2117 0
450 -2117 0
-213 -450 2117 0
9 -2118 0
14 -2118 0
-9 -14 2118 0
4 -2119 0
452 -2119 0
-4 -452 2119 0
19 -2120 0
213 -2120 0
-19 -213 2120 0
220 -2121 0
456 -2121 0
-220 -456 2121 0
4 -2122 0
19 -2122 0
-4 -19 2122 0
13 -2123 0
458 -2123 0
-13 -458 2123 0
18 -2124 0
27 -2124 0
-18 -27 2124 0
22 -2125 0
464 -2125 0
-22 -464 2125 0
36 -2126 0
213 -2126 0
-36 -213 2126 0
238 -2127 0
468 -2127 0
-238 -468 2127 0
4 -2128 0
36 -2128 0
-4 -36 2128 0
31 -2129 0
470 -2129 0
-31 -470 2129 0
40 -2130 0
242 -2130 0
-40 -242 2130 0
234 -2131 0
474 -2131 0
-234 -474 2131 0
230 -2132 0
475 -2132 0
-230 -475 2132 0
35 -2133 0
40 -2133 0
-35 -40 2133 0
26 -2134 0
477 -2134 0
-26 -477 2134 0
22 -2135 0
478 -2135 0
-22 -478 2135 0
4 -2136 0
49 -2136 0
-4 -49 2136 0
39 -2137 0
483 -2137 0
-39 -483 2137 0
31 -2138 0
484 -2138 0
-31 -484 2138 0
53 -2139 0
261 -2139 0
-53 -261 2139 0
230 -2140 0
488 -2140 0
-230 -488 2140 0
257 -2141 0
489 -2141 0
-257 -489 2141 0
48 -2142 0
53 -2142 0
-48 -53 2142 0
22 -2143 0
491 -2143 0
-22 -491 2143 0
44 -2144 0
492 -2144 0
-44 -492 2144 0
62 -2145 0
213 -2145 0
-62 -213 2145 0
238 -2146 0
496 -2146 0
-238 -496 2146 0
268 -2147 0
497 -2147 0
-268 -497 2147 0
62 -2148 0
4 -2148 0
-62 -4 2148 0
31 -2149 0
499 -2149 0
-31 -499 2149 0
57 -2150 0
500 -2150 0
-57 -500 2150 0
70 -2151 0
272 -2151 0
-70 -272 2151 0
264 -2152 0
504 -2152 0
-264 -504 2152 0
275 -2153 0
505 -2153 0
-275 -505 2153 0
61 -2154 0
70 -2154 0
-61 -70 2154 0
52 -2155 0
507 -2155 0
-52 -507 2155 0
65 -2156 0
508 -2156 0
-65 -508 2156 0
79 -2157 0
213 -2157 0
-79 -213 2157 0
285 -2158 0
513 -2158 0
-285 -513 2158 0
79 -2159 0
4 -2159 0
-79 -4 2159 0
69 -2160 0
515 -2160 0
-69 -515 2160 0
74 -2161 0
516 -2161 0
-74 -516 2161 0
91 -2162 0
-289 -2162 0
-91 289 2162 0
-2087 -2163 0
-2162 -2163 0
2087 2162 2163 0
230 -2164 0
-520 -2164 0
-230 520 2164 0
299 -2165 0
521 -2165 0
-299 -521 2165 0
78 -2166 0
91 -2166 0
-78 -91 2166 0
22 -2167 0
523 -2167 0
-22 -523 2167 0
86 -2168 0
524 -2168 0
-86 -524 2168 0
104 -2169 0
213 -2169 0
-104 -213 2169 0
238 -2170 0
528 -2170 0
-238 -528 2170 0
312 -2171 0
529 -2171 0
-312 -529 2171 0
104 -2172 0
4 -2172 0
-104 -4 2172 0
31 -2173 0
531 -2173 0
-31 -531 2173 0
99 -2174 0
532 -2174 0
-99 -532 2174 0
108 -2175 0
316 -2175 0
-108 -316 2175 0
304 -2176 0
536 -2176 0
-304 -536 2176 0
275 -2177 0
538 -2177 0
-275 -538 2177 0
108 -2178 0
103 -2178 0
-108 -103 2178 0
90 -2179 0
540 -2179 0
-90 -540 2179 0
82 -2180 0
541 -2180 0
-82 -541 2180 0
65 -2181 0
542 -2181 0
-65 -542 2181 0
308 -2182 0
547 -2182 0
-308 -547 2182 0
285 -2183 0
548 -2183 0
-285 -548 2183 0
117 -2184 0
4 -2184 0
-117 -4 2184 0
107 -2185 0
550 -2185 0
-107 -550 2185 0
95 -2186 0
551 -2186 0
-95 -551 2186 0
74 -2187 0
552 -2187 0
-74 -552 2187 0
330 -2188 0
121 -2188 0
-330 -121 2188 0
230 -2189 0
556 -2189 0
-230 -556 2189 0
326 -2190 0
557 -2190 0
-326 -557 2190 0
299 -2191 0
558 -2191 0
-299 -558 2191 0
121 -2192 0
116 -2192 0
-121 -116 2192 0
22 -2193 0
560 -2193 0
-22 -560 2193 0
112 -2194 0
561 -2194 0
-112 -561 2194 0
86 -2195 0
562 -2195 0
-86 -562 2195 0
134 -2196 0
213 -2196 0
-134 -213 2196 0
238 -2197 0
566 -2197 0
-238 -566 2197 0
337 -2198 0
567 -2198 0
-337 -567 2198 0
312 -2199 0
568 -2199 0
-312 -568 2199 0
134 -2200 0
4 -2200 0
-134 -4 2200 0
31 -2201 0
570 -2201 0
-31 -570 2201 0
125 -2202 0
571 -2202 0
-125 -571 2202 0
99 -2203 0
572 -2203 0
-99 -572 2203 0
345 -2204 0
142 -2204 0
-345 -142 2204 0
333 -2205 0
576 -2205 0
-333 -576 2205 0
275 -2206 0
577 -2206 0
-275 -577 2206 0
341 -2207 0
578 -2207 0
-341 -578 2207 0
142 -2208 0
133 -2208 0
-142 -133 2208 0
120 -2209 0
580 -2209 0
-120 -580 2209 0
65 -2210 0
581 -2210 0
-65 -581 2210 0
129 -2211 0
582 -2211 0
-129 -582 2211 0
155 -2212 0
213 -2212 0
-155 -213 2212 0
352 -2213 0
586 -2213 0
-352 -586 2213 0
285 -2214 0
587 -2214 0
-285 -587 2214 0
348 -2215 0
588 -2215 0
-348 -588 2215 0
155 -2216 0
4 -2216 0
-155 -4 2216 0
141 -2217 0
590 -2217 0
-141 -590 2217 0
74 -2218 0
591 -2218 0
-74 -591 2218 0
137 -2219 0
592 -2219 0
-137 -592 2219 0
364 -2220 0
159 -2220 0
-364 -159 2220 0
230 -2221 0
596 -2221 0
-230 -596 2221 0
299 -2222 0
597 -2222 0
-299 -597 2222 0
360 -2223 0
598 -2223 0
-360 -598 2223 0
159 -2224 0
154 -2224 0
-159 -154 2224 0
22 -2225 0
600 -2225 0
-22 -600 2225 0
86 -2226 0
601 -2226 0
-86 -601 2226 0
150 -2227 0
602 -2227 0
-150 -602 2227 0
312 -2228 0
607 -2228 0
-312 -607 2228 0
375 -2229 0
608 -2229 0
-375 -608 2229 0
172 -2230 0
4 -2230 0
-172 -4 2230 0
31 -2231 0
610 -2231 0
-31 -610 2231 0
99 -2232 0
611 -2232 0
-99 -611 2232 0
167 -2233 0
612 -2233 0
-167 -612 2233 0
382 -2234 0
176 -2234 0
-382 -176 2234 0
367 -2235 0
616 -2235 0
-367 -616 2235 0
356 -2236 0
617 -2236 0
-356 -617 2236 0
341 -2237 0
275 -2237 0
-341 -275 2237 0
618 -2238 0
619 -2238 0
-618 -619 2238 0
176 -2239 0
171 -2239 0
-176 -171 2239 0
158 -2240 0
621 -2240 0
-158 -621 2240 0
146 -2241 0
622 -2241 0
-146 -622 2241 0
65 -2242 0
129 -2242 0
-65 -129 2242 0
623 -2243 0
624 -2243 0
-623 -624 2243 0
185 -2244 0
213 -2244 0
-185 -213 2244 0
385 -2245 0
628 -2245 0
-385 -628 2245 0
371 -2246 0
629 -2246 0
-371 -629 2246 0
348 -2247 0
285 -2247 0
-348 -285 2247 0
630 -2248 0
631 -2248 0
-630 -631 2248 0
185 -2249 0
4 -2249 0
-185 -4 2249 0
175 -2250 0
633 -2250 0
-175 -633 2250 0
163 -2251 0
634 -2251 0
-163 -634 2251 0
74 -2252 0
137 -2252 0
-74 -137 2252 0
635 -2253 0
636 -2253 0
-635 -636 2253 0
189 -2254 0
393 -2254 0
-189 -393 2254 0
230 -2255 0
640 -2255 0
-230 -640 2255 0
389 -2256 0
641 -2256 0
-389 -641 2256 0
360 -2257 0
299 -2257 0
-360 -299 2257 0
642 -2258 0
643 -2258 0
-642 -643 2258 0
189 -2259 0
184 -2259 0
-189 -184 2259 0
22 -2260 0
645 -2260 0
-22 -645 2260 0
180 -2261 0
646 -2261 0
-180 -646 2261 0
86 -2262 0
150 -2262 0
-86 -150 2262 0
647 -2263 0
648 -2263 0
-647 -648 2263 0
198 -2264 0
213 -2264 0
-198 -213 2264 0
238 -2265 0
652 -2265 0
-238 -652 2265 0
400 -2266 0
653 -2266 0
-400 -653 2266 0
375 -2267 0
312 -2267 0
-375 -312 2267 0
654 -2268 0
655 -2268 0
-654 -655 2268 0
198 -2269 0
4 -2269 0
-198 -4 2269 0
31 -2270 0
657 -2270 0
-31 -657 2270 0
193 -2271 0
658 -2271 0
-193 -658 2271 0
99 -2272 0
167 -2272 0
-99 -167 2272 0
659 -2273 0
660 -2273 0
-659 -660 2273 0
202 -2274 0
197 -2274 0
-202 -197 2274 0
188 -2275 0
665 -2275 0
-188 -665 2275 0
65 -2276 0
666 -2276 0
-65 -666 2276 0
180 -2277 0
146 -2277 0
-180 -146 2277 0
129 -2278 0
668 -2278 0
-129 -668 2278 0
667 -2279 0
669 -2279 0
-667 -669 2279 0
400 -2280 0
371 -2280 0
-400 -371 2280 0
348 -2281 0
674 -2281 0
-348 -674 2281 0
207 -2282 0
4 -2282 0
-207 -4 2282 0
201 -2283 0
677 -2283 0
-201 -677 2283 0
74 -2284 0
678 -2284 0
-74 -678 2284 0
193 -2285 0
163 -2285 0
-193 -163 2285 0
137 -2286 0
680 -2286 0
-137 -680 2286 0
679 -2287 0
681 -2287 0
-679 -681 2287 0
430 -2288 0
685 -2288 0
-430 -685 2288 0
230 -2289 0
686 -2289 0
-230 -686 2289 0
299 -2290 0
687 -2290 0
-299 -687 2290 0
360 -2291 0
690 -2291 0
-360 -690 2291 0
688 -2292 0
691 -2292 0
-688 -691 2292 0
685 -2293 0
206 -2293 0
-685 -206 2293 0
22 -2294 0
693 -2294 0
-22 -693 2294 0
86 -2295 0
694 -2295 0
-86 -694 2295 0
201 -2296 0
188 -2296 0
-201 -188 2296 0
180 -2297 0
696 -2297 0
-180 -696 2297 0
150 -2298 0
697 -2298 0
-150 -697 2298 0
695 -2299 0
698 -2299 0
-695 -698 2299 0
702 -2300 0
213 -2300 0
-702 -213 2300 0
238 -2301 0
703 -2301 0
-238 -703 2301 0
312 -2302 0
704 -2302 0
-312 -704 2302 0
430 -2303 0
-685 -2303 0
-430 685 2303 0
418 -2304 0
706 -2304 0
-418 -706 2304 0
400 -2305 0
707 -2305 0
-400 -707 2305 0
375 -2306 0
708 -2306 0
-375 -708 2306 0
705 -2307 0
709 -2307 0
-705 -709 2307 0
4 -2308 0
702 -2308 0
-4 -702 2308 0
31 -2309 0
711 -2309 0
-31 -711 2309 0
99 -2310 0
712 -2310 0
-99 -712 2310 0
-685 -2311 0
206 -2311 0
685 -206 2311 0
201 -2312 0
714 -2312 0
-201 -714 2312 0
193 -2313 0
715 -2313 0
-193 -715 2313 0
167 -2314 0
716 -2314 0
-167 -716 2314 0
713 -2315 0
717 -2315 0
-713 -717 2315 0
