c defined variables: 6 15 23 28 32 41 45 54 58 66 71 75 83 87 92 96 100 109 113 122 126 130 138 143 147 151 160 164 168 177 181 190 194 203 214 221 228 232 236 243 247 254 258 265 269 273 280 284 288 292 296 303 307 314 318 322 329 333 337 341 348 352 356 363 367 374 378 385 392 401 402 405 406 409 410 411 412 415 416 417 418 421 422 423 424 427 428 429 430 433 434 435 436 437 438 441 442 443 444 445 446 449 450 451 452 453 454 457 458 459 460 461 462 465 466 467 468 469 470 473 474 475 476 477 478 481 482 483 484 485 486 489 490 491 492 493 494 497 498 499 500 501 502 503 504 507 508 509 510 511 512 513 514 517 518 519 520 521 522 523 524 527 528 529 530 531 532 533 534 537 538 539 540 541 542 543 544 547 548 549 550 551 552 553 554 557 558 559 560 561 562 563 564 567 568 569 570 571 572 573 574 577 578 579 580 581 582 583 584 585 586 589 590 591 592 593 594 595 596 597 598 601 602 603 604 605 606 607 608 609 610 613 614 615 616 617 618 619 620 621 622 625 626 627 628 629 630 631 632 633 634 635 636 641 642 643 644 645 646 647 648 649 653 654 655 656 657 658 659 660 661 662 663 664 665 666 670 671 672 673 674 675 676 677 678 679 680 681 682 683 684 685 688 
p cnf 2291 2776
a 370 325 321 332 328 336 340 355 344 347 351 253 257 250 246 74 78 65 69 52 61 48 57 39 44 121 134 377 373 366 264 359 362 53 62 70 79 91 104 108 117 272 381 388 268 283 276 207 202 185 176 198 189 155 142 172 159 26 35 13 18 22 31 1 4 9 652 669 261 317 313 384 279 295 291 287 299 302 306 310 206 201 193 184 197 188 171 158 180 175 40 49 5 10 2 27 36 14 19 217 220 210 213 235 231 224 227 239 242 112 107 103 90 95 99 82 86 125 116 395 391 141 150 146 154 120 129 133 137 167 163 0
e 3 7 8 11 12 16 17 20 21 24 25 29 30 33 34 37 38 42 43 46 47 50 51 55 56 59 60 63 64 67 68 72 73 76 77 80 81 84 85 88 89 93 94 97 98 101 102 105 106 110 111 114 115 118 119 123 124 127 128 131 132 135 136 139 140 144 145 148 149 152 153 156 157 161 162 165 166 169 170 173 174 178 179 182 183 186 187 191 192 195 196 199 200 204 205 208 209 211 212 215 216 218 219 222 223 225 226 229 230 233 234 237 238 240 241 244 245 248 249 251 252 255 256 259 260 262 263 266 267 270 271 274 275 277 278 281 282 285 286 289 290 293 294 297 298 300 301 304 305 308 309 311 312 315 316 319 320 323 324 326 327 330 331 334 335 338 339 342 343 345 346 349 350 353 354 357 358 360 361 364 365 368 369 371 372 375 376 379 380 382 383 386 387 389 390 393 394 396 397 398 399 400 403 404 407 408 413 414 419 420 425 426 431 432 439 440 447 448 455 456 463 464 471 472 479 480 487 488 495 496 505 506 515 516 525 526 535 536 545 546 555 556 565 566 575 576 587 588 599 600 611 612 623 624 637 638 640 650 651 667 668 686 687 6 15 23 28 32 41 45 54 58 66 71 75 83 87 92 96 100 109 113 122 126 130 138 143 147 151 160 164 168 177 181 190 194 203 214 221 228 232 236 243 247 254 258 265 269 273 280 284 288 292 296 303 307 314 318 322 329 333 337 341 348 352 356 363 367 374 378 385 392 401 402 405 406 409 410 411 412 415 416 417 418 421 422 423 424 427 428 429 430 433 434 435 436 437 438 441 442 443 444 445 446 449 450 451 452 453 454 457 458 459 460 461 462 465 466 467 468 469 470 473 474 475 476 477 478 481 482 483 484 485 486 489 490 491 492 493 494 497 498 499 500 501 502 503 504 507 508 509 510 511 512 513 514 517 518 519 520 521 522 523 524 527 528 529 530 531 532 533 534 537 538 539 540 541 542 543 544 547 548 549 550 551 552 553 554 557 558 559 560 561 562 563 564 567 568 569 570 571 572 573 574 577 578 579 580 581 582 583 584 585 586 589 590 591 592 593 594 595 596 597 598 601 602 603 604 605 606 607 608 609 610 613 614 615 616 617 618 619 620 621 622 625 626 627 628 629 630 631 632 633 634 635 636 641 642 643 644 645 646 647 648 649 653 654 655 656 657 658 659 660 661 662 663 664 665 666 670 671 672 673 674 675 676 677 678 679 680 681 682 683 684 685 688 1997 1998 1999 2000 2001 2002 2003 2004 2005 2006 2007 2008 2009 2010 2011 2012 2013 2014 2015 2016 2017 2018 2019 2020 2021 2022 2023 2024 2025 2026 2027 2028 2029 2030 2031 2032 2033 2034 2035 2036 2037 2038 2039 2040 2041 2042 2043 2044 2045 2046 2047 2048 2049 2050 2051 2052 2053 2054 2055 2056 2057 2058 2059 2060 2061 2062 2063 2064 2065 2066 2067 2068 2069 2070 2071 2072 2073 2074 2075 2076 2077 2078 2079 2080 2081 2082 2083 2084 2085 2086 2087 2088 2089 2090 2091 2092 2093 2094 2095 2096 2097 2098 2099 2100 2101 2102 2103 2104 2105 2106 2107 2108 2109 2110 2111 2112 2113 2114 2115 2116 2117 2118 2119 2120 2121 2122 2123 2124 2125 2126 2127 2128 2129 2130 2131 2132 2133 2134 2135 2136 2137 2138 2139 2140 2141 2142 2143 2144 2145 2146 2147 2148 2149 2150 2151 2152 2153 2154 2155 2156 2157 2158 2159 2160 2161 2162 2163 2164 2165 2166 2167 2168 2169 2170 2171 2172 2173 2174 2175 2176 2177 2178 2179 2180 2181 2182 2183 2184 2185 2186 2187 2188 2189 2190 2191 2192 2193 2194 2195 2196 2197 2198 2199 2200 2201 2202 2203 2204 2205 2206 2207 2208 2209 2210 2211 2212 2213 2214 2215 2216 2217 2218 2219 2220 2221 2222 2223 2224 2225 2226 2227 2228 2229 2230 2231 2232 2233 2234 2235 2236 2237 2238 2239 2240 2241 2242 2243 2244 2245 2246 2247 2248 2249 2250 2251 2252 2253 2254 2255 2256 2257 2258 2259 2260 2261 2262 2263 2264 2265 2266 2267 2268 2269 2270 2271 2272 2273 2274 2275 2276 2277 2278 2279 2280 2281 2282 2283 2284 2285 2286 2287 2288 2289 2290 2291 0
d 639 388 391 0
1998 -6 0
-1998 6 0
1999 -15 0
-1999 15 0
2000 -23 0
-2000 23 0
2001 -28 0
-2001 28 0
2002 -32 0
-2002 32 0
2003 -41 0
-2003 41 0
2004 -45 0
-2004 45 0
2005 -54 0
-2005 54 0
2006 -58 0
-2006 58 0
2007 -66 0
-2007 66 0
2008 -71 0
-2008 71 0
2009 -75 0
-2009 75 0
2010 -83 0
-2010 83 0
2011 -87 0
-2011 87 0
2012 -92 0
-2012 92 0
2013 -96 0
-2013 96 0
2014 -100 0
-2014 100 0
2015 -109 0
-2015 109 0
2016 -113 0
-2016 113 0
2017 -122 0
-2017 122 0
2018 -126 0
-2018 126 0
2019 -130 0
-2019 130 0
2020 -138 0
-2020 138 0
2021 -143 0
-2021 143 0
2022 -147 0
-2022 147 0
2023 -151 0
-2023 151 0
2024 -160 0
-2024 160 0
2025 -164 0
-2025 164 0
2026 -168 0
-2026 168 0
2027 -177 0
-2027 177 0
2028 -181 0
-2028 181 0
2029 -190 0
-2029 190 0
2030 -194 0
-2030 194 0
2031 -203 0
-2031 203 0
2032 -214 0
-2032 214 0
2033 -221 0
-2033 221 0
2034 -228 0
-2034 228 0
2035 -232 0
-2035 232 0
2036 -236 0
-2036 236 0
2037 -243 0
-2037 243 0
2038 -247 0
-2038 247 0
2039 -254 0
-2039 254 0
2040 -258 0
-2040 258 0
2041 -265 0
-2041 265 0
2042 -269 0
-2042 269 0
2043 -273 0
-2043 273 0
2044 -280 0
-2044 280 0
2045 -284 0
-2045 284 0
2046 -288 0
-2046 288 0
2047 -292 0
-2047 292 0
2048 -296 0
-2048 296 0
2049 -303 0
-2049 303 0
2050 -307 0
-2050 307 0
2051 -314 0
-2051 314 0
2052 -318 0
-2052 318 0
2053 -322 0
-2053 322 0
2054 -329 0
-2054 329 0
2055 -333 0
-2055 333 0
2056 -337 0
-2056 337 0
2057 -341 0
-2057 341 0
2058 -348 0
-2058 348 0
2059 -352 0
-2059 352 0
2060 -356 0
-2060 356 0
2061 -363 0
-2061 363 0
2062 -367 0
-2062 367 0
2063 -374 0
-2063 374 0
2064 -378 0
-2064 378 0
2065 -385 0
-2065 385 0
2066 -392 0
-2066 392 0
2067 -401 0
-2067 401 0
2068 -402 0
-2068 402 0
2069 -405 0
-2069 405 0
2070 -406 0
-2070 406 0
2071 -409 0
-2071 409 0
2072 -410 0
-2072 410 0
2073 -411 0
-2073 411 0
2074 -412 0
-2074 412 0
2075 -415 0
-2075 415 0
2076 -416 0
-2076 416 0
2077 -417 0
-2077 417 0
2078 -418 0
-2078 418 0
2079 -421 0
-2079 421 0
2080 -422 0
-2080 422 0
2081 -423 0
-2081 423 0
2082 -424 0
-2082 424 0
2083 -427 0
-2083 427 0
2084 -428 0
-2084 428 0
2085 -429 0
-2085 429 0
2086 -430 0
-2086 430 0
2087 -433 0
-2087 433 0
2088 -434 0
-2088 434 0
2089 -435 0
-2089 435 0
2090 -436 0
-2090 436 0
2091 -437 0
-2091 437 0
2092 -438 0
-2092 438 0
2093 -441 0
-2093 441 0
2094 -442 0
-2094 442 0
2095 -443 0
-2095 443 0
2096 -444 0
-2096 444 0
2097 -445 0
-2097 445 0
2098 -446 0
-2098 446 0
2099 -449 0
-2099 449 0
2100 -450 0
-2100 450 0
2101 -451 0
-2101 451 0
2102 -452 0
-2102 452 0
2103 -453 0
-2103 453 0
2104 -454 0
-2104 454 0
2105 -457 0
-2105 457 0
2106 -458 0
-2106 458 0
2107 -459 0
-2107 459 0
2108 -460 0
-2108 460 0
2109 -461 0
-2109 461 0
2110 -462 0
-2110 462 0
2111 -465 0
-2111 465 0
2112 -466 0
-2112 466 0
2113 -467 0
-2113 467 0
2114 -468 0
-2114 468 0
2115 -469 0
-2115 469 0
2116 -470 0
-2116 470 0
2119 -473 0
-2119 473 0
2120 -474 0
-2120 474 0
2121 -475 0
-2121 475 0
2122 -476 0
-2122 476 0
2123 -477 0
-2123 477 0
2124 -478 0
-2124 478 0
2125 -481 0
-2125 481 0
2126 -482 0
-2126 482 0
2127 -483 0
-2127 483 0
2128 -484 0
-2128 484 0
2129 -485 0
-2129 485 0
2130 -486 0
-2130 486 0
2131 -489 0
-2131 489 0
2132 -490 0
-2132 490 0
2133 -491 0
-2133 491 0
2134 -492 0
-2134 492 0
2135 -493 0
-2135 493 0
2136 -494 0
-2136 494 0
2137 -497 0
-2137 497 0
2138 -498 0
-2138 498 0
2139 -499 0
-2139 499 0
2140 -500 0
-2140 500 0
2141 -501 0
-2141 501 0
2142 -502 0
-2142 502 0
2143 -503 0
-2143 503 0
2144 -504 0
-2144 504 0
2145 -507 0
-2145 507 0
2146 -508 0
-2146 508 0
2147 -509 0
-2147 509 0
2148 -510 0
-2148 510 0
2149 -511 0
-2149 511 0
2150 -512 0
-2150 512 0
2151 -513 0
-2151 513 0
2152 -514 0
-2152 514 0
2153 -517 0
-2153 517 0
2154 -518 0
-2154 518 0
2155 -519 0
-2155 519 0
2156 -520 0
-2156 520 0
2157 -521 0
-2157 521 0
2158 -522 0
-2158 522 0
2159 -523 0
-2159 523 0
2160 -524 0
-2160 524 0
2161 -527 0
-2161 527 0
2162 -528 0
-2162 528 0
2163 -529 0
-2163 529 0
2164 -530 0
-2164 530 0
2165 -531 0
-2165 531 0
2166 -532 0
-2166 532 0
2167 -533 0
-2167 533 0
2168 -534 0
-2168 534 0
2169 -537 0
-2169 537 0
2170 -538 0
-2170 538 0
2171 -539 0
-2171 539 0
2172 -540 0
-2172 540 0
2173 -541 0
-2173 541 0
2174 -542 0
-2174 542 0
2175 -543 0
-2175 543 0
2176 -544 0
-2176 544 0
2177 -547 0
-2177 547 0
2178 -548 0
-2178 548 0
2179 -549 0
-2179 549 0
2180 -550 0
-2180 550 0
2181 -551 0
-2181 551 0
2182 -552 0
-2182 552 0
2183 -553 0
-2183 553 0
2184 -554 0
-2184 554 0
2185 -557 0
-2185 557 0
2186 -558 0
-2186 558 0
2187 -559 0
-2187 559 0
2188 -560 0
-2188 560 0
2189 -561 0
-2189 561 0
2190 -562 0
-2190 562 0
2191 -563 0
-2191 563 0
2192 -564 0
-2192 564 0
2193 -567 0
-2193 567 0
2194 -568 0
-2194 568 0
2195 -569 0
-2195 569 0
2196 -570 0
-2196 570 0
2197 -571 0
-2197 571 0
2198 -572 0
-2198 572 0
2199 -573 0
-2199 573 0
2200 -574 0
-2200 574 0
2201 -577 0
-2201 577 0
2202 -578 0
-2202 578 0
2203 -579 0
-2203 579 0
2204 -580 0
-2204 580 0
2205 -581 0
-2205 581 0
2206 -582 0
-2206 582 0
2207 -583 0
-2207 583 0
2208 -584 0
-2208 584 0
2209 -585 0
-2209 585 0
2210 -586 0
-2210 586 0
2211 -589 0
-2211 589 0
2212 -590 0
-2212 590 0
2213 -591 0
-2213 591 0
2214 -592 0
-2214 592 0
2215 -593 0
-2215 593 0
2216 -594 0
-2216 594 0
2217 -595 0
-2217 595 0
2218 -596 0
-2218 596 0
2219 -597 0
-2219 597 0
2220 -598 0
-2220 598 0
2221 -601 0
-2221 601 0
2222 -602 0
-2222 602 0
2223 -603 0
-2223 603 0
2224 -604 0
-2224 604 0
2225 -605 0
-2225 605 0
2226 -606 0
-2226 606 0
2227 -607 0
-2227 607 0
2228 -608 0
-2228 608 0
2229 -609 0
-2229 609 0
2230 -610 0
-2230 610 0
2231 -613 0
-2231 613 0
2232 -614 0
-2232 614 0
2233 -615 0
-2233 615 0
2234 -616 0
-2234 616 0
2235 -617 0
-2235 617 0
2236 -618 0
-2236 618 0
2237 -619 0
-2237 619 0
2238 -620 0
-2238 620 0
2239 -621 0
-2239 621 0
2240 -622 0
-2240 622 0
2241 -625 0
-2241 625 0
2242 -626 0
-2242 626 0
2243 -627 0
-2243 627 0
2244 -628 0
-2244 628 0
2245 -629 0
-2245 629 0
2246 -630 0
-2246 630 0
2247 -631 0
-2247 631 0
2248 -632 0
-2248 632 0
2249 -633 0
-2249 633 0
2250 -634 0
-2250 634 0
2251 -635 0
-2251 635 0
2252 -636 0
-2252 636 0
2253 -641 0
-2253 641 0
2254 -642 0
-2254 642 0
2255 -643 0
-2255 643 0
2256 -644 0
-2256 644 0
2257 -645 0
-2257 645 0
2258 -646 0
-2258 646 0
2259 -647 0
-2259 647 0
2260 -648 0
-2260 648 0
2261 -649 0
-2261 649 0
2262 -653 0
-2262 653 0
2263 -654 0
-2263 654 0
2264 -655 0
-2264 655 0
2265 -656 0
-2265 656 0
2266 -657 0
-2266 657 0
2267 -658 0
-2267 658 0
2268 -659 0
-2268 659 0
2269 -660 0
-2269 660 0
2270 -661 0
-2270 661 0
2271 -662 0
-2271 662 0
2272 -663 0
-2272 663 0
2273 -664 0
-2273 664 0
2274 -665 0
-2274 665 0
2275 -666 0
-2275 666 0
2276 -670 0
-2276 670 0
2277 -671 0
-2277 671 0
2278 -672 0
-2278 672 0
2279 -673 0
-2279 673 0
2280 -674 0
-2280 674 0
2281 -675 0
-2281 675 0
2282 -676 0
-2282 676 0
2283 -677 0
-2283 677 0
2284 -678 0
-2284 678 0
2285 -679 0
-2285 679 0
2286 -680 0
-2286 680 0
2287 -681 0
-2287 681 0
2288 -682 0
-2288 682 0
2289 -683 0
-2289 683 0
2290 -684 0
-2290 684 0
2291 -685 0
-2291 685 0
1997 -688 0
-1997 688 0
688 0
-688 397 687 0
-397 394 -396 0
-394 390 -393 0
-390 387 -389 0
-387 383 -386 0
-383 380 -382 0
-380 376 -379 0
-376 372 -375 0
-372 369 -371 0
-369 365 -368 0
-365 361 -364 0
-361 358 -360 0
-358 354 -357 0
-354 350 -353 0
-350 346 -349 0
-346 343 -345 0
-343 339 -342 0
-339 335 -338 0
-335 331 -334 0
-331 327 -330 0
-327 324 -326 0
-324 320 -323 0
-320 316 -319 0
-316 312 -315 0
-312 309 -311 0
-309 305 -308 0
-305 301 -304 0
-301 298 -300 0
-298 294 -297 0
-294 290 -293 0
-290 286 -289 0
-286 282 -285 0
-282 278 -281 0
-278 275 -277 0
-275 271 -274 0
-271 267 -270 0
-267 263 -266 0
-263 260 -262 0
-260 256 -259 0
-256 252 -255 0
-252 249 -251 0
-249 245 -248 0
-245 241 -244 0
-241 238 -240 0
-238 234 -237 0
-234 230 -233 0
-230 226 -229 0
-226 223 -225 0
-223 219 -222 0
-219 216 -218 0
-216 212 -215 0
-212 209 -211 0
-209 205 -208 0
-205 200 -204 0
-200 196 -199 0
-196 192 -195 0
-192 187 -191 0
-187 183 -186 0
-183 179 -182 0
-179 174 -178 0
-174 170 -173 0
-170 166 -169 0
-166 162 -165 0
-162 157 -161 0
-157 153 -156 0
-153 149 -152 0
-149 145 -148 0
-145 140 -144 0
-140 136 -139 0
-136 132 -135 0
-132 128 -131 0
-128 124 -127 0
-124 119 -123 0
-119 115 -118 0
-115 111 -114 0
-111 106 -110 0
-106 102 -105 0
-102 98 -101 0
-98 94 -97 0
-94 89 -93 0
-89 85 -88 0
-85 81 -84 0
-81 77 -80 0
-77 73 -76 0
-73 68 -72 0
-68 64 -67 0
-64 60 -63 0
-60 56 -59 0
-56 51 -55 0
-51 47 -50 0
-47 43 -46 0
-43 38 -42 0
-38 34 -37 0
-34 30 -33 0
-30 25 -29 0
-25 21 -24 0
-21 17 -20 0
-17 12 -16 0
-12 8 -11 0
-8 -3 -7 0
1 -2 3 0
-1 2 3 0
4 6 7 0
-4 -6 7 0
-1 5 6 0
-6 1 0
-6 -5 0
9 -10 11 0
-9 10 11 0
13 15 16 0
-13 -15 16 0
-9 14 15 0
-15 9 0
-15 -14 0
18 -19 20 0
-18 19 20 0
22 23 24 0
-22 -23 24 0
-4 -13 23 0
-23 4 0
-23 13 0
26 28 29 0
-26 -28 29 0
-18 27 28 0
-28 18 0
-28 -27 0
31 32 33 0
-31 -32 33 0
-13 -26 32 0
-32 13 0
-32 26 0
35 -36 37 0
-35 36 37 0
39 41 42 0
-39 -41 42 0
-35 40 41 0
-41 35 0
-41 -40 0
44 45 46 0
-44 -45 46 0
-26 -39 45 0
-45 26 0
-45 39 0
48 -49 50 0
-48 49 50 0
52 54 55 0
-52 -54 55 0
-48 53 54 0
-54 48 0
-54 -53 0
57 58 59 0
-57 -58 59 0
-39 -52 58 0
-58 39 0
-58 52 0
61 -62 63 0
-61 62 63 0
65 66 67 0
-65 -66 67 0
-22 -44 66 0
-66 22 0
-66 44 0
69 71 72 0
-69 -71 72 0
-61 70 71 0
-71 61 0
-71 -70 0
74 75 76 0
-74 -75 76 0
-31 -57 75 0
-75 31 0
-75 57 0
78 -79 80 0
-78 79 80 0
82 83 84 0
-82 -83 84 0
-52 -69 83 0
-83 52 0
-83 69 0
86 87 88 0
-86 -87 88 0
-44 -82 87 0
-87 44 0
-87 82 0
90 92 93 0
-90 -92 93 0
-78 91 92 0
-92 78 0
-92 -91 0
95 96 97 0
-95 -96 97 0
-69 -90 96 0
-96 69 0
-96 90 0
99 100 101 0
-99 -100 101 0
-57 -95 100 0
-100 57 0
-100 95 0
103 -104 105 0
-103 104 105 0
107 109 110 0
-107 -109 110 0
-103 108 109 0
-109 103 0
-109 -108 0
112 113 114 0
-112 -113 114 0
-90 -107 113 0
-113 90 0
-113 107 0
116 -117 118 0
-116 117 118 0
120 122 123 0
-120 -122 123 0
-116 121 122 0
-122 116 0
-122 -121 0
125 126 127 0
-125 -126 127 0
-107 -120 126 0
-126 107 0
-126 120 0
129 130 131 0
-129 -130 131 0
-82 -112 130 0
-130 82 0
-130 112 0
133 -134 135 0
-133 134 135 0
137 138 139 0
-137 -138 139 0
-95 -125 138 0
-138 95 0
-138 125 0
141 143 144 0
-141 -143 144 0
-133 142 143 0
-143 133 0
-143 -142 0
146 147 148 0
-146 -147 148 0
-120 -141 147 0
-147 120 0
-147 141 0
150 151 152 0
-150 -151 152 0
-112 -146 151 0
-151 112 0
-151 146 0
154 -155 156 0
-154 155 156 0
158 160 161 0
-158 -160 161 0
-154 159 160 0
-160 154 0
-160 -159 0
163 164 165 0
-163 -164 165 0
-141 -158 164 0
-164 141 0
-164 158 0
167 168 169 0
-167 -168 169 0
-125 -163 168 0
-168 125 0
-168 163 0
171 -172 173 0
-171 172 173 0
175 177 178 0
-175 -177 178 0
-171 176 177 0
-177 171 0
-177 -176 0
180 181 182 0
-180 -181 182 0
-158 -175 181 0
-181 158 0
-181 175 0
184 -185 186 0
-184 185 186 0
188 190 191 0
-188 -190 191 0
-184 189 190 0
-190 184 0
-190 -189 0
193 194 195 0
-193 -194 195 0
-175 -188 194 0
-194 175 0
-194 188 0
197 -198 199 0
-197 198 199 0
201 203 204 0
-201 -203 204 0
-197 202 203 0
-203 197 0
-203 -202 0
206 -207 208 0
-206 207 208 0
210 -2 211 0
-210 2 211 0
213 214 215 0
-213 -214 215 0
-210 5 214 0
-214 210 0
-214 -5 0
217 -10 218 0
-217 10 218 0
220 221 222 0
-220 -221 222 0
-217 14 221 0
-221 217 0
-221 -14 0
224 -19 225 0
-224 19 225 0
227 228 229 0
-227 -228 229 0
-213 -220 228 0
-228 213 0
-228 220 0
231 232 233 0
-231 -232 233 0
-224 27 232 0
-232 224 0
-232 -27 0
235 236 237 0
-235 -236 237 0
-220 -231 236 0
-236 220 0
-236 231 0
239 -36 240 0
-239 36 240 0
242 243 244 0
-242 -243 244 0
-239 40 243 0
-243 239 0
-243 -40 0
246 247 248 0
-246 -247 248 0
-231 -242 247 0
-247 231 0
-247 242 0
250 -49 251 0
-250 49 251 0
253 254 255 0
-253 -254 255 0
-250 53 254 0
-254 250 0
-254 -53 0
257 258 259 0
-257 -258 259 0
-242 -253 258 0
-258 242 0
-258 253 0
261 -62 262 0
-261 62 262 0
264 265 266 0
-264 -265 266 0
-227 -246 265 0
-265 227 0
-265 246 0
268 269 270 0
-268 -269 270 0
-261 70 269 0
-269 261 0
-269 -70 0
272 273 274 0
-272 -273 274 0
-235 -257 273 0
-273 235 0
-273 257 0
276 -79 277 0
-276 79 277 0
279 280 281 0
-279 -280 281 0
-253 -268 280 0
-280 253 0
-280 268 0
283 284 285 0
-283 -284 285 0
-246 -279 284 0
-284 246 0
-284 279 0
287 288 289 0
-287 -288 289 0
-276 91 288 0
-288 276 0
-288 -91 0
291 292 293 0
-291 -292 293 0
-268 -287 292 0
-292 268 0
-292 287 0
295 296 297 0
-295 -296 297 0
-257 -291 296 0
-296 257 0
-296 291 0
299 -104 300 0
-299 104 300 0
302 303 304 0
-302 -303 304 0
-299 108 303 0
-303 299 0
-303 -108 0
306 307 308 0
-306 -307 308 0
-287 -302 307 0
-307 287 0
-307 302 0
310 -117 311 0
-310 117 311 0
313 314 315 0
-313 -314 315 0
-310 121 314 0
-314 310 0
-314 -121 0
317 318 319 0
-317 -318 319 0
-302 -313 318 0
-318 302 0
-318 313 0
321 322 323 0
-321 -322 323 0
-279 -306 322 0
-322 279 0
-322 306 0
325 -134 326 0
-325 134 326 0
328 329 330 0
-328 -329 330 0
-291 -317 329 0
-329 291 0
-329 317 0
332 333 334 0
-332 -333 334 0
-325 142 333 0
-333 325 0
-333 -142 0
336 337 338 0
-336 -337 338 0
-313 -332 337 0
-337 313 0
-337 332 0
340 341 342 0
-340 -341 342 0
-306 -336 341 0
-341 306 0
-341 336 0
344 -155 345 0
-344 155 345 0
347 348 349 0
-347 -348 349 0
-344 159 348 0
-348 344 0
-348 -159 0
351 352 353 0
-351 -352 353 0
-332 -347 352 0
-352 332 0
-352 347 0
355 356 357 0
-355 -356 357 0
-317 -351 356 0
-356 317 0
-356 351 0
359 -172 360 0
-359 172 360 0
362 363 364 0
-362 -363 364 0
-359 176 363 0
-363 359 0
-363 -176 0
366 367 368 0
-366 -367 368 0
-347 -362 367 0
-367 347 0
-367 362 0
370 -185 371 0
-370 185 371 0
373 374 375 0
-373 -374 375 0
-370 189 374 0
-374 370 0
-374 -189 0
377 378 379 0
-377 -378 379 0
-362 -373 378 0
-378 362 0
-378 373 0
381 -198 382 0
-381 198 382 0
384 385 386 0
-384 -385 386 0
-381 202 385 0
-385 381 0
-385 -202 0
388 384 389 0
-388 -384 389 0
391 392 393 0
-391 -392 393 0
-207 -213 392 0
-392 207 0
-392 213 0
395 -207 396 0
-395 207 396 0
-687 668 0
-687 686 0
-668 651 0
-668 667 0
-651 638 0
-651 650 0
-638 624 0
-638 637 0
-624 612 0
-624 623 0
-612 600 0
-612 611 0
-600 588 0
-600 599 0
-588 576 0
-588 587 0
-576 566 0
-576 575 0
-566 556 0
-566 565 0
-556 546 0
-556 555 0
-546 536 0
-546 545 0
-536 526 0
-536 535 0
-526 516 0
-526 525 0
-516 506 0
-516 515 0
-506 496 0
-506 505 0
-496 488 0
-496 495 0
-488 480 0
-488 487 0
-480 472 0
-480 479 0
-472 464 0
-472 471 0
-464 456 0
-464 463 0
-456 448 0
-456 455 0
-448 440 0
-448 447 0
-440 432 0
-440 439 0
-432 426 0
-432 431 0
-426 420 0
-426 425 0
-420 414 0
-420 419 0
-414 408 0
-414 413 0
-408 404 0
-408 407 0
-404 400 0
-404 403 0
-400 398 0
-400 399 0
-398 -2 2 0
-398 2 -2 0
-399 -2 2 0
-399 2 -2 0
-403 -401 402 0
-403 401 -402 0
-401 210 0
-401 5 0
-402 1 0
-402 5 0
-210 -5 401 0
-1 -5 402 0
-407 -405 406 0
-407 405 -406 0
-405 10 0
-405 213 0
-406 10 0
-406 4 0
-10 -213 405 0
-10 -4 406 0
-413 -410 412 0
-413 410 -412 0
-410 213 0
-410 409 0
-409 217 0
-409 14 0
-412 4 0
-412 411 0
-411 9 0
-411 14 0
-213 -409 410 0
-217 -14 409 0
-4 -411 412 0
-9 -14 411 0
-419 -416 418 0
-419 416 -418 0
-416 220 0
-416 415 0
-415 19 0
-415 213 0
-418 13 0
-418 417 0
-417 19 0
-417 4 0
-220 -415 416 0
-19 -213 415 0
-13 -417 418 0
-19 -4 417 0
-425 -422 424 0
-425 422 -424 0
-422 421 0
-422 227 0
-421 224 0
-421 27 0
-424 423 0
-424 22 0
-423 18 0
-423 27 0
-421 -227 422 0
-224 -27 421 0
-423 -22 424 0
-18 -27 423 0
-431 -428 430 0
-431 428 -430 0
-428 427 0
-428 235 0
-427 36 0
-427 213 0
-430 429 0
-430 31 0
-429 36 0
-429 4 0
-427 -235 428 0
-36 -213 427 0
-429 -31 430 0
-36 -4 429 0
-439 -435 438 0
-439 435 -438 0
-435 227 0
-435 434 0
-434 231 0
-434 433 0
-433 239 0
-433 40 0
-438 22 0
-438 437 0
-437 26 0
-437 436 0
-436 35 0
-436 40 0
-227 -434 435 0
-231 -433 434 0
-239 -40 433 0
-22 -437 438 0
-26 -436 437 0
-35 -40 436 0
-447 -443 446 0
-447 443 -446 0
-443 235 0
-443 442 0
-442 242 0
-442 441 0
-441 49 0
-441 213 0
-446 31 0
-446 445 0
-445 39 0
-445 444 0
-444 49 0
-444 4 0
-235 -442 443 0
-242 -441 442 0
-49 -213 441 0
-31 -445 446 0
-39 -444 445 0
-49 -4 444 0
-455 -451 454 0
-455 451 -454 0
-451 246 0
-451 450 0
-450 449 0
-450 227 0
-449 250 0
-449 53 0
-454 44 0
-454 453 0
-453 452 0
-453 22 0
-452 48 0
-452 53 0
-246 -450 451 0
-449 -227 450 0
-250 -53 449 0
-44 -453 454 0
-452 -22 453 0
-48 -53 452 0
-463 -459 462 0
-463 459 -462 0
-459 257 0
-459 458 0
-458 457 0
-458 235 0
-457 62 0
-457 213 0
-462 57 0
-462 461 0
-461 460 0
-461 31 0
-460 62 0
-460 4 0
-257 -458 459 0
-457 -235 458 0
-62 -213 457 0
-57 -461 462 0
-460 -31 461 0
-62 -4 460 0
-471 -467 470 0
-471 467 -470 0
-467 466 0
-467 264 0
-466 253 0
-466 465 0
-465 261 0
-465 70 0
-470 469 0
-470 65 0
-469 52 0
-469 468 0
-468 61 0
-468 70 0
-466 -264 467 0
-253 -465 466 0
-261 -70 465 0
-469 -65 470 0
-52 -468 469 0
-61 -70 468 0
-479 -475 478 0
-479 475 -478 0
-475 474 0
-475 272 0
-474 268 0
-474 -473 0
79 213 473 0
-79 -213 473 0
-478 477 0
-478 74 0
-477 69 0
-477 476 0
-476 79 0
-476 4 0
-474 -272 475 0
-268 473 474 0
-473 -79 213 0
-473 79 -213 0
-477 -74 478 0
-69 -476 477 0
-79 -4 476 0
-487 -483 486 0
-487 483 -486 0
-483 482 0
-483 283 0
-482 481 0
-482 227 0
-481 276 0
-481 91 0
-486 485 0
-486 86 0
-485 484 0
-485 22 0
-484 78 0
-484 91 0
-482 -283 483 0
-481 -227 482 0
-276 -91 481 0
-485 -86 486 0
-484 -22 485 0
-78 -91 484 0
-495 -491 494 0
-495 491 -494 0
-491 490 0
-491 295 0
-490 489 0
-490 235 0
-489 104 0
-489 213 0
-494 493 0
-494 99 0
-493 492 0
-493 31 0
-492 104 0
-492 4 0
-490 -295 491 0
-489 -235 490 0
-104 -213 489 0
-493 -99 494 0
-492 -31 493 0
-104 -4 492 0
-505 -500 504 0
-505 500 -504 0
-500 264 0
-500 499 0
-499 279 0
-499 498 0
-498 287 0
-498 497 0
-497 299 0
-497 108 0
-504 65 0
-504 503 0
-503 82 0
-503 502 0
-502 90 0
-502 501 0
-501 103 0
-501 108 0
-264 -499 500 0
-279 -498 499 0
-287 -497 498 0
-299 -108 497 0
-65 -503 504 0
-82 -502 503 0
-90 -501 502 0
-103 -108 501 0
-515 -510 514 0
-515 510 -514 0
-510 272 0
-510 509 0
-509 291 0
-509 508 0
-508 302 0
-508 507 0
-507 117 0
-507 213 0
-514 74 0
-514 513 0
-513 95 0
-513 512 0
-512 107 0
-512 511 0
-511 117 0
-511 4 0
-272 -509 510 0
-291 -508 509 0
-302 -507 508 0
-117 -213 507 0
-74 -513 514 0
-95 -512 513 0
-107 -511 512 0
-117 -4 511 0
-525 -520 524 0
-525 520 -524 0
-520 283 0
-520 519 0
-519 306 0
-519 518 0
-518 517 0
-518 227 0
-517 310 0
-517 121 0
-524 86 0
-524 523 0
-523 112 0
-523 522 0
-522 521 0
-522 22 0
-521 116 0
-521 121 0
-283 -519 520 0
-306 -518 519 0
-517 -227 518 0
-310 -121 517 0
-86 -523 524 0
-112 -522 523 0
-521 -22 522 0
-116 -121 521 0
-535 -530 534 0
-535 530 -534 0
-530 295 0
-530 529 0
-529 317 0
-529 528 0
-528 527 0
-528 235 0
-527 134 0
-527 213 0
-534 99 0
-534 533 0
-533 125 0
-533 532 0
-532 531 0
-532 31 0
-531 134 0
-531 4 0
-295 -529 530 0
-317 -528 529 0
-527 -235 528 0
-134 -213 527 0
-99 -533 534 0
-125 -532 533 0
-531 -31 532 0
-134 -4 531 0
-545 -540 544 0
-545 540 -544 0
-540 321 0
-540 539 0
-539 538 0
-539 264 0
-538 313 0
-538 537 0
-537 325 0
-537 142 0
-544 129 0
-544 543 0
-543 542 0
-543 65 0
-542 120 0
-542 541 0
-541 133 0
-541 142 0
-321 -539 540 0
-538 -264 539 0
-313 -537 538 0
-325 -142 537 0
-129 -543 544 0
-542 -65 543 0
-120 -541 542 0
-133 -142 541 0
-555 -550 554 0
-555 550 -554 0
-550 328 0
-550 549 0
-549 548 0
-549 272 0
-548 332 0
-548 547 0
-547 155 0
-547 213 0
-554 137 0
-554 553 0
-553 552 0
-553 74 0
-552 141 0
-552 551 0
-551 155 0
-551 4 0
-328 -549 550 0
-548 -272 549 0
-332 -547 548 0
-155 -213 547 0
-137 -553 554 0
-552 -74 553 0
-141 -551 552 0
-155 -4 551 0
-565 -560 564 0
-565 560 -564 0
-560 340 0
-560 559 0
-559 558 0
-559 283 0
-558 557 0
-558 227 0
-557 344 0
-557 159 0
-564 150 0
-564 563 0
-563 562 0
-563 86 0
-562 561 0
-562 22 0
-561 154 0
-561 159 0
-340 -559 560 0
-558 -283 559 0
-557 -227 558 0
-344 -159 557 0
-150 -563 564 0
-562 -86 563 0
-561 -22 562 0
-154 -159 561 0
-575 -570 574 0
-575 570 -574 0
-570 355 0
-570 569 0
-569 568 0
-569 295 0
-568 567 0
-568 235 0
-567 172 0
-567 213 0
-574 167 0
-574 573 0
-573 572 0
-573 99 0
-572 571 0
-572 31 0
-571 172 0
-571 4 0
-355 -569 570 0
-568 -295 569 0
-567 -235 568 0
-172 -213 567 0
-167 -573 574 0
-572 -99 573 0
-571 -31 572 0
-172 -4 571 0
-587 -581 586 0
-587 581 -586 0
-581 579 0
-581 580 0
-579 336 0
-579 578 0
-578 347 0
-578 577 0
-577 359 0
-577 176 0
-580 264 0
-580 321 0
-586 584 0
-586 585 0
-584 146 0
-584 583 0
-583 158 0
-583 582 0
-582 171 0
-582 176 0
-585 65 0
-585 129 0
-579 -580 581 0
-336 -578 579 0
-347 -577 578 0
-359 -176 577 0
-264 -321 580 0
-584 -585 586 0
-146 -583 584 0
-158 -582 583 0
-171 -176 582 0
-65 -129 585 0
-599 -593 598 0
-599 593 -598 0
-593 591 0
-593 592 0
-591 351 0
-591 590 0
-590 362 0
-590 589 0
-589 185 0
-589 213 0
-592 272 0
-592 328 0
-598 596 0
-598 597 0
-596 163 0
-596 595 0
-595 175 0
-595 594 0
-594 185 0
-594 4 0
-597 74 0
-597 137 0
-591 -592 593 0
-351 -590 591 0
-362 -589 590 0
-185 -213 589 0
-272 -328 592 0
-596 -597 598 0
-163 -595 596 0
-175 -594 595 0
-185 -4 594 0
-74 -137 597 0
-611 -605 610 0
-611 605 -610 0
-605 603 0
-605 604 0
-603 366 0
-603 602 0
-602 601 0
-602 227 0
-601 370 0
-601 189 0
-604 283 0
-604 340 0
-610 608 0
-610 609 0
-608 180 0
-608 607 0
-607 606 0
-607 22 0
-606 184 0
-606 189 0
-609 86 0
-609 150 0
-603 -604 605 0
-366 -602 603 0
-601 -227 602 0
-370 -189 601 0
-283 -340 604 0
-608 -609 610 0
-180 -607 608 0
-606 -22 607 0
-184 -189 606 0
-86 -150 609 0
-623 -617 622 0
-623 617 -622 0
-617 615 0
-617 616 0
-615 377 0
-615 614 0
-614 613 0
-614 235 0
-613 198 0
-613 213 0
-616 295 0
-616 355 0
-622 620 0
-622 621 0
-620 193 0
-620 619 0
-619 618 0
-619 31 0
-618 198 0
-618 4 0
-621 99 0
-621 167 0
-615 -616 617 0
-377 -614 615 0
-613 -235 614 0
-198 -213 613 0
-295 -355 616 0
-620 -621 622 0
-193 -619 620 0
-618 -31 619 0
-198 -4 618 0
-99 -167 621 0
-637 -630 636 0
-637 630 -636 0
-630 627 0
-630 629 0
-627 626 0
-627 264 0
-626 373 0
-626 625 0
-625 381 0
-625 202 0
-629 321 0
-629 628 0
-628 336 0
-628 366 0
-636 633 0
-636 635 0
-633 632 0
-633 65 0
-632 188 0
-632 631 0
-631 197 0
-631 202 0
-635 129 0
-635 634 0
-634 146 0
-634 180 0
-627 -629 630 0
-626 -264 627 0
-373 -625 626 0
-381 -202 625 0
-321 -628 629 0
-336 -366 628 0
-633 -635 636 0
-632 -65 633 0
-188 -631 632 0
-197 -202 631 0
-129 -634 635 0
-146 -180 634 0
-650 -643 649 0
-650 643 -649 0
-643 640 0
-643 642 0
-640 639 0
-640 272 0
-642 328 0
-642 641 0
-641 351 0
-641 377 0
-649 646 0
-649 648 0
-646 645 0
-646 74 0
-645 201 0
-645 644 0
-644 207 0
-644 4 0
-648 137 0
-648 647 0
-647 163 0
-647 193 0
-640 -642 643 0
-639 -272 640 0
-328 -641 642 0
-351 -377 641 0
-646 -648 649 0
-645 -74 646 0
-201 -644 645 0
-207 -4 644 0
-137 -647 648 0
-163 -193 647 0
-667 -659 666 0
-667 659 -666 0
-659 655 0
-659 658 0
-655 654 0
-655 283 0
-654 653 0
-654 227 0
-653 395 0
-653 652 0
-658 340 0
-658 657 0
-657 366 0
-657 656 0
-656 373 0
-656 384 0
-666 662 0
-666 665 0
-662 661 0
-662 86 0
-661 660 0
-661 22 0
-660 206 0
-660 652 0
-665 150 0
-665 664 0
-664 180 0
-664 663 0
-663 188 0
-663 201 0
-655 -658 659 0
-654 -283 655 0
-653 -227 654 0
-395 -652 653 0
-340 -657 658 0
-366 -656 657 0
-373 -384 656 0
-662 -665 666 0
-661 -86 662 0
-660 -22 661 0
-206 -652 660 0
-150 -664 665 0
-180 -663 664 0
-188 -201 663 0
-686 -677 685 0
-686 677 -685 0
-677 672 0
-677 676 0
-672 671 0
-672 295 0
-671 670 0
-671 235 0
-670 669 0
-670 213 0
-676 355 0
-676 675 0
-675 377 0
-675 674 0
-674 384 0
-674 673 0
-673 395 0
-673 -652 0
-685 680 0
-685 684 0
-680 679 0
-680 99 0
-679 678 0
-679 31 0
-678 669 0
-678 4 0
-684 167 0
-684 683 0
-683 193 0
-683 682 0
-682 201 0
-682 681 0
-681 206 0
-681 -652 0
-672 -676 677 0
-671 -295 672 0
-670 -235 671 0
-669 -213 670 0
-355 -675 676 0
-377 -674 675 0
-384 -673 674 0
-395 652 673 0
-680 -684 685 0
-679 -99 680 0
-678 -31 679 0
-669 -4 678 0
-167 -683 684 0
-193 -682 683 0
-201 -681 682 0
-206 652 681 0
1997 0
1 -1998 0
-5 -1998 0
-1 5 1998 0
9 -1999 0
-14 -1999 0
-9 14 1999 0
13 -2000 0
4 -2000 0
-13 -4 2000 0
18 -2001 0
-27 -2001 0
-18 27 2001 0
26 -2002 0
13 -2002 0
-26 -13 2002 0
35 -2003 0
-40 -2003 0
-35 40 2003 0
39 -2004 0
26 -2004 0
-39 -26 2004 0
48 -2005 0
-53 -2005 0
-48 53 2005 0
52 -2006 0
39 -2006 0
-52 -39 2006 0
44 -2007 0
22 -2007 0
-44 -22 2007 0
61 -2008 0
-70 -2008 0
-61 70 2008 0
57 -2009 0
31 -2009 0
-57 -31 2009 0
69 -2010 0
52 -2010 0
-69 -52 2010 0
44 -2011 0
82 -2011 0
-44 -82 2011 0
78 -2012 0
-91 -2012 0
-78 91 2012 0
69 -2013 0
90 -2013 0
-69 -90 2013 0
57 -2014 0
95 -2014 0
-57 -95 2014 0
-108 -2015 0
103 -2015 0
108 -103 2015 0
107 -2016 0
90 -2016 0
-107 -90 2016 0
-121 -2017 0
116 -2017 0
121 -116 2017 0
107 -2018 0
120 -2018 0
-107 -120 2018 0
112 -2019 0
82 -2019 0
-112 -82 2019 0
95 -2020 0
125 -2020 0
-95 -125 2020 0
-142 -2021 0
133 -2021 0
142 -133 2021 0
141 -2022 0
120 -2022 0
-141 -120 2022 0
112 -2023 0
146 -2023 0
-112 -146 2023 0
-159 -2024 0
154 -2024 0
159 -154 2024 0
158 -2025 0
141 -2025 0
-158 -141 2025 0
125 -2026 0
163 -2026 0
-125 -163 2026 0
-176 -2027 0
171 -2027 0
176 -171 2027 0
158 -2028 0
175 -2028 0
-158 -175 2028 0
-189 -2029 0
184 -2029 0
189 -184 2029 0
188 -2030 0
175 -2030 0
-188 -175 2030 0
-202 -2031 0
197 -2031 0
202 -197 2031 0
-5 -2032 0
210 -2032 0
5 -210 2032 0
-14 -2033 0
217 -2033 0
14 -217 2033 0
220 -2034 0
213 -2034 0
-220 -213 2034 0
-27 -2035 0
224 -2035 0
27 -224 2035 0
220 -2036 0
231 -2036 0
-220 -231 2036 0
-40 -2037 0
239 -2037 0
40 -239 2037 0
231 -2038 0
242 -2038 0
-231 -242 2038 0
250 -2039 0
-53 -2039 0
-250 53 2039 0
253 -2040 0
242 -2040 0
-253 -242 2040 0
246 -2041 0
227 -2041 0
-246 -227 2041 0
-70 -2042 0
261 -2042 0
70 -261 2042 0
257 -2043 0
235 -2043 0
-257 -235 2043 0
253 -2044 0
268 -2044 0
-253 -268 2044 0
246 -2045 0
279 -2045 0
-246 -279 2045 0
-91 -2046 0
276 -2046 0
91 -276 2046 0
268 -2047 0
287 -2047 0
-268 -287 2047 0
257 -2048 0
291 -2048 0
-257 -291 2048 0
-108 -2049 0
299 -2049 0
108 -299 2049 0
287 -2050 0
302 -2050 0
-287 -302 2050 0
-121 -2051 0
310 -2051 0
121 -310 2051 0
313 -2052 0
302 -2052 0
-313 -302 2052 0
279 -2053 0
306 -2053 0
-279 -306 2053 0
317 -2054 0
291 -2054 0
-317 -291 2054 0
325 -2055 0
-142 -2055 0
-325 142 2055 0
332 -2056 0
313 -2056 0
-332 -313 2056 0
336 -2057 0
306 -2057 0
-336 -306 2057 0
344 -2058 0
-159 -2058 0
-344 159 2058 0
332 -2059 0
347 -2059 0
-332 -347 2059 0
351 -2060 0
317 -2060 0
-351 -317 2060 0
359 -2061 0
-176 -2061 0
-359 176 2061 0
347 -2062 0
362 -2062 0
-347 -362 2062 0
370 -2063 0
-189 -2063 0
-370 189 2063 0
373 -2064 0
362 -2064 0
-373 -362 2064 0
381 -2065 0
-202 -2065 0
-381 202 2065 0
207 -2066 0
213 -2066 0
-207 -213 2066 0
5 -2067 0
210 -2067 0
-5 -210 2067 0
1 -2068 0
5 -2068 0
-1 -5 2068 0
10 -2069 0
213 -2069 0
-10 -213 2069 0
4 -2070 0
10 -2070 0
-4 -10 2070 0
14 -2071 0
217 -2071 0
-14 -217 2071 0
213 -2072 0
409 -2072 0
-213 -409 2072 0
9 -2073 0
14 -2073 0
-9 -14 2073 0
4 -2074 0
411 -2074 0
-4 -411 2074 0
19 -2075 0
213 -2075 0
-19 -213 2075 0
220 -2076 0
415 -2076 0
-220 -415 2076 0
4 -2077 0
19 -2077 0
-4 -19 2077 0
13 -2078 0
417 -2078 0
-13 -417 2078 0
27 -2079 0
224 -2079 0
-27 -224 2079 0
227 -2080 0
421 -2080 0
-227 -421 2080 0
18 -2081 0
27 -2081 0
-18 -27 2081 0
22 -2082 0
423 -2082 0
-22 -423 2082 0
36 -2083 0
213 -2083 0
-36 -213 2083 0
235 -2084 0
427 -2084 0
-235 -427 2084 0
4 -2085 0
36 -2085 0
-4 -36 2085 0
31 -2086 0
429 -2086 0
-31 -429 2086 0
40 -2087 0
239 -2087 0
-40 -239 2087 0
231 -2088 0
433 -2088 0
-231 -433 2088 0
227 -2089 0
434 -2089 0
-227 -434 2089 0
35 -2090 0
40 -2090 0
-35 -40 2090 0
26 -2091 0
436 -2091 0
-26 -436 2091 0
22 -2092 0
437 -2092 0
-22 -437 2092 0
49 -2093 0
213 -2093 0
-49 -213 2093 0
242 -2094 0
441 -2094 0
-242 -441 2094 0
235 -2095 0
442 -2095 0
-235 -442 2095 0
4 -2096 0
49 -2096 0
-4 -49 2096 0
39 -2097 0
444 -2097 0
-39 -444 2097 0
31 -2098 0
445 -2098 0
-31 -445 2098 0
250 -2099 0
53 -2099 0
-250 -53 2099 0
227 -2100 0
449 -2100 0
-227 -449 2100 0
246 -2101 0
450 -2101 0
-246 -450 2101 0
48 -2102 0
53 -2102 0
-48 -53 2102 0
22 -2103 0
452 -2103 0
-22 -452 2103 0
44 -2104 0
453 -2104 0
-44 -453 2104 0
62 -2105 0
213 -2105 0
-62 -213 2105 0
235 -2106 0
457 -2106 0
-235 -457 2106 0
257 -2107 0
458 -2107 0
-257 -458 2107 0
62 -2108 0
4 -2108 0
-62 -4 2108 0
31 -2109 0
460 -2109 0
-31 -460 2109 0
57 -2110 0
461 -2110 0
-57 -461 2110 0
70 -2111 0
261 -2111 0
-70 -261 2111 0
253 -2112 0
465 -2112 0
-253 -465 2112 0
264 -2113 0
466 -2113 0
-264 -466 2113 0
61 -2114 0
70 -2114 0
-61 -70 2114 0
52 -2115 0
468 -2115 0
-52 -468 2115 0
65 -2116 0
469 -2116 0
-65 -469 2116 0
79 -2117 0
-213 -2117 0
-79 213 2117 0
-79 -2118 0
213 -2118 0
79 -213 2118 0
-2117 -2119 0
-2118 -2119 0
2117 2118 2119 0
268 -2120 0
-473 -2120 0
-268 473 2120 0
272 -2121 0
474 -2121 0
-272 -474 2121 0
79 -2122 0
4 -2122 0
-79 -4 2122 0
69 -2123 0
476 -2123 0
-69 -476 2123 0
74 -2124 0
477 -2124 0
-74 -477 2124 0
91 -2125 0
276 -2125 0
-91 -276 2125 0
227 -2126 0
481 -2126 0
-227 -481 2126 0
283 -2127 0
482 -2127 0
-283 -482 2127 0
78 -2128 0
91 -2128 0
-78 -91 2128 0
22 -2129 0
484 -2129 0
-22 -484 2129 0
86 -2130 0
485 -2130 0
-86 -485 2130 0
104 -2131 0
213 -2131 0
-104 -213 2131 0
235 -2132 0
489 -2132 0
-235 -489 2132 0
295 -2133 0
490 -2133 0
-295 -490 2133 0
104 -2134 0
4 -2134 0
-104 -4 2134 0
31 -2135 0
492 -2135 0
-31 -492 2135 0
99 -2136 0
493 -2136 0
-99 -493 2136 0
108 -2137 0
299 -2137 0
-108 -299 2137 0
287 -2138 0
497 -2138 0
-287 -497 2138 0
279 -2139 0
498 -2139 0
-279 -498 2139 0
264 -2140 0
499 -2140 0
-264 -499 2140 0
108 -2141 0
103 -2141 0
-108 -103 2141 0
90 -2142 0
501 -2142 0
-90 -501 2142 0
82 -2143 0
502 -2143 0
-82 -502 2143 0
65 -2144 0
503 -2144 0
-65 -503 2144 0
117 -2145 0
213 -2145 0
-117 -213 2145 0
302 -2146 0
507 -2146 0
-302 -507 2146 0
291 -2147 0
508 -2147 0
-291 -508 2147 0
272 -2148 0
509 -2148 0
-272 -509 2148 0
117 -2149 0
4 -2149 0
-117 -4 2149 0
107 -2150 0
511 -2150 0
-107 -511 2150 0
95 -2151 0
512 -2151 0
-95 -512 2151 0
74 -2152 0
513 -2152 0
-74 -513 2152 0
121 -2153 0
310 -2153 0
-121 -310 2153 0
227 -2154 0
517 -2154 0
-227 -517 2154 0
306 -2155 0
518 -2155 0
-306 -518 2155 0
283 -2156 0
519 -2156 0
-283 -519 2156 0
121 -2157 0
116 -2157 0
-121 -116 2157 0
22 -2158 0
521 -2158 0
-22 -521 2158 0
112 -2159 0
522 -2159 0
-112 -522 2159 0
86 -2160 0
523 -2160 0
-86 -523 2160 0
134 -2161 0
213 -2161 0
-134 -213 2161 0
235 -2162 0
527 -2162 0
-235 -527 2162 0
317 -2163 0
528 -2163 0
-317 -528 2163 0
295 -2164 0
529 -2164 0
-295 -529 2164 0
134 -2165 0
4 -2165 0
-134 -4 2165 0
31 -2166 0
531 -2166 0
-31 -531 2166 0
125 -2167 0
532 -2167 0
-125 -532 2167 0
99 -2168 0
533 -2168 0
-99 -533 2168 0
325 -2169 0
142 -2169 0
-325 -142 2169 0
313 -2170 0
537 -2170 0
-313 -537 2170 0
264 -2171 0
538 -2171 0
-264 -538 2171 0
321 -2172 0
539 -2172 0
-321 -539 2172 0
142 -2173 0
133 -2173 0
-142 -133 2173 0
120 -2174 0
541 -2174 0
-120 -541 2174 0
65 -2175 0
542 -2175 0
-65 -542 2175 0
129 -2176 0
543 -2176 0
-129 -543 2176 0
155 -2177 0
213 -2177 0
-155 -213 2177 0
332 -2178 0
547 -2178 0
-332 -547 2178 0
272 -2179 0
548 -2179 0
-272 -548 2179 0
328 -2180 0
549 -2180 0
-328 -549 2180 0
155 -2181 0
4 -2181 0
-155 -4 2181 0
141 -2182 0
551 -2182 0
-141 -551 2182 0
74 -2183 0
552 -2183 0
-74 -552 2183 0
137 -2184 0
553 -2184 0
-137 -553 2184 0
344 -2185 0
159 -2185 0
-344 -159 2185 0
227 -2186 0
557 -2186 0
-227 -557 2186 0
283 -2187 0
558 -2187 0
-283 -558 2187 0
340 -2188 0
559 -2188 0
-340 -559 2188 0
159 -2189 0
154 -2189 0
-159 -154 2189 0
22 -2190 0
561 -2190 0
-22 -561 2190 0
86 -2191 0
562 -2191 0
-86 -562 2191 0
150 -2192 0
563 -2192 0
-150 -563 2192 0
172 -2193 0
213 -2193 0
-172 -213 2193 0
235 -2194 0
567 -2194 0
-235 -567 2194 0
295 -2195 0
568 -2195 0
-295 -568 2195 0
355 -2196 0
569 -2196 0
-355 -569 2196 0
172 -2197 0
4 -2197 0
-172 -4 2197 0
31 -2198 0
571 -2198 0
-31 -571 2198 0
99 -2199 0
572 -2199 0
-99 -572 2199 0
167 -2200 0
573 -2200 0
-167 -573 2200 0
359 -2201 0
176 -2201 0
-359 -176 2201 0
347 -2202 0
577 -2202 0
-347 -577 2202 0
336 -2203 0
578 -2203 0
-336 -578 2203 0
321 -2204 0
264 -2204 0
-321 -264 2204 0
579 -2205 0
580 -2205 0
-579 -580 2205 0
176 -2206 0
171 -2206 0
-176 -171 2206 0
158 -2207 0
582 -2207 0
-158 -582 2207 0
146 -2208 0
583 -2208 0
-146 -583 2208 0
65 -2209 0
129 -2209 0
-65 -129 2209 0
584 -2210 0
585 -2210 0
-584 -585 2210 0
185 -2211 0
213 -2211 0
-185 -213 2211 0
362 -2212 0
589 -2212 0
-362 -589 2212 0
351 -2213 0
590 -2213 0
-351 -590 2213 0
328 -2214 0
272 -2214 0
-328 -272 2214 0
591 -2215 0
592 -2215 0
-591 -592 2215 0
185 -2216 0
4 -2216 0
-185 -4 2216 0
175 -2217 0
594 -2217 0
-175 -594 2217 0
163 -2218 0
595 -2218 0
-163 -595 2218 0
74 -2219 0
137 -2219 0
-74 -137 2219 0
596 -2220 0
597 -2220 0
-596 -597 2220 0
370 -2221 0
189 -2221 0
-370 -189 2221 0
227 -2222 0
601 -2222 0
-227 -601 2222 0
366 -2223 0
602 -2223 0
-366 -602 2223 0
340 -2224 0
283 -2224 0
-340 -283 2224 0
603 -2225 0
604 -2225 0
-603 -604 2225 0
189 -2226 0
184 -2226 0
-189 -184 2226 0
22 -2227 0
606 -2227 0
-22 -606 2227 0
180 -2228 0
607 -2228 0
-180 -607 2228 0
86 -2229 0
150 -2229 0
-86 -150 2229 0
608 -2230 0
609 -2230 0
-608 -609 2230 0
198 -2231 0
213 -2231 0
-198 -213 2231 0
235 -2232 0
613 -2232 0
-235 -613 2232 0
377 -2233 0
614 -2233 0
-377 -614 2233 0
355 -2234 0
295 -2234 0
-355 -295 2234 0
615 -2235 0
616 -2235 0
-615 -616 2235 0
198 -2236 0
4 -2236 0
-198 -4 2236 0
31 -2237 0
618 -2237 0
-31 -618 2237 0
193 -2238 0
619 -2238 0
-193 -619 2238 0
99 -2239 0
167 -2239 0
-99 -167 2239 0
620 -2240 0
621 -2240 0
-620 -621 2240 0
381 -2241 0
202 -2241 0
-381 -202 2241 0
373 -2242 0
625 -2242 0
-373 -625 2242 0
264 -2243 0
626 -2243 0
-264 -626 2243 0
336 -2244 0
366 -2244 0
-336 -366 2244 0
321 -2245 0
628 -2245 0
-321 -628 2245 0
627 -2246 0
629 -2246 0
-627 -629 2246 0
202 -2247 0
197 -2247 0
-202 -197 2247 0
188 -2248 0
631 -2248 0
-188 -631 2248 0
65 -2249 0
632 -2249 0
-65 -632 2249 0
180 -2250 0
146 -2250 0
-180 -146 2250 0
129 -2251 0
634 -2251 0
-129 -634 2251 0
633 -2252 0
635 -2252 0
-633 -635 2252 0
351 -2253 0
377 -2253 0
-351 -377 2253 0
328 -2254 0
641 -2254 0
-328 -641 2254 0
640 -2255 0
642 -2255 0
-640 -642 2255 0
207 -2256 0
4 -2256 0
-207 -4 2256 0
201 -2257 0
644 -2257 0
-201 -644 2257 0
74 -2258 0
645 -2258 0
-74 -645 2258 0
193 -2259 0
163 -2259 0
-193 -163 2259 0
137 -2260 0
647 -2260 0
-137 -647 2260 0
646 -2261 0
648 -2261 0
-646 -648 2261 0
652 -2262 0
395 -2262 0
-652 -395 2262 0
227 -2263 0
653 -2263 0
-227 -653 2263 0
283 -2264 0
654 -2264 0
-283 -654 2264 0
373 -2265 0
384 -2265 0
-373 -384 2265 0
366 -2266 0
656 -2266 0
-366 -656 2266 0
340 -2267 0
657 -2267 0
-340 -657 2267 0
655 -2268 0
658 -2268 0
-655 -658 2268 0
652 -2269 0
206 -2269 0
-652 -206 2269 0
22 -2270 0
660 -2270 0
-22 -660 2270 0
86 -2271 0
661 -2271 0
-86 -661 2271 0
201 -2272 0
188 -2272 0
-201 -188 2272 0
180 -2273 0
663 -2273 0
-180 -663 2273 0
150 -2274 0
664 -2274 0
-150 -664 2274 0
662 -2275 0
665 -2275 0
-662 -665 2275 0
669 -2276 0
213 -2276 0
-669 -213 2276 0
235 -2277 0
670 -2277 0
-235 -670 2277 0
295 -2278 0
671 -2278 0
-295 -671 2278 0
-652 -2279 0
395 -2279 0
652 -395 2279 0
384 -2280 0
673 -2280 0
-384 -673 2280 0
377 -2281 0
674 -2281 0
-377 -674 2281 0
355 -2282 0
675 -2282 0
-355 -675 2282 0
672 -2283 0
676 -2283 0
-672 -676 2283 0
4 -2284 0
669 -2284 0
-4 -669 2284 0
31 -2285 0
678 -2285 0
-31 -678 2285 0
99 -2286 0
679 -2286 0
-99 -679 2286 0
-652 -2287 0
206 -2287 0
652 -206 2287 0
201 -2288 0
681 -2288 0
-201 -681 2288 0
193 -2289 0
682 -2289 0
-193 -682 2289 0
167 -2290 0
683 -2290 0
-167 -683 2290 0
680 -2291 0
684 -2291 0
-680 -684 2291 0
