c defined variables: 6 15 23 28 32 41 45 54 58 66 71 75 83 87 92 96 100 109 113 122 126 130 138 143 147 151 160 164 168 177 181 190 194 203 217 224 231 235 239 246 250 257 261 268 272 276 283 287 291 295 299 306 310 317 321 325 332 336 340 344 351 355 359 366 370 377 381 388 398 401 402 405 406 407 408 411 412 413 414 417 418 419 420 423 424 425 426 429 430 431 432 433 434 437 438 439 440 441 442 445 446 447 448 449 450 453 454 455 456 457 458 461 462 463 464 465 466 469 470 471 472 473 474 477 478 479 480 481 482 485 486 487 488 489 490 493 494 495 496 497 498 499 500 503 504 505 506 507 508 509 510 513 514 515 516 517 518 519 520 523 524 525 526 527 528 529 530 533 534 535 536 537 538 539 540 543 544 545 546 547 548 549 550 553 554 555 556 557 558 559 560 563 564 565 566 567 568 569 570 573 574 575 576 577 578 579 580 581 582 585 586 587 588 589 590 591 592 593 594 597 598 599 600 601 602 603 604 605 606 609 610 611 612 613 614 615 616 617 618 621 622 623 624 625 626 627 628 629 630 631 632 635 636 637 638 639 640 641 642 643 644 645 646 650 651 652 653 654 655 656 657 658 659 660 661 662 663 667 668 669 670 671 672 673 674 675 676 677 678 679 680 681 682 685 
p cnf 2286 2778
a 369 324 316 331 328 343 335 347 339 354 358 260 253 249 245 74 78 65 69 52 61 48 57 39 44 121 134 373 380 365 264 350 362 53 62 70 79 91 104 108 117 271 376 384 267 279 275 207 202 185 176 198 189 155 142 172 159 26 35 13 18 22 31 1 4 9 649 666 256 313 320 387 286 282 298 294 290 302 305 309 206 201 193 184 197 188 171 158 180 175 40 49 5 10 2 27 36 14 19 216 220 213 210 230 238 223 227 234 242 112 107 103 90 95 99 82 86 125 116 391 141 150 146 154 120 129 133 137 167 163 0
e 3 7 8 11 12 16 17 20 21 24 25 29 30 33 34 37 38 42 43 46 47 50 51 55 56 59 60 63 64 67 68 72 73 76 77 80 81 84 85 88 89 93 94 97 98 101 102 105 106 110 111 114 115 118 119 123 124 127 128 131 132 135 136 139 140 144 145 148 149 152 153 156 157 161 162 165 166 169 170 173 174 178 179 182 183 186 187 191 192 195 196 199 200 204 205 208 209 211 212 214 215 218 219 221 222 225 226 228 229 232 233 236 237 240 241 243 244 247 248 251 252 254 255 258 259 262 263 265 266 269 270 273 274 277 278 280 281 284 285 288 289 292 293 296 297 300 301 303 304 307 308 311 312 314 315 318 319 322 323 326 327 329 330 333 334 337 338 341 342 345 346 348 349 352 353 356 357 360 361 363 364 367 368 371 372 374 375 378 379 382 383 385 386 389 390 392 393 394 395 396 399 400 403 404 409 410 415 416 421 422 427 428 435 436 443 444 451 452 459 460 467 468 475 476 483 484 491 492 501 502 511 512 521 522 531 532 541 542 551 552 561 562 571 572 583 584 595 596 607 608 619 620 633 634 647 648 664 665 683 684 6 15 23 28 32 41 45 54 58 66 71 75 83 87 92 96 100 109 113 122 126 130 138 143 147 151 160 164 168 177 181 190 194 203 217 224 231 235 239 246 250 257 261 268 272 276 283 287 291 295 299 306 310 317 321 325 332 336 340 344 351 355 359 366 370 377 381 388 398 401 402 405 406 407 408 411 412 413 414 417 418 419 420 423 424 425 426 429 430 431 432 433 434 437 438 439 440 441 442 445 446 447 448 449 450 453 454 455 456 457 458 461 462 463 464 465 466 469 470 471 472 473 474 477 478 479 480 481 482 485 486 487 488 489 490 493 494 495 496 497 498 499 500 503 504 505 506 507 508 509 510 513 514 515 516 517 518 519 520 523 524 525 526 527 528 529 530 533 534 535 536 537 538 539 540 543 544 545 546 547 548 549 550 553 554 555 556 557 558 559 560 563 564 565 566 567 568 569 570 573 574 575 576 577 578 579 580 581 582 585 586 587 588 589 590 591 592 593 594 597 598 599 600 601 602 603 604 605 606 609 610 611 612 613 614 615 616 617 618 621 622 623 624 625 626 627 628 629 630 631 632 635 636 637 638 639 640 641 642 643 644 645 646 650 651 652 653 654 655 656 657 658 659 660 661 662 663 667 668 669 670 671 672 673 674 675 676 677 678 679 680 681 682 685 1991 1992 1993 1994 1995 1996 1997 1998 1999 2000 2001 2002 2003 2004 2005 2006 2007 2008 2009 2010 2011 2012 2013 2014 2015 2016 2017 2018 2019 2020 2021 2022 2023 2024 2025 2026 2027 2028 2029 2030 2031 2032 2033 2034 2035 2036 2037 2038 2039 2040 2041 2042 2043 2044 2045 2046 2047 2048 2049 2050 2051 2052 2053 2054 2055 2056 2057 2058 2059 2060 2061 2062 2063 2064 2065 2066 2067 2068 2069 2070 2071 2072 2073 2074 2075 2076 2077 2078 2079 2080 2081 2082 2083 2084 2085 2086 2087 2088 2089 2090 2091 2092 2093 2094 2095 2096 2097 2098 2099 2100 2101 2102 2103 2104 2105 2106 2107 2108 2109 2110 2111 2112 2113 2114 2115 2116 2117 2118 2119 2120 2121 2122 2123 2124 2125 2126 2127 2128 2129 2130 2131 2132 2133 2134 2135 2136 2137 2138 2139 2140 2141 2142 2143 2144 2145 2146 2147 2148 2149 2150 2151 2152 2153 2154 2155 2156 2157 2158 2159 2160 2161 2162 2163 2164 2165 2166 2167 2168 2169 2170 2171 2172 2173 2174 2175 2176 2177 2178 2179 2180 2181 2182 2183 2184 2185 2186 2187 2188 2189 2190 2191 2192 2193 2194 2195 2196 2197 2198 2199 2200 2201 2202 2203 2204 2205 2206 2207 2208 2209 2210 2211 2212 2213 2214 2215 2216 2217 2218 2219 2220 2221 2222 2223 2224 2225 2226 2227 2228 2229 2230 2231 2232 2233 2234 2235 2236 2237 2238 2239 2240 2241 2242 2243 2244 2245 2246 2247 2248 2249 2250 2251 2252 2253 2254 2255 2256 2257 2258 2259 2260 2261 2262 2263 2264 2265 2266 2267 2268 2269 2270 2271 2272 2273 2274 2275 2276 2277 2278 2279 2280 2281 2282 2283 2284 2285 2286 0
d 397 5 213 0
1992 -6 0
-1992 6 0
1993 -15 0
-1993 15 0
1994 -23 0
-1994 23 0
1995 -28 0
-1995 28 0
1996 -32 0
-1996 32 0
1997 -41 0
-1997 41 0
1998 -45 0
-1998 45 0
1999 -54 0
-1999 54 0
2000 -58 0
-2000 58 0
2001 -66 0
-2001 66 0
2002 -71 0
-2002 71 0
2003 -75 0
-2003 75 0
2004 -83 0
-2004 83 0
2005 -87 0
-2005 87 0
2006 -92 0
-2006 92 0
2007 -96 0
-2007 96 0
2008 -100 0
-2008 100 0
2009 -109 0
-2009 109 0
2010 -113 0
-2010 113 0
2011 -122 0
-2011 122 0
2012 -126 0
-2012 126 0
2013 -130 0
-2013 130 0
2014 -138 0
-2014 138 0
2015 -143 0
-2015 143 0
2016 -147 0
-2016 147 0
2017 -151 0
-2017 151 0
2018 -160 0
-2018 160 0
2019 -164 0
-2019 164 0
2020 -168 0
-2020 168 0
2021 -177 0
-2021 177 0
2022 -181 0
-2022 181 0
2023 -190 0
-2023 190 0
2024 -194 0
-2024 194 0
2025 -203 0
-2025 203 0
2026 -217 0
-2026 217 0
2027 -224 0
-2027 224 0
2028 -231 0
-2028 231 0
2029 -235 0
-2029 235 0
2030 -239 0
-2030 239 0
2031 -246 0
-2031 246 0
2032 -250 0
-2032 250 0
2033 -257 0
-2033 257 0
2034 -261 0
-2034 261 0
2035 -268 0
-2035 268 0
2036 -272 0
-2036 272 0
2037 -276 0
-2037 276 0
2038 -283 0
-2038 283 0
2039 -287 0
-2039 287 0
2040 -291 0
-2040 291 0
2041 -295 0
-2041 295 0
2042 -299 0
-2042 299 0
2043 -306 0
-2043 306 0
2044 -310 0
-2044 310 0
2045 -317 0
-2045 317 0
2046 -321 0
-2046 321 0
2049 -325 0
-2049 325 0
2050 -332 0
-2050 332 0
2051 -336 0
-2051 336 0
2052 -340 0
-2052 340 0
2053 -344 0
-2053 344 0
2054 -351 0
-2054 351 0
2055 -355 0
-2055 355 0
2056 -359 0
-2056 359 0
2057 -366 0
-2057 366 0
2058 -370 0
-2058 370 0
2059 -377 0
-2059 377 0
2060 -381 0
-2060 381 0
2061 -388 0
-2061 388 0
2062 -398 0
-2062 398 0
2063 -401 0
-2063 401 0
2064 -402 0
-2064 402 0
2065 -405 0
-2065 405 0
2066 -406 0
-2066 406 0
2067 -407 0
-2067 407 0
2068 -408 0
-2068 408 0
2069 -411 0
-2069 411 0
2070 -412 0
-2070 412 0
2071 -413 0
-2071 413 0
2072 -414 0
-2072 414 0
2073 -417 0
-2073 417 0
2074 -418 0
-2074 418 0
2075 -419 0
-2075 419 0
2076 -420 0
-2076 420 0
2077 -423 0
-2077 423 0
2078 -424 0
-2078 424 0
2079 -425 0
-2079 425 0
2080 -426 0
-2080 426 0
2081 -429 0
-2081 429 0
2082 -430 0
-2082 430 0
2083 -431 0
-2083 431 0
2084 -432 0
-2084 432 0
2085 -433 0
-2085 433 0
2086 -434 0
-2086 434 0
2087 -437 0
-2087 437 0
2088 -438 0
-2088 438 0
2089 -439 0
-2089 439 0
2090 -440 0
-2090 440 0
2091 -441 0
-2091 441 0
2092 -442 0
-2092 442 0
2093 -445 0
-2093 445 0
2094 -446 0
-2094 446 0
2095 -447 0
-2095 447 0
2096 -448 0
-2096 448 0
2097 -449 0
-2097 449 0
2098 -450 0
-2098 450 0
2099 -453 0
-2099 453 0
2100 -454 0
-2100 454 0
2101 -455 0
-2101 455 0
2102 -456 0
-2102 456 0
2103 -457 0
-2103 457 0
2104 -458 0
-2104 458 0
2105 -461 0
-2105 461 0
2106 -462 0
-2106 462 0
2107 -463 0
-2107 463 0
2108 -464 0
-2108 464 0
2109 -465 0
-2109 465 0
2110 -466 0
-2110 466 0
2111 -469 0
-2111 469 0
2112 -470 0
-2112 470 0
2113 -471 0
-2113 471 0
2114 -472 0
-2114 472 0
2115 -473 0
-2115 473 0
2116 -474 0
-2116 474 0
2117 -477 0
-2117 477 0
2118 -478 0
-2118 478 0
2119 -479 0
-2119 479 0
2120 -480 0
-2120 480 0
2121 -481 0
-2121 481 0
2122 -482 0
-2122 482 0
2123 -485 0
-2123 485 0
2124 -486 0
-2124 486 0
2125 -487 0
-2125 487 0
2126 -488 0
-2126 488 0
2127 -489 0
-2127 489 0
2128 -490 0
-2128 490 0
2129 -493 0
-2129 493 0
2130 -494 0
-2130 494 0
2131 -495 0
-2131 495 0
2132 -496 0
-2132 496 0
2133 -497 0
-2133 497 0
2134 -498 0
-2134 498 0
2135 -499 0
-2135 499 0
2136 -500 0
-2136 500 0
2137 -503 0
-2137 503 0
2138 -504 0
-2138 504 0
2139 -505 0
-2139 505 0
2140 -506 0
-2140 506 0
2141 -507 0
-2141 507 0
2142 -508 0
-2142 508 0
2143 -509 0
-2143 509 0
2144 -510 0
-2144 510 0
2145 -513 0
-2145 513 0
2146 -514 0
-2146 514 0
2147 -515 0
-2147 515 0
2148 -516 0
-2148 516 0
2149 -517 0
-2149 517 0
2150 -518 0
-2150 518 0
2151 -519 0
-2151 519 0
2152 -520 0
-2152 520 0
2153 -523 0
-2153 523 0
2154 -524 0
-2154 524 0
2155 -525 0
-2155 525 0
2156 -526 0
-2156 526 0
2157 -527 0
-2157 527 0
2158 -528 0
-2158 528 0
2159 -529 0
-2159 529 0
2160 -530 0
-2160 530 0
2161 -533 0
-2161 533 0
2162 -534 0
-2162 534 0
2163 -535 0
-2163 535 0
2164 -536 0
-2164 536 0
2165 -537 0
-2165 537 0
2166 -538 0
-2166 538 0
2167 -539 0
-2167 539 0
2168 -540 0
-2168 540 0
2169 -543 0
-2169 543 0
2170 -544 0
-2170 544 0
2171 -545 0
-2171 545 0
2172 -546 0
-2172 546 0
2173 -547 0
-2173 547 0
2174 -548 0
-2174 548 0
2175 -549 0
-2175 549 0
2176 -550 0
-2176 550 0
2177 -553 0
-2177 553 0
2178 -554 0
-2178 554 0
2179 -555 0
-2179 555 0
2180 -556 0
-2180 556 0
2181 -557 0
-2181 557 0
2182 -558 0
-2182 558 0
2183 -559 0
-2183 559 0
2184 -560 0
-2184 560 0
2185 -563 0
-2185 563 0
2186 -564 0
-2186 564 0
2187 -565 0
-2187 565 0
2188 -566 0
-2188 566 0
2189 -567 0
-2189 567 0
2190 -568 0
-2190 568 0
2191 -569 0
-2191 569 0
2192 -570 0
-2192 570 0
2193 -573 0
-2193 573 0
2194 -574 0
-2194 574 0
2195 -575 0
-2195 575 0
2196 -576 0
-2196 576 0
2197 -577 0
-2197 577 0
2198 -578 0
-2198 578 0
2199 -579 0
-2199 579 0
2200 -580 0
-2200 580 0
2201 -581 0
-2201 581 0
2202 -582 0
-2202 582 0
2203 -585 0
-2203 585 0
2204 -586 0
-2204 586 0
2205 -587 0
-2205 587 0
2206 -588 0
-2206 588 0
2207 -589 0
-2207 589 0
2208 -590 0
-2208 590 0
2209 -591 0
-2209 591 0
2210 -592 0
-2210 592 0
2211 -593 0
-2211 593 0
2212 -594 0
-2212 594 0
2213 -597 0
-2213 597 0
2214 -598 0
-2214 598 0
2215 -599 0
-2215 599 0
2216 -600 0
-2216 600 0
2217 -601 0
-2217 601 0
2218 -602 0
-2218 602 0
2219 -603 0
-2219 603 0
2220 -604 0
-2220 604 0
2221 -605 0
-2221 605 0
2222 -606 0
-2222 606 0
2223 -609 0
-2223 609 0
2224 -610 0
-2224 610 0
2225 -611 0
-2225 611 0
2226 -612 0
-2226 612 0
2227 -613 0
-2227 613 0
2228 -614 0
-2228 614 0
2229 -615 0
-2229 615 0
2230 -616 0
-2230 616 0
2231 -617 0
-2231 617 0
2232 -618 0
-2232 618 0
2233 -621 0
-2233 621 0
2234 -622 0
-2234 622 0
2235 -623 0
-2235 623 0
2236 -624 0
-2236 624 0
2237 -625 0
-2237 625 0
2238 -626 0
-2238 626 0
2239 -627 0
-2239 627 0
2240 -628 0
-2240 628 0
2241 -629 0
-2241 629 0
2242 -630 0
-2242 630 0
2243 -631 0
-2243 631 0
2244 -632 0
-2244 632 0
2245 -635 0
-2245 635 0
2246 -636 0
-2246 636 0
2247 -637 0
-2247 637 0
2248 -638 0
-2248 638 0
2249 -639 0
-2249 639 0
2250 -640 0
-2250 640 0
2251 -641 0
-2251 641 0
2252 -642 0
-2252 642 0
2253 -643 0
-2253 643 0
2254 -644 0
-2254 644 0
2255 -645 0
-2255 645 0
2256 -646 0
-2256 646 0
2257 -650 0
-2257 650 0
2258 -651 0
-2258 651 0
2259 -652 0
-2259 652 0
2260 -653 0
-2260 653 0
2261 -654 0
-2261 654 0
2262 -655 0
-2262 655 0
2263 -656 0
-2263 656 0
2264 -657 0
-2264 657 0
2265 -658 0
-2265 658 0
2266 -659 0
-2266 659 0
2267 -660 0
-2267 660 0
2268 -661 0
-2268 661 0
2269 -662 0
-2269 662 0
2270 -663 0
-2270 663 0
2271 -667 0
-2271 667 0
2272 -668 0
-2272 668 0
2273 -669 0
-2273 669 0
2274 -670 0
-2274 670 0
2275 -671 0
-2275 671 0
2276 -672 0
-2276 672 0
2277 -673 0
-2277 673 0
2278 -674 0
-2278 674 0
2279 -675 0
-2279 675 0
2280 -676 0
-2280 676 0
2281 -677 0
-2281 677 0
2282 -678 0
-2282 678 0
2283 -679 0
-2283 679 0
2284 -680 0
-2284 680 0
2285 -681 0
-2285 681 0
2286 -682 0
-2286 682 0
1991 -685 0
-1991 685 0
685 0
-685 393 684 0
-393 390 -392 0
-390 386 -389 0
-386 383 -385 0
-383 379 -382 0
-379 375 -378 0
-375 372 -374 0
-372 368 -371 0
-368 364 -367 0
-364 361 -363 0
-361 357 -360 0
-357 353 -356 0
-353 349 -352 0
-349 346 -348 0
-346 342 -345 0
-342 338 -341 0
-338 334 -337 0
-334 330 -333 0
-330 327 -329 0
-327 323 -326 0
-323 319 -322 0
-319 315 -318 0
-315 312 -314 0
-312 308 -311 0
-308 304 -307 0
-304 301 -303 0
-301 297 -300 0
-297 293 -296 0
-293 289 -292 0
-289 285 -288 0
-285 281 -284 0
-281 278 -280 0
-278 274 -277 0
-274 270 -273 0
-270 266 -269 0
-266 263 -265 0
-263 259 -262 0
-259 255 -258 0
-255 252 -254 0
-252 248 -251 0
-248 244 -247 0
-244 241 -243 0
-241 237 -240 0
-237 233 -236 0
-233 229 -232 0
-229 226 -228 0
-226 222 -225 0
-222 219 -221 0
-219 215 -218 0
-215 212 -214 0
-212 209 -211 0
-209 205 -208 0
-205 200 -204 0
-200 196 -199 0
-196 192 -195 0
-192 187 -191 0
-187 183 -186 0
-183 179 -182 0
-179 174 -178 0
-174 170 -173 0
-170 166 -169 0
-166 162 -165 0
-162 157 -161 0
-157 153 -156 0
-153 149 -152 0
-149 145 -148 0
-145 140 -144 0
-140 136 -139 0
-136 132 -135 0
-132 128 -131 0
-128 124 -127 0
-124 119 -123 0
-119 115 -118 0
-115 111 -114 0
-111 106 -110 0
-106 102 -105 0
-102 98 -101 0
-98 94 -97 0
-94 89 -93 0
-89 85 -88 0
-85 81 -84 0
-81 77 -80 0
-77 73 -76 0
-73 68 -72 0
-68 64 -67 0
-64 60 -63 0
-60 56 -59 0
-56 51 -55 0
-51 47 -50 0
-47 43 -46 0
-43 38 -42 0
-38 34 -37 0
-34 30 -33 0
-30 25 -29 0
-25 21 -24 0
-21 17 -20 0
-17 12 -16 0
-12 8 -11 0
-8 -3 -7 0
1 -2 3 0
-1 2 3 0
4 6 7 0
-4 -6 7 0
-1 5 6 0
-6 1 0
-6 -5 0
9 -10 11 0
-9 10 11 0
13 15 16 0
-13 -15 16 0
-9 14 15 0
-15 9 0
-15 -14 0
18 -19 20 0
-18 19 20 0
22 23 24 0
-22 -23 24 0
-4 -13 23 0
-23 4 0
-23 13 0
26 28 29 0
-26 -28 29 0
-18 27 28 0
-28 18 0
-28 -27 0
31 32 33 0
-31 -32 33 0
-13 -26 32 0
-32 13 0
-32 26 0
35 -36 37 0
-35 36 37 0
39 41 42 0
-39 -41 42 0
-35 40 41 0
-41 35 0
-41 -40 0
44 45 46 0
-44 -45 46 0
-26 -39 45 0
-45 26 0
-45 39 0
48 -49 50 0
-48 49 50 0
52 54 55 0
-52 -54 55 0
-48 53 54 0
-54 48 0
-54 -53 0
57 58 59 0
-57 -58 59 0
-39 -52 58 0
-58 39 0
-58 52 0
61 -62 63 0
-61 62 63 0
65 66 67 0
-65 -66 67 0
-22 -44 66 0
-66 22 0
-66 44 0
69 71 72 0
-69 -71 72 0
-61 70 71 0
-71 61 0
-71 -70 0
74 75 76 0
-74 -75 76 0
-31 -57 75 0
-75 31 0
-75 57 0
78 -79 80 0
-78 79 80 0
82 83 84 0
-82 -83 84 0
-52 -69 83 0
-83 52 0
-83 69 0
86 87 88 0
-86 -87 88 0
-44 -82 87 0
-87 44 0
-87 82 0
90 92 93 0
-90 -92 93 0
-78 91 92 0
-92 78 0
-92 -91 0
95 96 97 0
-95 -96 97 0
-69 -90 96 0
-96 69 0
-96 90 0
99 100 101 0
-99 -100 101 0
-57 -95 100 0
-100 57 0
-100 95 0
103 -104 105 0
-103 104 105 0
107 109 110 0
-107 -109 110 0
-103 108 109 0
-109 103 0
-109 -108 0
112 113 114 0
-112 -113 114 0
-90 -107 113 0
-113 90 0
-113 107 0
116 -117 118 0
-116 117 118 0
120 122 123 0
-120 -122 123 0
-116 121 122 0
-122 116 0
-122 -121 0
125 126 127 0
-125 -126 127 0
-107 -120 126 0
-126 107 0
-126 120 0
129 130 131 0
-129 -130 131 0
-82 -112 130 0
-130 82 0
-130 112 0
133 -134 135 0
-133 134 135 0
137 138 139 0
-137 -138 139 0
-95 -125 138 0
-138 95 0
-138 125 0
141 143 144 0
-141 -143 144 0
-133 142 143 0
-143 133 0
-143 -142 0
146 147 148 0
-146 -147 148 0
-120 -141 147 0
-147 120 0
-147 141 0
150 151 152 0
-150 -151 152 0
-112 -146 151 0
-151 112 0
-151 146 0
154 -155 156 0
-154 155 156 0
158 160 161 0
-158 -160 161 0
-154 159 160 0
-160 154 0
-160 -159 0
163 164 165 0
-163 -164 165 0
-141 -158 164 0
-164 141 0
-164 158 0
167 168 169 0
-167 -168 169 0
-125 -163 168 0
-168 125 0
-168 163 0
171 -172 173 0
-171 172 173 0
175 177 178 0
-175 -177 178 0
-171 176 177 0
-177 171 0
-177 -176 0
180 181 182 0
-180 -181 182 0
-158 -175 181 0
-181 158 0
-181 175 0
184 -185 186 0
-184 185 186 0
188 190 191 0
-188 -190 191 0
-184 189 190 0
-190 184 0
-190 -189 0
193 194 195 0
-193 -194 195 0
-175 -188 194 0
-194 175 0
-194 188 0
197 -198 199 0
-197 198 199 0
201 203 204 0
-201 -203 204 0
-197 202 203 0
-203 197 0
-203 -202 0
206 -207 208 0
-206 207 208 0
210 -2 211 0
-210 2 211 0
213 210 214 0
-213 -210 214 0
216 217 218 0
-216 -217 218 0
-210 5 217 0
-217 210 0
-217 -5 0
220 -10 221 0
-220 10 221 0
223 224 225 0
-223 -224 225 0
-220 14 224 0
-224 220 0
-224 -14 0
227 -19 228 0
-227 19 228 0
230 231 232 0
-230 -231 232 0
-216 -223 231 0
-231 216 0
-231 223 0
234 235 236 0
-234 -235 236 0
-227 27 235 0
-235 227 0
-235 -27 0
238 239 240 0
-238 -239 240 0
-223 -234 239 0
-239 223 0
-239 234 0
242 -36 243 0
-242 36 243 0
245 246 247 0
-245 -246 247 0
-242 40 246 0
-246 242 0
-246 -40 0
249 250 251 0
-249 -250 251 0
-234 -245 250 0
-250 234 0
-250 245 0
253 -49 254 0
-253 49 254 0
256 257 258 0
-256 -257 258 0
-253 53 257 0
-257 253 0
-257 -53 0
260 261 262 0
-260 -261 262 0
-245 -256 261 0
-261 245 0
-261 256 0
264 -62 265 0
-264 62 265 0
267 268 269 0
-267 -268 269 0
-230 -249 268 0
-268 230 0
-268 249 0
271 272 273 0
-271 -272 273 0
-264 70 272 0
-272 264 0
-272 -70 0
275 276 277 0
-275 -276 277 0
-238 -260 276 0
-276 238 0
-276 260 0
279 -79 280 0
-279 79 280 0
282 283 284 0
-282 -283 284 0
-256 -271 283 0
-283 256 0
-283 271 0
286 287 288 0
-286 -287 288 0
-249 -282 287 0
-287 249 0
-287 282 0
290 291 292 0
-290 -291 292 0
-279 91 291 0
-291 279 0
-291 -91 0
294 295 296 0
-294 -295 296 0
-271 -290 295 0
-295 271 0
-295 290 0
298 299 300 0
-298 -299 300 0
-260 -294 299 0
-299 260 0
-299 294 0
302 -104 303 0
-302 104 303 0
305 306 307 0
-305 -306 307 0
-302 108 306 0
-306 302 0
-306 -108 0
309 310 311 0
-309 -310 311 0
-290 -305 310 0
-310 290 0
-310 305 0
313 -117 314 0
-313 117 314 0
316 317 318 0
-316 -317 318 0
-313 121 317 0
-317 313 0
-317 -121 0
320 321 322 0
-320 -321 322 0
-305 -316 321 0
-321 305 0
-321 316 0
324 325 326 0
-324 -325 326 0
282 309 325 0
-282 -309 325 0
-325 -282 309 0
-325 282 -309 0
328 -134 329 0
-328 134 329 0
331 332 333 0
-331 -332 333 0
-294 -320 332 0
-332 294 0
-332 320 0
335 336 337 0
-335 -336 337 0
-328 142 336 0
-336 328 0
-336 -142 0
339 340 341 0
-339 -340 341 0
-316 -335 340 0
-340 316 0
-340 335 0
343 344 345 0
-343 -344 345 0
-309 -339 344 0
-344 309 0
-344 339 0
347 -155 348 0
-347 155 348 0
350 351 352 0
-350 -351 352 0
-347 159 351 0
-351 347 0
-351 -159 0
354 355 356 0
-354 -355 356 0
-335 -350 355 0
-355 335 0
-355 350 0
358 359 360 0
-358 -359 360 0
-320 -354 359 0
-359 320 0
-359 354 0
362 -172 363 0
-362 172 363 0
365 366 367 0
-365 -366 367 0
-362 176 366 0
-366 362 0
-366 -176 0
369 370 371 0
-369 -370 371 0
-350 -365 370 0
-370 350 0
-370 365 0
373 -185 374 0
-373 185 374 0
376 377 378 0
-376 -377 378 0
-373 189 377 0
-377 373 0
-377 -189 0
380 381 382 0
-380 -381 382 0
-365 -376 381 0
-381 365 0
-381 376 0
384 -198 385 0
-384 198 385 0
387 388 389 0
-387 -388 389 0
-384 202 388 0
-388 384 0
-388 -202 0
391 -207 392 0
-391 207 392 0
-684 665 0
-684 683 0
-665 648 0
-665 664 0
-648 634 0
-648 647 0
-634 620 0
-634 633 0
-620 608 0
-620 619 0
-608 596 0
-608 607 0
-596 584 0
-596 595 0
-584 572 0
-584 583 0
-572 562 0
-572 571 0
-562 552 0
-562 561 0
-552 542 0
-552 551 0
-542 532 0
-542 541 0
-532 522 0
-532 531 0
-522 512 0
-522 521 0
-512 502 0
-512 511 0
-502 492 0
-502 501 0
-492 484 0
-492 491 0
-484 476 0
-484 483 0
-476 468 0
-476 475 0
-468 460 0
-468 467 0
-460 452 0
-460 459 0
-452 444 0
-452 451 0
-444 436 0
-444 443 0
-436 428 0
-436 435 0
-428 422 0
-428 427 0
-422 416 0
-422 421 0
-416 410 0
-416 415 0
-410 404 0
-410 409 0
-404 400 0
-404 403 0
-400 396 0
-400 399 0
-396 394 0
-396 395 0
-394 -2 2 0
-394 2 -2 0
-395 -2 2 0
-395 2 -2 0
-399 -397 398 0
-399 397 -398 0
-398 1 0
-398 5 0
-1 -5 398 0
-403 -401 402 0
-403 401 -402 0
-401 10 0
-401 216 0
-402 10 0
-402 4 0
-10 -216 401 0
-10 -4 402 0
-409 -406 408 0
-409 406 -408 0
-406 216 0
-406 405 0
-405 220 0
-405 14 0
-408 4 0
-408 407 0
-407 9 0
-407 14 0
-216 -405 406 0
-220 -14 405 0
-4 -407 408 0
-9 -14 407 0
-415 -412 414 0
-415 412 -414 0
-412 223 0
-412 411 0
-411 19 0
-411 216 0
-414 13 0
-414 413 0
-413 19 0
-413 4 0
-223 -411 412 0
-19 -216 411 0
-13 -413 414 0
-19 -4 413 0
-421 -418 420 0
-421 418 -420 0
-418 417 0
-418 230 0
-417 227 0
-417 27 0
-420 419 0
-420 22 0
-419 18 0
-419 27 0
-417 -230 418 0
-227 -27 417 0
-419 -22 420 0
-18 -27 419 0
-427 -424 426 0
-427 424 -426 0
-424 423 0
-424 238 0
-423 36 0
-423 216 0
-426 425 0
-426 31 0
-425 36 0
-425 4 0
-423 -238 424 0
-36 -216 423 0
-425 -31 426 0
-36 -4 425 0
-435 -431 434 0
-435 431 -434 0
-431 230 0
-431 430 0
-430 234 0
-430 429 0
-429 242 0
-429 40 0
-434 22 0
-434 433 0
-433 26 0
-433 432 0
-432 35 0
-432 40 0
-230 -430 431 0
-234 -429 430 0
-242 -40 429 0
-22 -433 434 0
-26 -432 433 0
-35 -40 432 0
-443 -439 442 0
-443 439 -442 0
-439 238 0
-439 438 0
-438 245 0
-438 437 0
-437 49 0
-437 216 0
-442 31 0
-442 441 0
-441 39 0
-441 440 0
-440 49 0
-440 4 0
-238 -438 439 0
-245 -437 438 0
-49 -216 437 0
-31 -441 442 0
-39 -440 441 0
-49 -4 440 0
-451 -447 450 0
-451 447 -450 0
-447 249 0
-447 446 0
-446 445 0
-446 230 0
-445 253 0
-445 53 0
-450 44 0
-450 449 0
-449 448 0
-449 22 0
-448 48 0
-448 53 0
-249 -446 447 0
-445 -230 446 0
-253 -53 445 0
-44 -449 450 0
-448 -22 449 0
-48 -53 448 0
-459 -455 458 0
-459 455 -458 0
-455 260 0
-455 454 0
-454 453 0
-454 238 0
-453 62 0
-453 216 0
-458 57 0
-458 457 0
-457 456 0
-457 31 0
-456 62 0
-456 4 0
-260 -454 455 0
-453 -238 454 0
-62 -216 453 0
-57 -457 458 0
-456 -31 457 0
-62 -4 456 0
-467 -463 466 0
-467 463 -466 0
-463 462 0
-463 267 0
-462 256 0
-462 461 0
-461 264 0
-461 70 0
-466 465 0
-466 65 0
-465 52 0
-465 464 0
-464 61 0
-464 70 0
-462 -267 463 0
-256 -461 462 0
-264 -70 461 0
-465 -65 466 0
-52 -464 465 0
-61 -70 464 0
-475 -471 474 0
-475 471 -474 0
-471 470 0
-471 275 0
-470 271 0
-470 469 0
-469 79 0
-469 216 0
-474 473 0
-474 74 0
-473 69 0
-473 472 0
-472 79 0
-472 4 0
-470 -275 471 0
-271 -469 470 0
-79 -216 469 0
-473 -74 474 0
-69 -472 473 0
-79 -4 472 0
-483 -479 482 0
-483 479 -482 0
-479 478 0
-479 286 0
-478 477 0
-478 230 0
-477 279 0
-477 91 0
-482 481 0
-482 86 0
-481 480 0
-481 22 0
-480 78 0
-480 91 0
-478 -286 479 0
-477 -230 478 0
-279 -91 477 0
-481 -86 482 0
-480 -22 481 0
-78 -91 480 0
-491 -487 490 0
-491 487 -490 0
-487 486 0
-487 298 0
-486 485 0
-486 238 0
-485 104 0
-485 216 0
-490 489 0
-490 99 0
-489 488 0
-489 31 0
-488 104 0
-488 4 0
-486 -298 487 0
-485 -238 486 0
-104 -216 485 0
-489 -99 490 0
-488 -31 489 0
-104 -4 488 0
-501 -496 500 0
-501 496 -500 0
-496 267 0
-496 495 0
-495 282 0
-495 494 0
-494 290 0
-494 493 0
-493 302 0
-493 108 0
-500 65 0
-500 499 0
-499 82 0
-499 498 0
-498 90 0
-498 497 0
-497 103 0
-497 108 0
-267 -495 496 0
-282 -494 495 0
-290 -493 494 0
-302 -108 493 0
-65 -499 500 0
-82 -498 499 0
-90 -497 498 0
-103 -108 497 0
-511 -506 510 0
-511 506 -510 0
-506 275 0
-506 505 0
-505 294 0
-505 504 0
-504 305 0
-504 503 0
-503 117 0
-503 216 0
-510 74 0
-510 509 0
-509 95 0
-509 508 0
-508 107 0
-508 507 0
-507 117 0
-507 4 0
-275 -505 506 0
-294 -504 505 0
-305 -503 504 0
-117 -216 503 0
-74 -509 510 0
-95 -508 509 0
-107 -507 508 0
-117 -4 507 0
-521 -516 520 0
-521 516 -520 0
-516 286 0
-516 515 0
-515 309 0
-515 514 0
-514 513 0
-514 230 0
-513 313 0
-513 121 0
-520 86 0
-520 519 0
-519 112 0
-519 518 0
-518 517 0
-518 22 0
-517 116 0
-517 121 0
-286 -515 516 0
-309 -514 515 0
-513 -230 514 0
-313 -121 513 0
-86 -519 520 0
-112 -518 519 0
-517 -22 518 0
-116 -121 517 0
-531 -526 530 0
-531 526 -530 0
-526 298 0
-526 525 0
-525 320 0
-525 524 0
-524 523 0
-524 238 0
-523 134 0
-523 216 0
-530 99 0
-530 529 0
-529 125 0
-529 528 0
-528 527 0
-528 31 0
-527 134 0
-527 4 0
-298 -525 526 0
-320 -524 525 0
-523 -238 524 0
-134 -216 523 0
-99 -529 530 0
-125 -528 529 0
-527 -31 528 0
-134 -4 527 0
-541 -536 540 0
-541 536 -540 0
-536 324 0
-536 535 0
-535 534 0
-535 267 0
-534 316 0
-534 533 0
-533 328 0
-533 142 0
-540 129 0
-540 539 0
-539 538 0
-539 65 0
-538 120 0
-538 537 0
-537 133 0
-537 142 0
-324 -535 536 0
-534 -267 535 0
-316 -533 534 0
-328 -142 533 0
-129 -539 540 0
-538 -65 539 0
-120 -537 538 0
-133 -142 537 0
-551 -546 550 0
-551 546 -550 0
-546 331 0
-546 545 0
-545 544 0
-545 275 0
-544 335 0
-544 543 0
-543 155 0
-543 216 0
-550 137 0
-550 549 0
-549 548 0
-549 74 0
-548 141 0
-548 547 0
-547 155 0
-547 4 0
-331 -545 546 0
-544 -275 545 0
-335 -543 544 0
-155 -216 543 0
-137 -549 550 0
-548 -74 549 0
-141 -547 548 0
-155 -4 547 0
-561 -556 560 0
-561 556 -560 0
-556 343 0
-556 555 0
-555 554 0
-555 286 0
-554 553 0
-554 230 0
-553 347 0
-553 159 0
-560 150 0
-560 559 0
-559 558 0
-559 86 0
-558 557 0
-558 22 0
-557 154 0
-557 159 0
-343 -555 556 0
-554 -286 555 0
-553 -230 554 0
-347 -159 553 0
-150 -559 560 0
-558 -86 559 0
-557 -22 558 0
-154 -159 557 0
-571 -566 570 0
-571 566 -570 0
-566 358 0
-566 565 0
-565 564 0
-565 298 0
-564 563 0
-564 238 0
-563 172 0
-563 216 0
-570 167 0
-570 569 0
-569 568 0
-569 99 0
-568 567 0
-568 31 0
-567 172 0
-567 4 0
-358 -565 566 0
-564 -298 565 0
-563 -238 564 0
-172 -216 563 0
-167 -569 570 0
-568 -99 569 0
-567 -31 568 0
-172 -4 567 0
-583 -577 582 0
-583 577 -582 0
-577 575 0
-577 576 0
-575 339 0
-575 574 0
-574 350 0
-574 573 0
-573 362 0
-573 176 0
-576 267 0
-576 324 0
-582 580 0
-582 581 0
-580 146 0
-580 579 0
-579 158 0
-579 578 0
-578 171 0
-578 176 0
-581 65 0
-581 129 0
-575 -576 577 0
-339 -574 575 0
-350 -573 574 0
-362 -176 573 0
-267 -324 576 0
-580 -581 582 0
-146 -579 580 0
-158 -578 579 0
-171 -176 578 0
-65 -129 581 0
-595 -589 594 0
-595 589 -594 0
-589 587 0
-589 588 0
-587 354 0
-587 586 0
-586 365 0
-586 585 0
-585 185 0
-585 216 0
-588 275 0
-588 331 0
-594 592 0
-594 593 0
-592 163 0
-592 591 0
-591 175 0
-591 590 0
-590 185 0
-590 4 0
-593 74 0
-593 137 0
-587 -588 589 0
-354 -586 587 0
-365 -585 586 0
-185 -216 585 0
-275 -331 588 0
-592 -593 594 0
-163 -591 592 0
-175 -590 591 0
-185 -4 590 0
-74 -137 593 0
-607 -601 606 0
-607 601 -606 0
-601 599 0
-601 600 0
-599 369 0
-599 598 0
-598 597 0
-598 230 0
-597 373 0
-597 189 0
-600 286 0
-600 343 0
-606 604 0
-606 605 0
-604 180 0
-604 603 0
-603 602 0
-603 22 0
-602 184 0
-602 189 0
-605 86 0
-605 150 0
-599 -600 601 0
-369 -598 599 0
-597 -230 598 0
-373 -189 597 0
-286 -343 600 0
-604 -605 606 0
-180 -603 604 0
-602 -22 603 0
-184 -189 602 0
-86 -150 605 0
-619 -613 618 0
-619 613 -618 0
-613 611 0
-613 612 0
-611 380 0
-611 610 0
-610 609 0
-610 238 0
-609 198 0
-609 216 0
-612 298 0
-612 358 0
-618 616 0
-618 617 0
-616 193 0
-616 615 0
-615 614 0
-615 31 0
-614 198 0
-614 4 0
-617 99 0
-617 167 0
-611 -612 613 0
-380 -610 611 0
-609 -238 610 0
-198 -216 609 0
-298 -358 612 0
-616 -617 618 0
-193 -615 616 0
-614 -31 615 0
-198 -4 614 0
-99 -167 617 0
-633 -626 632 0
-633 626 -632 0
-626 623 0
-626 625 0
-623 622 0
-623 267 0
-622 376 0
-622 621 0
-621 384 0
-621 202 0
-625 324 0
-625 624 0
-624 339 0
-624 369 0
-632 629 0
-632 631 0
-629 628 0
-629 65 0
-628 188 0
-628 627 0
-627 197 0
-627 202 0
-631 129 0
-631 630 0
-630 146 0
-630 180 0
-623 -625 626 0
-622 -267 623 0
-376 -621 622 0
-384 -202 621 0
-324 -624 625 0
-339 -369 624 0
-629 -631 632 0
-628 -65 629 0
-188 -627 628 0
-197 -202 627 0
-129 -630 631 0
-146 -180 630 0
-647 -640 646 0
-647 640 -646 0
-640 637 0
-640 639 0
-637 636 0
-637 275 0
-636 387 0
-636 635 0
-635 207 0
-635 216 0
-639 331 0
-639 638 0
-638 354 0
-638 380 0
-646 643 0
-646 645 0
-643 642 0
-643 74 0
-642 201 0
-642 641 0
-641 207 0
-641 4 0
-645 137 0
-645 644 0
-644 163 0
-644 193 0
-637 -639 640 0
-636 -275 637 0
-387 -635 636 0
-207 -216 635 0
-331 -638 639 0
-354 -380 638 0
-643 -645 646 0
-642 -74 643 0
-201 -641 642 0
-207 -4 641 0
-137 -644 645 0
-163 -193 644 0
-664 -656 663 0
-664 656 -663 0
-656 652 0
-656 655 0
-652 651 0
-652 286 0
-651 650 0
-651 230 0
-650 391 0
-650 649 0
-655 343 0
-655 654 0
-654 369 0
-654 653 0
-653 376 0
-653 387 0
-663 659 0
-663 662 0
-659 658 0
-659 86 0
-658 657 0
-658 22 0
-657 206 0
-657 649 0
-662 150 0
-662 661 0
-661 180 0
-661 660 0
-660 188 0
-660 201 0
-652 -655 656 0
-651 -286 652 0
-650 -230 651 0
-391 -649 650 0
-343 -654 655 0
-369 -653 654 0
-376 -387 653 0
-659 -662 663 0
-658 -86 659 0
-657 -22 658 0
-206 -649 657 0
-150 -661 662 0
-180 -660 661 0
-188 -201 660 0
-683 -674 682 0
-683 674 -682 0
-674 669 0
-674 673 0
-669 668 0
-669 298 0
-668 667 0
-668 238 0
-667 666 0
-667 216 0
-673 358 0
-673 672 0
-672 380 0
-672 671 0
-671 387 0
-671 670 0
-670 391 0
-670 -649 0
-682 677 0
-682 681 0
-677 676 0
-677 99 0
-676 675 0
-676 31 0
-675 666 0
-675 4 0
-681 167 0
-681 680 0
-680 193 0
-680 679 0
-679 201 0
-679 678 0
-678 206 0
-678 -649 0
-669 -673 674 0
-668 -298 669 0
-667 -238 668 0
-666 -216 667 0
-358 -672 673 0
-380 -671 672 0
-387 -670 671 0
-391 649 670 0
-677 -681 682 0
-676 -99 677 0
-675 -31 676 0
-666 -4 675 0
-167 -680 681 0
-193 -679 680 0
-201 -678 679 0
-206 649 678 0
1991 0
1 -1992 0
-5 -1992 0
-1 5 1992 0
9 -1993 0
-14 -1993 0
-9 14 1993 0
13 -1994 0
4 -1994 0
-13 -4 1994 0
18 -1995 0
-27 -1995 0
-18 27 1995 0
26 -1996 0
13 -1996 0
-26 -13 1996 0
35 -1997 0
-40 -1997 0
-35 40 1997 0
39 -1998 0
26 -1998 0
-39 -26 1998 0
48 -1999 0
-53 -1999 0
-48 53 1999 0
52 -2000 0
39 -2000 0
-52 -39 2000 0
44 -2001 0
22 -2001 0
-44 -22 2001 0
61 -2002 0
-70 -2002 0
-61 70 2002 0
57 -2003 0
31 -2003 0
-57 -31 2003 0
69 -2004 0
52 -2004 0
-69 -52 2004 0
44 -2005 0
82 -2005 0
-44 -82 2005 0
78 -2006 0
-91 -2006 0
-78 91 2006 0
69 -2007 0
90 -2007 0
-69 -90 2007 0
57 -2008 0
95 -2008 0
-57 -95 2008 0
-108 -2009 0
103 -2009 0
108 -103 2009 0
107 -2010 0
90 -2010 0
-107 -90 2010 0
-121 -2011 0
116 -2011 0
121 -116 2011 0
107 -2012 0
120 -2012 0
-107 -120 2012 0
112 -2013 0
82 -2013 0
-112 -82 2013 0
95 -2014 0
125 -2014 0
-95 -125 2014 0
-142 -2015 0
133 -2015 0
142 -133 2015 0
141 -2016 0
120 -2016 0
-141 -120 2016 0
112 -2017 0
146 -2017 0
-112 -146 2017 0
-159 -2018 0
154 -2018 0
159 -154 2018 0
158 -2019 0
141 -2019 0
-158 -141 2019 0
125 -2020 0
163 -2020 0
-125 -163 2020 0
-176 -2021 0
171 -2021 0
176 -171 2021 0
158 -2022 0
175 -2022 0
-158 -175 2022 0
-189 -2023 0
184 -2023 0
189 -184 2023 0
188 -2024 0
175 -2024 0
-188 -175 2024 0
-202 -2025 0
197 -2025 0
202 -197 2025 0
-5 -2026 0
210 -2026 0
5 -210 2026 0
-14 -2027 0
220 -2027 0
14 -220 2027 0
216 -2028 0
223 -2028 0
-216 -223 2028 0
-27 -2029 0
227 -2029 0
27 -227 2029 0
223 -2030 0
234 -2030 0
-223 -234 2030 0
-40 -2031 0
242 -2031 0
40 -242 2031 0
245 -2032 0
234 -2032 0
-245 -234 2032 0
253 -2033 0
-53 -2033 0
-253 53 2033 0
245 -2034 0
256 -2034 0
-245 -256 2034 0
249 -2035 0
230 -2035 0
-249 -230 2035 0
264 -2036 0
-70 -2036 0
-264 70 2036 0
260 -2037 0
238 -2037 0
-260 -238 2037 0
271 -2038 0
256 -2038 0
-271 -256 2038 0
249 -2039 0
282 -2039 0
-249 -282 2039 0
-91 -2040 0
279 -2040 0
91 -279 2040 0
271 -2041 0
290 -2041 0
-271 -290 2041 0
260 -2042 0
294 -2042 0
-260 -294 2042 0
-108 -2043 0
302 -2043 0
108 -302 2043 0
290 -2044 0
305 -2044 0
-290 -305 2044 0
-121 -2045 0
313 -2045 0
121 -313 2045 0
316 -2046 0
305 -2046 0
-316 -305 2046 0
282 -2047 0
-309 -2047 0
-282 309 2047 0
-282 -2048 0
309 -2048 0
282 -309 2048 0
-2047 -2049 0
-2048 -2049 0
2047 2048 2049 0
320 -2050 0
294 -2050 0
-320 -294 2050 0
328 -2051 0
-142 -2051 0
-328 142 2051 0
316 -2052 0
335 -2052 0
-316 -335 2052 0
339 -2053 0
309 -2053 0
-339 -309 2053 0
347 -2054 0
-159 -2054 0
-347 159 2054 0
335 -2055 0
350 -2055 0
-335 -350 2055 0
354 -2056 0
320 -2056 0
-354 -320 2056 0
362 -2057 0
-176 -2057 0
-362 176 2057 0
365 -2058 0
350 -2058 0
-365 -350 2058 0
373 -2059 0
-189 -2059 0
-373 189 2059 0
365 -2060 0
376 -2060 0
-365 -376 2060 0
384 -2061 0
-202 -2061 0
-384 202 2061 0
1 -2062 0
5 -2062 0
-1 -5 2062 0
10 -2063 0
216 -2063 0
-10 -216 2063 0
4 -2064 0
10 -2064 0
-4 -10 2064 0
14 -2065 0
220 -2065 0
-14 -220 2065 0
216 -2066 0
405 -2066 0
-216 -405 2066 0
9 -2067 0
14 -2067 0
-9 -14 2067 0
4 -2068 0
407 -2068 0
-4 -407 2068 0
19 -2069 0
216 -2069 0
-19 -216 2069 0
223 -2070 0
411 -2070 0
-223 -411 2070 0
4 -2071 0
19 -2071 0
-4 -19 2071 0
13 -2072 0
413 -2072 0
-13 -413 2072 0
27 -2073 0
227 -2073 0
-27 -227 2073 0
230 -2074 0
417 -2074 0
-230 -417 2074 0
18 -2075 0
27 -2075 0
-18 -27 2075 0
22 -2076 0
419 -2076 0
-22 -419 2076 0
36 -2077 0
216 -2077 0
-36 -216 2077 0
238 -2078 0
423 -2078 0
-238 -423 2078 0
4 -2079 0
36 -2079 0
-4 -36 2079 0
31 -2080 0
425 -2080 0
-31 -425 2080 0
40 -2081 0
242 -2081 0
-40 -242 2081 0
234 -2082 0
429 -2082 0
-234 -429 2082 0
230 -2083 0
430 -2083 0
-230 -430 2083 0
35 -2084 0
40 -2084 0
-35 -40 2084 0
26 -2085 0
432 -2085 0
-26 -432 2085 0
22 -2086 0
433 -2086 0
-22 -433 2086 0
49 -2087 0
216 -2087 0
-49 -216 2087 0
245 -2088 0
437 -2088 0
-245 -437 2088 0
238 -2089 0
438 -2089 0
-238 -438 2089 0
4 -2090 0
49 -2090 0
-4 -49 2090 0
39 -2091 0
440 -2091 0
-39 -440 2091 0
31 -2092 0
441 -2092 0
-31 -441 2092 0
253 -2093 0
53 -2093 0
-253 -53 2093 0
230 -2094 0
445 -2094 0
-230 -445 2094 0
249 -2095 0
446 -2095 0
-249 -446 2095 0
48 -2096 0
53 -2096 0
-48 -53 2096 0
22 -2097 0
448 -2097 0
-22 -448 2097 0
44 -2098 0
449 -2098 0
-44 -449 2098 0
62 -2099 0
216 -2099 0
-62 -216 2099 0
238 -2100 0
453 -2100 0
-238 -453 2100 0
260 -2101 0
454 -2101 0
-260 -454 2101 0
62 -2102 0
4 -2102 0
-62 -4 2102 0
31 -2103 0
456 -2103 0
-31 -456 2103 0
57 -2104 0
457 -2104 0
-57 -457 2104 0
264 -2105 0
70 -2105 0
-264 -70 2105 0
256 -2106 0
461 -2106 0
-256 -461 2106 0
267 -2107 0
462 -2107 0
-267 -462 2107 0
61 -2108 0
70 -2108 0
-61 -70 2108 0
52 -2109 0
464 -2109 0
-52 -464 2109 0
65 -2110 0
465 -2110 0
-65 -465 2110 0
79 -2111 0
216 -2111 0
-79 -216 2111 0
271 -2112 0
469 -2112 0
-271 -469 2112 0
275 -2113 0
470 -2113 0
-275 -470 2113 0
79 -2114 0
4 -2114 0
-79 -4 2114 0
69 -2115 0
472 -2115 0
-69 -472 2115 0
74 -2116 0
473 -2116 0
-74 -473 2116 0
91 -2117 0
279 -2117 0
-91 -279 2117 0
230 -2118 0
477 -2118 0
-230 -477 2118 0
286 -2119 0
478 -2119 0
-286 -478 2119 0
78 -2120 0
91 -2120 0
-78 -91 2120 0
22 -2121 0
480 -2121 0
-22 -480 2121 0
86 -2122 0
481 -2122 0
-86 -481 2122 0
104 -2123 0
216 -2123 0
-104 -216 2123 0
238 -2124 0
485 -2124 0
-238 -485 2124 0
298 -2125 0
486 -2125 0
-298 -486 2125 0
104 -2126 0
4 -2126 0
-104 -4 2126 0
31 -2127 0
488 -2127 0
-31 -488 2127 0
99 -2128 0
489 -2128 0
-99 -489 2128 0
108 -2129 0
302 -2129 0
-108 -302 2129 0
290 -2130 0
493 -2130 0
-290 -493 2130 0
282 -2131 0
494 -2131 0
-282 -494 2131 0
267 -2132 0
495 -2132 0
-267 -495 2132 0
108 -2133 0
103 -2133 0
-108 -103 2133 0
90 -2134 0
497 -2134 0
-90 -497 2134 0
82 -2135 0
498 -2135 0
-82 -498 2135 0
65 -2136 0
499 -2136 0
-65 -499 2136 0
117 -2137 0
216 -2137 0
-117 -216 2137 0
305 -2138 0
503 -2138 0
-305 -503 2138 0
294 -2139 0
504 -2139 0
-294 -504 2139 0
275 -2140 0
505 -2140 0
-275 -505 2140 0
117 -2141 0
4 -2141 0
-117 -4 2141 0
107 -2142 0
507 -2142 0
-107 -507 2142 0
95 -2143 0
508 -2143 0
-95 -508 2143 0
74 -2144 0
509 -2144 0
-74 -509 2144 0
121 -2145 0
313 -2145 0
-121 -313 2145 0
230 -2146 0
513 -2146 0
-230 -513 2146 0
309 -2147 0
514 -2147 0
-309 -514 2147 0
286 -2148 0
515 -2148 0
-286 -515 2148 0
121 -2149 0
116 -2149 0
-121 -116 2149 0
22 -2150 0
517 -2150 0
-22 -517 2150 0
112 -2151 0
518 -2151 0
-112 -518 2151 0
86 -2152 0
519 -2152 0
-86 -519 2152 0
134 -2153 0
216 -2153 0
-134 -216 2153 0
238 -2154 0
523 -2154 0
-238 -523 2154 0
320 -2155 0
524 -2155 0
-320 -524 2155 0
298 -2156 0
525 -2156 0
-298 -525 2156 0
134 -2157 0
4 -2157 0
-134 -4 2157 0
31 -2158 0
527 -2158 0
-31 -527 2158 0
125 -2159 0
528 -2159 0
-125 -528 2159 0
99 -2160 0
529 -2160 0
-99 -529 2160 0
328 -2161 0
142 -2161 0
-328 -142 2161 0
316 -2162 0
533 -2162 0
-316 -533 2162 0
267 -2163 0
534 -2163 0
-267 -534 2163 0
324 -2164 0
535 -2164 0
-324 -535 2164 0
142 -2165 0
133 -2165 0
-142 -133 2165 0
120 -2166 0
537 -2166 0
-120 -537 2166 0
65 -2167 0
538 -2167 0
-65 -538 2167 0
129 -2168 0
539 -2168 0
-129 -539 2168 0
155 -2169 0
216 -2169 0
-155 -216 2169 0
335 -2170 0
543 -2170 0
-335 -543 2170 0
275 -2171 0
544 -2171 0
-275 -544 2171 0
331 -2172 0
545 -2172 0
-331 -545 2172 0
155 -2173 0
4 -2173 0
-155 -4 2173 0
141 -2174 0
547 -2174 0
-141 -547 2174 0
74 -2175 0
548 -2175 0
-74 -548 2175 0
137 -2176 0
549 -2176 0
-137 -549 2176 0
347 -2177 0
159 -2177 0
-347 -159 2177 0
230 -2178 0
553 -2178 0
-230 -553 2178 0
286 -2179 0
554 -2179 0
-286 -554 2179 0
343 -2180 0
555 -2180 0
-343 -555 2180 0
159 -2181 0
154 -2181 0
-159 -154 2181 0
22 -2182 0
557 -2182 0
-22 -557 2182 0
86 -2183 0
558 -2183 0
-86 -558 2183 0
150 -2184 0
559 -2184 0
-150 -559 2184 0
172 -2185 0
216 -2185 0
-172 -216 2185 0
238 -2186 0
563 -2186 0
-238 -563 2186 0
298 -2187 0
564 -2187 0
-298 -564 2187 0
358 -2188 0
565 -2188 0
-358 -565 2188 0
172 -2189 0
4 -2189 0
-172 -4 2189 0
31 -2190 0
567 -2190 0
-31 -567 2190 0
99 -2191 0
568 -2191 0
-99 -568 2191 0
167 -2192 0
569 -2192 0
-167 -569 2192 0
362 -2193 0
176 -2193 0
-362 -176 2193 0
350 -2194 0
573 -2194 0
-350 -573 2194 0
339 -2195 0
574 -2195 0
-339 -574 2195 0
324 -2196 0
267 -2196 0
-324 -267 2196 0
575 -2197 0
576 -2197 0
-575 -576 2197 0
176 -2198 0
171 -2198 0
-176 -171 2198 0
158 -2199 0
578 -2199 0
-158 -578 2199 0
146 -2200 0
579 -2200 0
-146 -579 2200 0
65 -2201 0
129 -2201 0
-65 -129 2201 0
580 -2202 0
581 -2202 0
-580 -581 2202 0
185 -2203 0
216 -2203 0
-185 -216 2203 0
365 -2204 0
585 -2204 0
-365 -585 2204 0
354 -2205 0
586 -2205 0
-354 -586 2205 0
331 -2206 0
275 -2206 0
-331 -275 2206 0
587 -2207 0
588 -2207 0
-587 -588 2207 0
185 -2208 0
4 -2208 0
-185 -4 2208 0
175 -2209 0
590 -2209 0
-175 -590 2209 0
163 -2210 0
591 -2210 0
-163 -591 2210 0
74 -2211 0
137 -2211 0
-74 -137 2211 0
592 -2212 0
593 -2212 0
-592 -593 2212 0
373 -2213 0
189 -2213 0
-373 -189 2213 0
230 -2214 0
597 -2214 0
-230 -597 2214 0
369 -2215 0
598 -2215 0
-369 -598 2215 0
343 -2216 0
286 -2216 0
-343 -286 2216 0
599 -2217 0
600 -2217 0
-599 -600 2217 0
189 -2218 0
184 -2218 0
-189 -184 2218 0
22 -2219 0
602 -2219 0
-22 -602 2219 0
180 -2220 0
603 -2220 0
-180 -603 2220 0
86 -2221 0
150 -2221 0
-86 -150 2221 0
604 -2222 0
605 -2222 0
-604 -605 2222 0
198 -2223 0
216 -2223 0
-198 -216 2223 0
238 -2224 0
609 -2224 0
-238 -609 2224 0
380 -2225 0
610 -2225 0
-380 -610 2225 0
358 -2226 0
298 -2226 0
-358 -298 2226 0
611 -2227 0
612 -2227 0
-611 -612 2227 0
198 -2228 0
4 -2228 0
-198 -4 2228 0
31 -2229 0
614 -2229 0
-31 -614 2229 0
193 -2230 0
615 -2230 0
-193 -615 2230 0
99 -2231 0
167 -2231 0
-99 -167 2231 0
616 -2232 0
617 -2232 0
-616 -617 2232 0
384 -2233 0
202 -2233 0
-384 -202 2233 0
376 -2234 0
621 -2234 0
-376 -621 2234 0
267 -2235 0
622 -2235 0
-267 -622 2235 0
369 -2236 0
339 -2236 0
-369 -339 2236 0
324 -2237 0
624 -2237 0
-324 -624 2237 0
623 -2238 0
625 -2238 0
-623 -625 2238 0
202 -2239 0
197 -2239 0
-202 -197 2239 0
188 -2240 0
627 -2240 0
-188 -627 2240 0
65 -2241 0
628 -2241 0
-65 -628 2241 0
180 -2242 0
146 -2242 0
-180 -146 2242 0
129 -2243 0
630 -2243 0
-129 -630 2243 0
629 -2244 0
631 -2244 0
-629 -631 2244 0
207 -2245 0
216 -2245 0
-207 -216 2245 0
387 -2246 0
635 -2246 0
-387 -635 2246 0
275 -2247 0
636 -2247 0
-275 -636 2247 0
354 -2248 0
380 -2248 0
-354 -380 2248 0
331 -2249 0
638 -2249 0
-331 -638 2249 0
637 -2250 0
639 -2250 0
-637 -639 2250 0
207 -2251 0
4 -2251 0
-207 -4 2251 0
201 -2252 0
641 -2252 0
-201 -641 2252 0
74 -2253 0
642 -2253 0
-74 -642 2253 0
193 -2254 0
163 -2254 0
-193 -163 2254 0
137 -2255 0
644 -2255 0
-137 -644 2255 0
643 -2256 0
645 -2256 0
-643 -645 2256 0
649 -2257 0
391 -2257 0
-649 -391 2257 0
230 -2258 0
650 -2258 0
-230 -650 2258 0
286 -2259 0
651 -2259 0
-286 -651 2259 0
376 -2260 0
387 -2260 0
-376 -387 2260 0
369 -2261 0
653 -2261 0
-369 -653 2261 0
343 -2262 0
654 -2262 0
-343 -654 2262 0
652 -2263 0
655 -2263 0
-652 -655 2263 0
649 -2264 0
206 -2264 0
-649 -206 2264 0
22 -2265 0
657 -2265 0
-22 -657 2265 0
86 -2266 0
658 -2266 0
-86 -658 2266 0
201 -2267 0
188 -2267 0
-201 -188 2267 0
180 -2268 0
660 -2268 0
-180 -660 2268 0
150 -2269 0
661 -2269 0
-150 -661 2269 0
659 -2270 0
662 -2270 0
-659 -662 2270 0
666 -2271 0
216 -2271 0
-666 -216 2271 0
238 -2272 0
667 -2272 0
-238 -667 2272 0
298 -2273 0
668 -2273 0
-298 -668 2273 0
-649 -2274 0
391 -2274 0
649 -391 2274 0
387 -2275 0
670 -2275 0
-387 -670 2275 0
380 -2276 0
671 -2276 0
-380 -671 2276 0
358 -2277 0
672 -2277 0
-358 -672 2277 0
669 -2278 0
673 -2278 0
-669 -673 2278 0
4 -2279 0
666 -2279 0
-4 -666 2279 0
31 -2280 0
675 -2280 0
-31 -675 2280 0
99 -2281 0
676 -2281 0
-99 -676 2281 0
-649 -2282 0
206 -2282 0
649 -206 2282 0
201 -2283 0
678 -2283 0
-201 -678 2283 0
193 -2284 0
679 -2284 0
-193 -679 2284 0
167 -2285 0
680 -2285 0
-167 -680 2285 0
677 -2286 0
681 -2286 0
-677 -681 2286 0
