c defined variables: 6 15 23 28 32 41 45 54 58 66 71 75 83 87 92 96 100 109 113 122 126 130 138 143 147 151 160 164 168 177 181 190 194 203 214 221 228 235 239 246 250 257 261 268 272 276 283 287 291 295 299 306 310 317 321 328 329 333 340 344 348 352 359 360 370 388 392 396 403 407 411 421 429 437 438 439 451 452 458 459 462 463 466 467 468 469 472 473 474 475 478 479 480 481 486 487 490 491 492 493 494 495 498 499 500 501 502 503 506 507 508 509 510 511 514 515 516 517 518 519 522 523 524 525 526 527 530 531 532 533 534 535 538 539 540 541 542 543 546 547 548 549 550 551 554 555 556 557 558 559 560 561 564 565 566 567 568 569 570 571 574 575 576 577 578 579 580 581 586 587 588 589 592 593 594 595 596 597 598 599 602 603 604 605 606 607 608 609 614 615 616 617 620 621 622 623 624 625 626 627 632 633 634 635 636 637 638 641 642 644 645 646 647 648 649 650 653 654 655 656 657 658 659 660 661 662 667 668 669 670 671 672 673 676 677 678 679 680 681 682 683 684 685 686 687 690 691 692 694 695 696 697 698 699 700 701 706 707 708 709 710 711 712 713 714 715 716 720 721 722 723 724 725 726 727 730 
p cnf 2332 2703
a 442 406 399 366 316 320 332 327 339 336 351 343 358 347 417 445 435 260 253 249 245 74 78 65 69 52 61 48 57 39 44 121 134 373 369 376 264 355 363 53 62 70 79 91 104 108 117 424 271 381 427 387 448 402 267 279 275 207 202 414 410 185 176 198 189 155 142 172 159 26 35 13 18 22 31 1 4 9 428 436 256 313 324 384 286 282 298 294 290 302 305 309 206 201 193 184 197 188 171 158 180 175 40 49 5 10 2 27 36 14 19 217 220 210 213 231 238 224 227 234 242 112 107 103 90 95 99 82 86 125 116 395 432 420 391 141 150 146 154 120 129 133 137 167 163 0
e 3 7 8 11 12 16 17 20 21 24 25 29 30 33 34 37 38 42 43 46 47 50 51 55 56 59 60 63 64 67 68 72 73 76 77 80 81 84 85 88 89 93 94 97 98 101 102 105 106 110 111 114 115 118 119 123 124 127 128 131 132 135 136 139 140 144 145 148 149 152 153 156 157 161 162 165 166 169 170 173 174 178 179 182 183 186 187 191 192 195 196 199 200 204 205 208 209 211 212 215 216 218 219 222 223 225 226 229 230 232 233 236 237 240 241 243 244 247 248 251 252 254 255 258 259 262 263 265 266 269 270 273 274 277 278 280 281 284 285 288 289 292 293 296 297 300 301 303 304 307 308 311 312 314 315 318 319 322 323 325 326 330 331 334 335 337 338 341 342 345 346 349 350 353 354 356 357 361 362 364 365 367 368 371 372 374 375 378 379 380 382 383 385 386 389 390 393 394 397 398 400 401 404 405 408 409 412 413 415 416 418 419 422 423 425 426 430 431 433 434 440 441 443 444 446 447 450 453 454 455 456 457 460 461 464 465 470 471 476 477 482 483 485 488 489 496 497 504 505 512 513 520 521 528 529 536 537 544 545 552 553 562 563 572 573 582 583 585 590 591 600 601 610 611 613 618 619 628 629 631 639 640 643 651 652 663 664 666 674 675 688 689 693 702 703 705 717 718 728 729 6 15 23 28 32 41 45 54 58 66 71 75 83 87 92 96 100 109 113 122 126 130 138 143 147 151 160 164 168 177 181 190 194 203 214 221 228 235 239 246 250 257 261 268 272 276 283 287 291 295 299 306 310 317 321 328 329 333 340 344 348 352 359 360 370 388 392 396 403 407 411 421 429 437 438 439 451 452 458 459 462 463 466 467 468 469 472 473 474 475 478 479 480 481 486 487 490 491 492 493 494 495 498 499 500 501 502 503 506 507 508 509 510 511 514 515 516 517 518 519 522 523 524 525 526 527 530 531 532 533 534 535 538 539 540 541 542 543 546 547 548 549 550 551 554 555 556 557 558 559 560 561 564 565 566 567 568 569 570 571 574 575 576 577 578 579 580 581 586 587 588 589 592 593 594 595 596 597 598 599 602 603 604 605 606 607 608 609 614 615 616 617 620 621 622 623 624 625 626 627 632 633 634 635 636 637 638 641 642 644 645 646 647 648 649 650 653 654 655 656 657 658 659 660 661 662 667 668 669 670 671 672 673 676 677 678 679 680 681 682 683 684 685 686 687 690 691 692 694 695 696 697 698 699 700 701 706 707 708 709 710 711 712 713 714 715 716 720 721 722 723 724 725 726 727 730 2057 2058 2059 2060 2061 2062 2063 2064 2065 2066 2067 2068 2069 2070 2071 2072 2073 2074 2075 2076 2077 2078 2079 2080 2081 2082 2083 2084 2085 2086 2087 2088 2089 2090 2091 2092 2093 2094 2095 2096 2097 2098 2099 2100 2101 2102 2103 2104 2105 2106 2107 2108 2109 2110 2111 2112 2113 2114 2115 2116 2117 2118 2119 2120 2121 2122 2123 2124 2125 2126 2127 2128 2129 2130 2131 2132 2133 2134 2135 2136 2137 2138 2139 2140 2141 2142 2143 2144 2145 2146 2147 2148 2149 2150 2151 2152 2153 2154 2155 2156 2157 2158 2159 2160 2161 2162 2163 2164 2165 2166 2167 2168 2169 2170 2171 2172 2173 2174 2175 2176 2177 2178 2179 2180 2181 2182 2183 2184 2185 2186 2187 2188 2189 2190 2191 2192 2193 2194 2195 2196 2197 2198 2199 2200 2201 2202 2203 2204 2205 2206 2207 2208 2209 2210 2211 2212 2213 2214 2215 2216 2217 2218 2219 2220 2221 2222 2223 2224 2225 2226 2227 2228 2229 2230 2231 2232 2233 2234 2235 2236 2237 2238 2239 2240 2241 2242 2243 2244 2245 2246 2247 2248 2249 2250 2251 2252 2253 2254 2255 2256 2257 2258 2259 2260 2261 2262 2263 2264 2265 2266 2267 2268 2269 2270 2271 2272 2273 2274 2275 2276 2277 2278 2279 2280 2281 2282 2283 2284 2285 2286 2287 2288 2289 2290 2291 2292 2293 2294 2295 2296 2297 2298 2299 2300 2301 2302 2303 2304 2305 2306 2307 2308 2309 2310 2311 2312 2313 2314 2315 2316 2317 2318 2319 2320 2321 2322 2323 2324 2325 2326 2327 2328 2329 2330 2331 2332 0
d 449 442 445 0
d 719 435 448 0
d 484 231 36 0
d 612 358 363 0
d 584 324 327 0
d 630 381 387 0
d 377 373 366 0
d 704 432 427 0
d 665 414 410 0
2058 -6 0
-2058 6 0
2059 -15 0
-2059 15 0
2060 -23 0
-2060 23 0
2061 -28 0
-2061 28 0
2062 -32 0
-2062 32 0
2063 -41 0
-2063 41 0
2064 -45 0
-2064 45 0
2065 -54 0
-2065 54 0
2066 -58 0
-2066 58 0
2067 -66 0
-2067 66 0
2068 -71 0
-2068 71 0
2069 -75 0
-2069 75 0
2070 -83 0
-2070 83 0
2071 -87 0
-2071 87 0
2072 -92 0
-2072 92 0
2073 -96 0
-2073 96 0
2074 -100 0
-2074 100 0
2075 -109 0
-2075 109 0
2076 -113 0
-2076 113 0
2077 -122 0
-2077 122 0
2078 -126 0
-2078 126 0
2079 -130 0
-2079 130 0
2080 -138 0
-2080 138 0
2081 -143 0
-2081 143 0
2082 -147 0
-2082 147 0
2083 -151 0
-2083 151 0
2084 -160 0
-2084 160 0
2085 -164 0
-2085 164 0
2086 -168 0
-2086 168 0
2087 -177 0
-2087 177 0
2088 -181 0
-2088 181 0
2089 -190 0
-2089 190 0
2090 -194 0
-2090 194 0
2091 -203 0
-2091 203 0
2092 -214 0
-2092 214 0
2093 -221 0
-2093 221 0
2094 -228 0
-2094 228 0
2095 -235 0
-2095 235 0
2096 -239 0
-2096 239 0
2097 -246 0
-2097 246 0
2098 -250 0
-2098 250 0
2099 -257 0
-2099 257 0
2100 -261 0
-2100 261 0
2101 -268 0
-2101 268 0
2102 -272 0
-2102 272 0
2103 -276 0
-2103 276 0
2104 -283 0
-2104 283 0
2105 -287 0
-2105 287 0
2106 -291 0
-2106 291 0
2107 -295 0
-2107 295 0
2108 -299 0
-2108 299 0
2109 -306 0
-2109 306 0
2110 -310 0
-2110 310 0
2111 -317 0
-2111 317 0
2112 -321 0
-2112 321 0
2113 -328 0
-2113 328 0
2114 -329 0
-2114 329 0
2115 -333 0
-2115 333 0
2116 -340 0
-2116 340 0
2117 -344 0
-2117 344 0
2118 -348 0
-2118 348 0
2119 -352 0
-2119 352 0
2120 -359 0
-2120 359 0
2121 -360 0
-2121 360 0
2122 -370 0
-2122 370 0
2123 -388 0
-2123 388 0
2124 -392 0
-2124 392 0
2125 -396 0
-2125 396 0
2126 -403 0
-2126 403 0
2127 -407 0
-2127 407 0
2128 -411 0
-2128 411 0
2129 -421 0
-2129 421 0
2130 -429 0
-2130 429 0
2131 -437 0
-2131 437 0
2132 -438 0
-2132 438 0
2133 -439 0
-2133 439 0
2134 -451 0
-2134 451 0
2135 -452 0
-2135 452 0
2136 -458 0
-2136 458 0
2137 -459 0
-2137 459 0
2138 -462 0
-2138 462 0
2139 -463 0
-2139 463 0
2140 -466 0
-2140 466 0
2141 -467 0
-2141 467 0
2142 -468 0
-2142 468 0
2143 -469 0
-2143 469 0
2144 -472 0
-2144 472 0
2145 -473 0
-2145 473 0
2146 -474 0
-2146 474 0
2147 -475 0
-2147 475 0
2148 -478 0
-2148 478 0
2149 -479 0
-2149 479 0
2150 -480 0
-2150 480 0
2151 -481 0
-2151 481 0
2152 -486 0
-2152 486 0
2153 -487 0
-2153 487 0
2154 -490 0
-2154 490 0
2155 -491 0
-2155 491 0
2156 -492 0
-2156 492 0
2157 -493 0
-2157 493 0
2158 -494 0
-2158 494 0
2159 -495 0
-2159 495 0
2160 -498 0
-2160 498 0
2161 -499 0
-2161 499 0
2162 -500 0
-2162 500 0
2163 -501 0
-2163 501 0
2164 -502 0
-2164 502 0
2165 -503 0
-2165 503 0
2166 -506 0
-2166 506 0
2167 -507 0
-2167 507 0
2168 -508 0
-2168 508 0
2169 -509 0
-2169 509 0
2170 -510 0
-2170 510 0
2171 -511 0
-2171 511 0
2172 -514 0
-2172 514 0
2173 -515 0
-2173 515 0
2174 -516 0
-2174 516 0
2175 -517 0
-2175 517 0
2176 -518 0
-2176 518 0
2177 -519 0
-2177 519 0
2178 -522 0
-2178 522 0
2179 -523 0
-2179 523 0
2180 -524 0
-2180 524 0
2181 -525 0
-2181 525 0
2182 -526 0
-2182 526 0
2183 -527 0
-2183 527 0
2184 -530 0
-2184 530 0
2185 -531 0
-2185 531 0
2186 -532 0
-2186 532 0
2187 -533 0
-2187 533 0
2188 -534 0
-2188 534 0
2189 -535 0
-2189 535 0
2190 -538 0
-2190 538 0
2191 -539 0
-2191 539 0
2192 -540 0
-2192 540 0
2193 -541 0
-2193 541 0
2194 -542 0
-2194 542 0
2195 -543 0
-2195 543 0
2196 -546 0
-2196 546 0
2197 -547 0
-2197 547 0
2198 -548 0
-2198 548 0
2199 -549 0
-2199 549 0
2200 -550 0
-2200 550 0
2201 -551 0
-2201 551 0
2202 -554 0
-2202 554 0
2203 -555 0
-2203 555 0
2204 -556 0
-2204 556 0
2205 -557 0
-2205 557 0
2206 -558 0
-2206 558 0
2207 -559 0
-2207 559 0
2208 -560 0
-2208 560 0
2209 -561 0
-2209 561 0
2210 -564 0
-2210 564 0
2211 -565 0
-2211 565 0
2212 -566 0
-2212 566 0
2213 -567 0
-2213 567 0
2214 -568 0
-2214 568 0
2215 -569 0
-2215 569 0
2216 -570 0
-2216 570 0
2217 -571 0
-2217 571 0
2218 -574 0
-2218 574 0
2219 -575 0
-2219 575 0
2220 -576 0
-2220 576 0
2221 -577 0
-2221 577 0
2222 -578 0
-2222 578 0
2223 -579 0
-2223 579 0
2224 -580 0
-2224 580 0
2225 -581 0
-2225 581 0
2226 -586 0
-2226 586 0
2227 -587 0
-2227 587 0
2228 -588 0
-2228 588 0
2229 -589 0
-2229 589 0
2230 -592 0
-2230 592 0
2231 -593 0
-2231 593 0
2232 -594 0
-2232 594 0
-2233 -595 0
2233 595 0
2234 -596 0
-2234 596 0
2235 -597 0
-2235 597 0
2236 -598 0
-2236 598 0
2237 -599 0
-2237 599 0
2238 -602 0
-2238 602 0
2239 -603 0
-2239 603 0
2240 -604 0
-2240 604 0
2241 -605 0
-2241 605 0
2242 -606 0
-2242 606 0
2243 -607 0
-2243 607 0
2244 -608 0
-2244 608 0
2245 -609 0
-2245 609 0
2246 -614 0
-2246 614 0
2247 -615 0
-2247 615 0
2248 -616 0
-2248 616 0
2249 -617 0
-2249 617 0
2250 -620 0
-2250 620 0
2251 -621 0
-2251 621 0
2252 -622 0
-2252 622 0
2253 -623 0
-2253 623 0
2254 -624 0
-2254 624 0
2255 -625 0
-2255 625 0
2256 -626 0
-2256 626 0
2257 -627 0
-2257 627 0
2258 -632 0
-2258 632 0
2259 -633 0
-2259 633 0
2260 -634 0
-2260 634 0
2261 -635 0
-2261 635 0
2262 -636 0
-2262 636 0
2263 -637 0
-2263 637 0
2264 -638 0
-2264 638 0
2265 -641 0
-2265 641 0
2266 -642 0
-2266 642 0
2267 -644 0
-2267 644 0
2268 -645 0
-2268 645 0
2269 -646 0
-2269 646 0
2270 -647 0
-2270 647 0
2271 -648 0
-2271 648 0
2272 -649 0
-2272 649 0
2273 -650 0
-2273 650 0
2274 -653 0
-2274 653 0
2275 -654 0
-2275 654 0
2276 -655 0
-2276 655 0
2277 -656 0
-2277 656 0
2278 -657 0
-2278 657 0
2279 -658 0
-2279 658 0
2280 -659 0
-2280 659 0
2281 -660 0
-2281 660 0
2282 -661 0
-2282 661 0
2283 -662 0
-2283 662 0
2284 -667 0
-2284 667 0
2285 -668 0
-2285 668 0
2286 -669 0
-2286 669 0
2287 -670 0
-2287 670 0
2288 -671 0
-2288 671 0
2289 -672 0
-2289 672 0
2290 -673 0
-2290 673 0
2291 -676 0
-2291 676 0
2292 -677 0
-2292 677 0
2293 -678 0
-2293 678 0
2294 -679 0
-2294 679 0
2295 -680 0
-2295 680 0
2296 -681 0
-2296 681 0
2297 -682 0
-2297 682 0
2298 -683 0
-2298 683 0
2299 -684 0
-2299 684 0
2300 -685 0
-2300 685 0
2301 -686 0
-2301 686 0
2302 -687 0
-2302 687 0
2303 -690 0
-2303 690 0
2304 -691 0
-2304 691 0
2305 -692 0
-2305 692 0
2306 -694 0
-2306 694 0
2307 -695 0
-2307 695 0
2308 -696 0
-2308 696 0
2309 -697 0
-2309 697 0
2310 -698 0
-2310 698 0
2311 -699 0
-2311 699 0
2312 -700 0
-2312 700 0
2313 -701 0
-2313 701 0
2314 -706 0
-2314 706 0
2315 -707 0
-2315 707 0
2316 -708 0
-2316 708 0
2317 -709 0
-2317 709 0
2318 -710 0
-2318 710 0
2319 -711 0
-2319 711 0
2320 -712 0
-2320 712 0
2321 -713 0
-2321 713 0
2322 -714 0
-2322 714 0
2323 -715 0
-2323 715 0
2324 -716 0
-2324 716 0
2325 -720 0
-2325 720 0
2326 -721 0
-2326 721 0
2327 -722 0
-2327 722 0
2328 -723 0
-2328 723 0
2329 -724 0
-2329 724 0
2330 -725 0
-2330 725 0
2331 -726 0
-2331 726 0
2332 -727 0
-2332 727 0
2057 -730 0
-2057 730 0
730 0
-730 454 729 0
-454 447 -453 0
-447 444 -446 0
-444 441 -443 0
-441 434 -440 0
-434 431 -433 0
-431 426 -430 0
-426 423 -425 0
-423 419 -422 0
-419 416 -418 0
-416 413 -415 0
-413 409 -412 0
-409 405 -408 0
-405 401 -404 0
-401 398 -400 0
-398 394 -397 0
-394 390 -393 0
-390 386 -389 0
-386 383 -385 0
-383 380 -382 0
-380 375 -379 0
-375 372 -374 0
-372 368 -371 0
-368 365 -367 0
-365 362 -364 0
-362 357 -361 0
-357 354 -356 0
-354 350 -353 0
-350 346 -349 0
-346 342 -345 0
-342 338 -341 0
-338 335 -337 0
-335 331 -334 0
-331 326 -330 0
-326 323 -325 0
-323 319 -322 0
-319 315 -318 0
-315 312 -314 0
-312 308 -311 0
-308 304 -307 0
-304 301 -303 0
-301 297 -300 0
-297 293 -296 0
-293 289 -292 0
-289 285 -288 0
-285 281 -284 0
-281 278 -280 0
-278 274 -277 0
-274 270 -273 0
-270 266 -269 0
-266 263 -265 0
-263 259 -262 0
-259 255 -258 0
-255 252 -254 0
-252 248 -251 0
-248 244 -247 0
-244 241 -243 0
-241 237 -240 0
-237 233 -236 0
-233 230 -232 0
-230 226 -229 0
-226 223 -225 0
-223 219 -222 0
-219 216 -218 0
-216 212 -215 0
-212 209 -211 0
-209 205 -208 0
-205 200 -204 0
-200 196 -199 0
-196 192 -195 0
-192 187 -191 0
-187 183 -186 0
-183 179 -182 0
-179 174 -178 0
-174 170 -173 0
-170 166 -169 0
-166 162 -165 0
-162 157 -161 0
-157 153 -156 0
-153 149 -152 0
-149 145 -148 0
-145 140 -144 0
-140 136 -139 0
-136 132 -135 0
-132 128 -131 0
-128 124 -127 0
-124 119 -123 0
-119 115 -118 0
-115 111 -114 0
-111 106 -110 0
-106 102 -105 0
-102 98 -101 0
-98 94 -97 0
-94 89 -93 0
-89 85 -88 0
-85 81 -84 0
-81 77 -80 0
-77 73 -76 0
-73 68 -72 0
-68 64 -67 0
-64 60 -63 0
-60 56 -59 0
-56 51 -55 0
-51 47 -50 0
-47 43 -46 0
-43 38 -42 0
-38 34 -37 0
-34 30 -33 0
-30 25 -29 0
-25 21 -24 0
-21 17 -20 0
-17 12 -16 0
-12 8 -11 0
-8 -3 -7 0
1 -2 3 0
-1 2 3 0
4 6 7 0
-4 -6 7 0
-1 5 6 0
-6 1 0
-6 -5 0
9 -10 11 0
-9 10 11 0
13 15 16 0
-13 -15 16 0
-9 14 15 0
-15 9 0
-15 -14 0
18 -19 20 0
-18 19 20 0
22 23 24 0
-22 -23 24 0
-4 -13 23 0
-23 4 0
-23 13 0
26 28 29 0
-26 -28 29 0
-18 27 28 0
-28 18 0
-28 -27 0
31 32 33 0
-31 -32 33 0
-13 -26 32 0
-32 13 0
-32 26 0
35 -36 37 0
-35 36 37 0
39 41 42 0
-39 -41 42 0
-35 40 41 0
-41 35 0
-41 -40 0
44 45 46 0
-44 -45 46 0
-26 -39 45 0
-45 26 0
-45 39 0
48 -49 50 0
-48 49 50 0
52 54 55 0
-52 -54 55 0
-48 53 54 0
-54 48 0
-54 -53 0
57 58 59 0
-57 -58 59 0
-39 -52 58 0
-58 39 0
-58 52 0
61 -62 63 0
-61 62 63 0
65 66 67 0
-65 -66 67 0
-22 -44 66 0
-66 22 0
-66 44 0
69 71 72 0
-69 -71 72 0
-61 70 71 0
-71 61 0
-71 -70 0
74 75 76 0
-74 -75 76 0
-31 -57 75 0
-75 31 0
-75 57 0
78 -79 80 0
-78 79 80 0
82 83 84 0
-82 -83 84 0
-52 -69 83 0
-83 52 0
-83 69 0
86 87 88 0
-86 -87 88 0
-44 -82 87 0
-87 44 0
-87 82 0
90 92 93 0
-90 -92 93 0
-78 91 92 0
-92 78 0
-92 -91 0
95 96 97 0
-95 -96 97 0
-69 -90 96 0
-96 69 0
-96 90 0
99 100 101 0
-99 -100 101 0
-57 -95 100 0
-100 57 0
-100 95 0
103 -104 105 0
-103 104 105 0
107 109 110 0
-107 -109 110 0
-103 108 109 0
-109 103 0
-109 -108 0
112 113 114 0
-112 -113 114 0
-90 -107 113 0
-113 90 0
-113 107 0
116 -117 118 0
-116 117 118 0
120 122 123 0
-120 -122 123 0
-116 121 122 0
-122 116 0
-122 -121 0
125 126 127 0
-125 -126 127 0
-107 -120 126 0
-126 107 0
-126 120 0
129 130 131 0
-129 -130 131 0
-82 -112 130 0
-130 82 0
-130 112 0
133 -134 135 0
-133 134 135 0
137 138 139 0
-137 -138 139 0
-95 -125 138 0
-138 95 0
-138 125 0
141 143 144 0
-141 -143 144 0
-133 142 143 0
-143 133 0
-143 -142 0
146 147 148 0
-146 -147 148 0
-120 -141 147 0
-147 120 0
-147 141 0
150 151 152 0
-150 -151 152 0
-112 -146 151 0
-151 112 0
-151 146 0
154 -155 156 0
-154 155 156 0
158 160 161 0
-158 -160 161 0
-154 159 160 0
-160 154 0
-160 -159 0
163 164 165 0
-163 -164 165 0
-141 -158 164 0
-164 141 0
-164 158 0
167 168 169 0
-167 -168 169 0
-125 -163 168 0
-168 125 0
-168 163 0
171 -172 173 0
-171 172 173 0
175 177 178 0
-175 -177 178 0
-171 176 177 0
-177 171 0
-177 -176 0
180 181 182 0
-180 -181 182 0
-158 -175 181 0
-181 158 0
-181 175 0
184 -185 186 0
-184 185 186 0
188 190 191 0
-188 -190 191 0
-184 189 190 0
-190 184 0
-190 -189 0
193 194 195 0
-193 -194 195 0
-175 -188 194 0
-194 175 0
-194 188 0
197 -198 199 0
-197 198 199 0
201 203 204 0
-201 -203 204 0
-197 202 203 0
-203 197 0
-203 -202 0
206 -207 208 0
-206 207 208 0
210 -2 211 0
-210 2 211 0
213 214 215 0
-213 -214 215 0
-210 5 214 0
-214 210 0
-214 -5 0
217 -10 218 0
-217 10 218 0
220 221 222 0
-220 -221 222 0
-217 14 221 0
-221 217 0
-221 -14 0
224 -19 225 0
-224 19 225 0
227 228 229 0
-227 -228 229 0
-213 -220 228 0
-228 213 0
-228 220 0
231 213 232 0
-231 -213 232 0
234 235 236 0
-234 -235 236 0
-224 27 235 0
-235 224 0
-235 -27 0
238 239 240 0
-238 -239 240 0
-220 -234 239 0
-239 220 0
-239 234 0
242 -36 243 0
-242 36 243 0
245 246 247 0
-245 -246 247 0
-242 40 246 0
-246 242 0
-246 -40 0
249 250 251 0
-249 -250 251 0
-234 -245 250 0
-250 234 0
-250 245 0
253 -49 254 0
-253 49 254 0
256 257 258 0
-256 -257 258 0
-253 53 257 0
-257 253 0
-257 -53 0
260 261 262 0
-260 -261 262 0
-245 -256 261 0
-261 245 0
-261 256 0
264 -62 265 0
-264 62 265 0
267 268 269 0
-267 -268 269 0
-227 -249 268 0
-268 227 0
-268 249 0
271 272 273 0
-271 -272 273 0
-264 70 272 0
-272 264 0
-272 -70 0
275 276 277 0
-275 -276 277 0
-238 -260 276 0
-276 238 0
-276 260 0
279 -79 280 0
-279 79 280 0
282 283 284 0
-282 -283 284 0
-256 -271 283 0
-283 256 0
-283 271 0
286 287 288 0
-286 -287 288 0
-249 -282 287 0
-287 249 0
-287 282 0
290 291 292 0
-290 -291 292 0
-279 91 291 0
-291 279 0
-291 -91 0
294 295 296 0
-294 -295 296 0
-271 -290 295 0
-295 271 0
-295 290 0
298 299 300 0
-298 -299 300 0
-260 -294 299 0
-299 260 0
-299 294 0
302 -104 303 0
-302 104 303 0
305 306 307 0
-305 -306 307 0
-302 108 306 0
-306 302 0
-306 -108 0
309 310 311 0
-309 -310 311 0
-290 -305 310 0
-310 290 0
-310 305 0
313 -117 314 0
-313 117 314 0
316 317 318 0
-316 -317 318 0
-313 121 317 0
-317 313 0
-317 -121 0
320 321 322 0
-320 -321 322 0
-305 -316 321 0
-321 305 0
-321 316 0
324 320 325 0
-324 -320 325 0
327 329 330 0
-327 -329 330 0
-328 -238 329 0
-134 -213 328 0
-329 328 0
-329 238 0
-328 134 0
-328 213 0
332 333 334 0
-332 -333 334 0
-282 -309 333 0
-333 282 0
-333 309 0
336 -134 337 0
-336 134 337 0
339 340 341 0
-339 -340 341 0
-294 -320 340 0
-340 294 0
-340 320 0
343 344 345 0
-343 -344 345 0
-336 142 344 0
-344 336 0
-344 -142 0
347 348 349 0
-347 -348 349 0
-316 -343 348 0
-348 316 0
-348 343 0
351 352 353 0
-351 -352 353 0
-309 -347 352 0
-352 309 0
-352 347 0
355 -155 356 0
-355 155 356 0
358 360 361 0
-358 -360 361 0
-359 -227 360 0
-355 -159 359 0
-360 359 0
-360 227 0
-359 355 0
-359 159 0
363 286 364 0
-363 -286 364 0
366 343 367 0
-366 -343 367 0
369 370 371 0
-369 -370 371 0
-355 159 370 0
-370 355 0
-370 -159 0
373 369 374 0
-373 -369 374 0
376 378 379 0
-376 -378 379 0
-320 -377 378 0
-378 320 0
-378 377 0
381 369 382 0
-381 -369 382 0
384 -172 385 0
-384 172 385 0
387 388 389 0
-387 -388 389 0
-384 -176 388 0
-388 384 0
-388 176 0
391 392 393 0
-391 -392 393 0
-384 176 392 0
-392 384 0
-392 -176 0
395 396 397 0
-395 -396 397 0
-369 -391 396 0
-396 369 0
-396 391 0
399 -185 400 0
-399 185 400 0
402 403 404 0
-402 -403 404 0
-399 189 403 0
-403 399 0
-403 -189 0
406 407 408 0
-406 -407 408 0
-391 -402 407 0
-407 391 0
-407 402 0
410 411 412 0
-410 -411 412 0
-198 -213 411 0
-411 198 0
-411 213 0
414 238 415 0
-414 -238 415 0
417 -198 418 0
-417 198 418 0
420 421 422 0
-420 -421 422 0
-417 202 421 0
-421 417 0
-421 -202 0
424 -207 425 0
-424 207 425 0
427 429 430 0
-427 -429 430 0
-424 -428 429 0
-429 424 0
-429 428 0
432 227 433 0
-432 -227 433 0
435 439 440 0
-435 -439 440 0
-438 -298 439 0
-437 -238 438 0
-436 -213 437 0
-439 438 0
-439 298 0
-438 437 0
-438 238 0
-437 436 0
-437 213 0
442 424 443 0
-442 -424 443 0
445 -428 446 0
-445 428 446 0
448 452 453 0
-448 -452 453 0
-376 -451 452 0
-406 -450 451 0
-420 -449 450 0
-452 376 0
-452 451 0
-451 406 0
-451 450 0
-450 420 0
-450 449 0
-729 718 0
-729 728 0
-718 703 0
-718 717 0
-703 689 0
-703 702 0
-689 675 0
-689 688 0
-675 664 0
-675 674 0
-664 652 0
-664 663 0
-652 640 0
-652 651 0
-640 629 0
-640 639 0
-629 619 0
-629 628 0
-619 611 0
-619 618 0
-611 601 0
-611 610 0
-601 591 0
-601 600 0
-591 583 0
-591 590 0
-583 573 0
-583 582 0
-573 563 0
-573 572 0
-563 553 0
-563 562 0
-553 545 0
-553 552 0
-545 537 0
-545 544 0
-537 529 0
-537 536 0
-529 521 0
-529 528 0
-521 513 0
-521 520 0
-513 505 0
-513 512 0
-505 497 0
-505 504 0
-497 489 0
-497 496 0
-489 483 0
-489 488 0
-483 477 0
-483 482 0
-477 471 0
-477 476 0
-471 465 0
-471 470 0
-465 461 0
-465 464 0
-461 457 0
-461 460 0
-457 455 0
-457 456 0
-455 -2 2 0
-455 2 -2 0
-456 -2 2 0
-456 2 -2 0
-460 -458 459 0
-460 458 -459 0
-458 210 0
-458 5 0
-459 1 0
-459 5 0
-210 -5 458 0
-1 -5 459 0
-464 -462 463 0
-464 462 -463 0
-462 10 0
-462 213 0
-463 10 0
-463 4 0
-10 -213 462 0
-10 -4 463 0
-470 -467 469 0
-470 467 -469 0
-467 213 0
-467 466 0
-466 217 0
-466 14 0
-469 4 0
-469 468 0
-468 9 0
-468 14 0
-213 -466 467 0
-217 -14 466 0
-4 -468 469 0
-9 -14 468 0
-476 -473 475 0
-476 473 -475 0
-473 220 0
-473 472 0
-472 19 0
-472 213 0
-475 13 0
-475 474 0
-474 19 0
-474 4 0
-220 -472 473 0
-19 -213 472 0
-13 -474 475 0
-19 -4 474 0
-482 -479 481 0
-482 479 -481 0
-479 478 0
-479 227 0
-478 224 0
-478 27 0
-481 480 0
-481 22 0
-480 18 0
-480 27 0
-478 -227 479 0
-224 -27 478 0
-480 -22 481 0
-18 -27 480 0
-488 -485 487 0
-488 485 -487 0
-485 484 0
-485 238 0
-487 486 0
-487 31 0
-486 36 0
-486 4 0
-484 -238 485 0
-486 -31 487 0
-36 -4 486 0
-496 -492 495 0
-496 492 -495 0
-492 227 0
-492 491 0
-491 234 0
-491 490 0
-490 242 0
-490 40 0
-495 22 0
-495 494 0
-494 26 0
-494 493 0
-493 35 0
-493 40 0
-227 -491 492 0
-234 -490 491 0
-242 -40 490 0
-22 -494 495 0
-26 -493 494 0
-35 -40 493 0
-504 -500 503 0
-504 500 -503 0
-500 238 0
-500 499 0
-499 245 0
-499 498 0
-498 49 0
-498 213 0
-503 31 0
-503 502 0
-502 39 0
-502 501 0
-501 49 0
-501 4 0
-238 -499 500 0
-245 -498 499 0
-49 -213 498 0
-31 -502 503 0
-39 -501 502 0
-49 -4 501 0
-512 -508 511 0
-512 508 -511 0
-508 249 0
-508 507 0
-507 506 0
-507 227 0
-506 253 0
-506 53 0
-511 44 0
-511 510 0
-510 509 0
-510 22 0
-509 48 0
-509 53 0
-249 -507 508 0
-506 -227 507 0
-253 -53 506 0
-44 -510 511 0
-509 -22 510 0
-48 -53 509 0
-520 -516 519 0
-520 516 -519 0
-516 260 0
-516 515 0
-515 514 0
-515 238 0
-514 62 0
-514 213 0
-519 57 0
-519 518 0
-518 517 0
-518 31 0
-517 62 0
-517 4 0
-260 -515 516 0
-514 -238 515 0
-62 -213 514 0
-57 -518 519 0
-517 -31 518 0
-62 -4 517 0
-528 -524 527 0
-528 524 -527 0
-524 523 0
-524 267 0
-523 256 0
-523 522 0
-522 264 0
-522 70 0
-527 526 0
-527 65 0
-526 52 0
-526 525 0
-525 61 0
-525 70 0
-523 -267 524 0
-256 -522 523 0
-264 -70 522 0
-526 -65 527 0
-52 -525 526 0
-61 -70 525 0
-536 -532 535 0
-536 532 -535 0
-532 531 0
-532 275 0
-531 271 0
-531 530 0
-530 79 0
-530 213 0
-535 534 0
-535 74 0
-534 69 0
-534 533 0
-533 79 0
-533 4 0
-531 -275 532 0
-271 -530 531 0
-79 -213 530 0
-534 -74 535 0
-69 -533 534 0
-79 -4 533 0
-544 -540 543 0
-544 540 -543 0
-540 539 0
-540 286 0
-539 538 0
-539 227 0
-538 279 0
-538 91 0
-543 542 0
-543 86 0
-542 541 0
-542 22 0
-541 78 0
-541 91 0
-539 -286 540 0
-538 -227 539 0
-279 -91 538 0
-542 -86 543 0
-541 -22 542 0
-78 -91 541 0
-552 -548 551 0
-552 548 -551 0
-548 547 0
-548 298 0
-547 546 0
-547 238 0
-546 104 0
-546 213 0
-551 550 0
-551 99 0
-550 549 0
-550 31 0
-549 104 0
-549 4 0
-547 -298 548 0
-546 -238 547 0
-104 -213 546 0
-550 -99 551 0
-549 -31 550 0
-104 -4 549 0
-562 -557 561 0
-562 557 -561 0
-557 267 0
-557 556 0
-556 282 0
-556 555 0
-555 290 0
-555 554 0
-554 302 0
-554 108 0
-561 65 0
-561 560 0
-560 82 0
-560 559 0
-559 90 0
-559 558 0
-558 103 0
-558 108 0
-267 -556 557 0
-282 -555 556 0
-290 -554 555 0
-302 -108 554 0
-65 -560 561 0
-82 -559 560 0
-90 -558 559 0
-103 -108 558 0
-572 -567 571 0
-572 567 -571 0
-567 275 0
-567 566 0
-566 294 0
-566 565 0
-565 305 0
-565 564 0
-564 117 0
-564 213 0
-571 74 0
-571 570 0
-570 95 0
-570 569 0
-569 107 0
-569 568 0
-568 117 0
-568 4 0
-275 -566 567 0
-294 -565 566 0
-305 -564 565 0
-117 -213 564 0
-74 -570 571 0
-95 -569 570 0
-107 -568 569 0
-117 -4 568 0
-582 -577 581 0
-582 577 -581 0
-577 286 0
-577 576 0
-576 309 0
-576 575 0
-575 574 0
-575 227 0
-574 313 0
-574 121 0
-581 86 0
-581 580 0
-580 112 0
-580 579 0
-579 578 0
-579 22 0
-578 116 0
-578 121 0
-286 -576 577 0
-309 -575 576 0
-574 -227 575 0
-313 -121 574 0
-86 -580 581 0
-112 -579 580 0
-578 -22 579 0
-116 -121 578 0
-590 -585 589 0
-590 585 -589 0
-585 298 0
-585 584 0
-589 99 0
-589 588 0
-588 125 0
-588 587 0
-587 586 0
-587 31 0
-586 134 0
-586 4 0
-298 -584 585 0
-99 -588 589 0
-125 -587 588 0
-586 -31 587 0
-134 -4 586 0
-600 595 599 0
-600 -595 -599 0
-332 594 595 0
332 -594 595 0
-332 -594 595 0
-593 -267 594 0
-316 -592 593 0
-336 -142 592 0
-599 129 0
-599 598 0
-598 597 0
-598 65 0
-597 120 0
-597 596 0
-596 133 0
-596 142 0
-595 332 594 0
-594 593 0
-594 267 0
-593 316 0
-593 592 0
-592 336 0
-592 142 0
-129 -598 599 0
-597 -65 598 0
-120 -596 597 0
-133 -142 596 0
-610 -605 609 0
-610 605 -609 0
-605 339 0
-605 604 0
-604 603 0
-604 275 0
-603 343 0
-603 602 0
-602 155 0
-602 213 0
-609 137 0
-609 608 0
-608 607 0
-608 74 0
-607 141 0
-607 606 0
-606 155 0
-606 4 0
-339 -604 605 0
-603 -275 604 0
-343 -602 603 0
-155 -213 602 0
-137 -608 609 0
-607 -74 608 0
-141 -606 607 0
-155 -4 606 0
-618 -613 617 0
-618 613 -617 0
-613 351 0
-613 612 0
-617 150 0
-617 616 0
-616 615 0
-616 86 0
-615 614 0
-615 22 0
-614 154 0
-614 159 0
-351 -612 613 0
-150 -616 617 0
-615 -86 616 0
-614 -22 615 0
-154 -159 614 0
-628 -623 627 0
-628 623 -627 0
-623 376 0
-623 622 0
-622 621 0
-622 298 0
-621 620 0
-621 238 0
-620 172 0
-620 213 0
-627 167 0
-627 626 0
-626 625 0
-626 99 0
-625 624 0
-625 31 0
-624 172 0
-624 4 0
-376 -622 623 0
-621 -298 622 0
-620 -238 621 0
-172 -213 620 0
-167 -626 627 0
-625 -99 626 0
-624 -31 625 0
-172 -4 624 0
-639 -633 638 0
-639 633 -638 0
-633 631 0
-633 632 0
-631 347 0
-631 630 0
-632 267 0
-632 332 0
-638 636 0
-638 637 0
-636 146 0
-636 635 0
-635 158 0
-635 634 0
-634 171 0
-634 176 0
-637 65 0
-637 129 0
-631 -632 633 0
-347 -630 631 0
-267 -332 632 0
-636 -637 638 0
-146 -635 636 0
-158 -634 635 0
-171 -176 634 0
-65 -129 637 0
-651 -645 650 0
-651 645 -650 0
-645 643 0
-645 644 0
-643 377 0
-643 642 0
-642 391 0
-642 641 0
-641 185 0
-641 213 0
-644 275 0
-644 339 0
-650 648 0
-650 649 0
-648 163 0
-648 647 0
-647 175 0
-647 646 0
-646 185 0
-646 4 0
-649 74 0
-649 137 0
-643 -644 645 0
-377 -642 643 0
-391 -641 642 0
-185 -213 641 0
-275 -339 644 0
-648 -649 650 0
-163 -647 648 0
-175 -646 647 0
-185 -4 646 0
-74 -137 649 0
-663 -657 662 0
-663 657 -662 0
-657 655 0
-657 656 0
-655 395 0
-655 654 0
-654 653 0
-654 227 0
-653 399 0
-653 189 0
-656 286 0
-656 351 0
-662 660 0
-662 661 0
-660 180 0
-660 659 0
-659 658 0
-659 22 0
-658 184 0
-658 189 0
-661 86 0
-661 150 0
-655 -656 657 0
-395 -654 655 0
-653 -227 654 0
-399 -189 653 0
-286 -351 656 0
-660 -661 662 0
-180 -659 660 0
-658 -22 659 0
-184 -189 658 0
-86 -150 661 0
-674 -668 673 0
-674 668 -673 0
-668 666 0
-668 667 0
-666 406 0
-666 665 0
-667 298 0
-667 376 0
-673 671 0
-673 672 0
-671 193 0
-671 670 0
-670 669 0
-670 31 0
-669 198 0
-669 4 0
-672 99 0
-672 167 0
-666 -667 668 0
-406 -665 666 0
-298 -376 667 0
-671 -672 673 0
-193 -670 671 0
-669 -31 670 0
-198 -4 669 0
-99 -167 672 0
-688 -681 687 0
-688 681 -687 0
-681 678 0
-681 680 0
-678 677 0
-678 267 0
-677 402 0
-677 676 0
-676 417 0
-676 202 0
-680 332 0
-680 679 0
-679 347 0
-679 395 0
-687 684 0
-687 686 0
-684 683 0
-684 65 0
-683 188 0
-683 682 0
-682 197 0
-682 202 0
-686 129 0
-686 685 0
-685 146 0
-685 180 0
-678 -680 681 0
-677 -267 678 0
-402 -676 677 0
-417 -202 676 0
-332 -679 680 0
-347 -395 679 0
-684 -686 687 0
-683 -65 684 0
-188 -682 683 0
-197 -202 682 0
-129 -685 686 0
-146 -180 685 0
-702 -695 701 0
-702 695 -701 0
-695 692 0
-695 694 0
-692 691 0
-692 275 0
-691 420 0
-691 690 0
-690 207 0
-690 213 0
-694 339 0
-694 693 0
-693 377 0
-693 406 0
-701 698 0
-701 700 0
-698 697 0
-698 74 0
-697 201 0
-697 696 0
-696 207 0
-696 4 0
-700 137 0
-700 699 0
-699 163 0
-699 193 0
-692 -694 695 0
-691 -275 692 0
-420 -690 691 0
-207 -213 690 0
-339 -693 694 0
-377 -406 693 0
-698 -700 701 0
-697 -74 698 0
-201 -696 697 0
-207 -4 696 0
-137 -699 700 0
-163 -193 699 0
-717 -709 716 0
-717 709 -716 0
-709 705 0
-709 708 0
-705 704 0
-705 286 0
-708 351 0
-708 707 0
-707 395 0
-707 706 0
-706 402 0
-706 420 0
-716 712 0
-716 715 0
-712 711 0
-712 86 0
-711 710 0
-711 22 0
-710 206 0
-710 428 0
-715 150 0
-715 714 0
-714 180 0
-714 713 0
-713 188 0
-713 201 0
-705 -708 709 0
-704 -286 705 0
-351 -707 708 0
-395 -706 707 0
-402 -420 706 0
-712 -715 716 0
-711 -86 712 0
-710 -22 711 0
-206 -428 710 0
-150 -714 715 0
-180 -713 714 0
-188 -201 713 0
-728 -719 727 0
-728 719 -727 0
-727 722 0
-727 726 0
-722 721 0
-722 99 0
-721 720 0
-721 31 0
-720 436 0
-720 4 0
-726 167 0
-726 725 0
-725 193 0
-725 724 0
-724 201 0
-724 723 0
-723 206 0
-723 -428 0
-722 -726 727 0
-721 -99 722 0
-720 -31 721 0
-436 -4 720 0
-167 -725 726 0
-193 -724 725 0
-201 -723 724 0
-206 428 723 0
2057 0
1 -2058 0
-5 -2058 0
-1 5 2058 0
9 -2059 0
-14 -2059 0
-9 14 2059 0
13 -2060 0
4 -2060 0
-13 -4 2060 0
18 -2061 0
-27 -2061 0
-18 27 2061 0
26 -2062 0
13 -2062 0
-26 -13 2062 0
35 -2063 0
-40 -2063 0
-35 40 2063 0
39 -2064 0
26 -2064 0
-39 -26 2064 0
48 -2065 0
-53 -2065 0
-48 53 2065 0
52 -2066 0
39 -2066 0
-52 -39 2066 0
44 -2067 0
22 -2067 0
-44 -22 2067 0
61 -2068 0
-70 -2068 0
-61 70 2068 0
57 -2069 0
31 -2069 0
-57 -31 2069 0
69 -2070 0
52 -2070 0
-69 -52 2070 0
44 -2071 0
82 -2071 0
-44 -82 2071 0
78 -2072 0
-91 -2072 0
-78 91 2072 0
69 -2073 0
90 -2073 0
-69 -90 2073 0
57 -2074 0
95 -2074 0
-57 -95 2074 0
-108 -2075 0
103 -2075 0
108 -103 2075 0
107 -2076 0
90 -2076 0
-107 -90 2076 0
-121 -2077 0
116 -2077 0
121 -116 2077 0
107 -2078 0
120 -2078 0
-107 -120 2078 0
112 -2079 0
82 -2079 0
-112 -82 2079 0
95 -2080 0
125 -2080 0
-95 -125 2080 0
-142 -2081 0
133 -2081 0
142 -133 2081 0
141 -2082 0
120 -2082 0
-141 -120 2082 0
112 -2083 0
146 -2083 0
-112 -146 2083 0
-159 -2084 0
154 -2084 0
159 -154 2084 0
158 -2085 0
141 -2085 0
-158 -141 2085 0
125 -2086 0
163 -2086 0
-125 -163 2086 0
-176 -2087 0
171 -2087 0
176 -171 2087 0
158 -2088 0
175 -2088 0
-158 -175 2088 0
-189 -2089 0
184 -2089 0
189 -184 2089 0
188 -2090 0
175 -2090 0
-188 -175 2090 0
-202 -2091 0
197 -2091 0
202 -197 2091 0
-5 -2092 0
210 -2092 0
5 -210 2092 0
-14 -2093 0
217 -2093 0
14 -217 2093 0
220 -2094 0
213 -2094 0
-220 -213 2094 0
-27 -2095 0
224 -2095 0
27 -224 2095 0
220 -2096 0
234 -2096 0
-220 -234 2096 0
-40 -2097 0
242 -2097 0
40 -242 2097 0
245 -2098 0
234 -2098 0
-245 -234 2098 0
253 -2099 0
-53 -2099 0
-253 53 2099 0
245 -2100 0
256 -2100 0
-245 -256 2100 0
249 -2101 0
227 -2101 0
-249 -227 2101 0
264 -2102 0
-70 -2102 0
-264 70 2102 0
260 -2103 0
238 -2103 0
-260 -238 2103 0
271 -2104 0
256 -2104 0
-271 -256 2104 0
249 -2105 0
282 -2105 0
-249 -282 2105 0
-91 -2106 0
279 -2106 0
91 -279 2106 0
271 -2107 0
290 -2107 0
-271 -290 2107 0
260 -2108 0
294 -2108 0
-260 -294 2108 0
-108 -2109 0
302 -2109 0
108 -302 2109 0
290 -2110 0
305 -2110 0
-290 -305 2110 0
-121 -2111 0
313 -2111 0
121 -313 2111 0
316 -2112 0
305 -2112 0
-316 -305 2112 0
134 -2113 0
213 -2113 0
-134 -213 2113 0
238 -2114 0
328 -2114 0
-238 -328 2114 0
282 -2115 0
309 -2115 0
-282 -309 2115 0
320 -2116 0
294 -2116 0
-320 -294 2116 0
336 -2117 0
-142 -2117 0
-336 142 2117 0
316 -2118 0
343 -2118 0
-316 -343 2118 0
347 -2119 0
309 -2119 0
-347 -309 2119 0
355 -2120 0
159 -2120 0
-355 -159 2120 0
227 -2121 0
359 -2121 0
-227 -359 2121 0
355 -2122 0
-159 -2122 0
-355 159 2122 0
176 -2123 0
384 -2123 0
-176 -384 2123 0
-176 -2124 0
384 -2124 0
176 -384 2124 0
369 -2125 0
391 -2125 0
-369 -391 2125 0
399 -2126 0
-189 -2126 0
-399 189 2126 0
402 -2127 0
391 -2127 0
-402 -391 2127 0
198 -2128 0
213 -2128 0
-198 -213 2128 0
417 -2129 0
-202 -2129 0
-417 202 2129 0
424 -2130 0
428 -2130 0
-424 -428 2130 0
436 -2131 0
213 -2131 0
-436 -213 2131 0
238 -2132 0
437 -2132 0
-238 -437 2132 0
298 -2133 0
438 -2133 0
-298 -438 2133 0
406 -2134 0
450 -2134 0
-406 -450 2134 0
376 -2135 0
451 -2135 0
-376 -451 2135 0
5 -2136 0
210 -2136 0
-5 -210 2136 0
1 -2137 0
5 -2137 0
-1 -5 2137 0
10 -2138 0
213 -2138 0
-10 -213 2138 0
4 -2139 0
10 -2139 0
-4 -10 2139 0
14 -2140 0
217 -2140 0
-14 -217 2140 0
213 -2141 0
466 -2141 0
-213 -466 2141 0
9 -2142 0
14 -2142 0
-9 -14 2142 0
4 -2143 0
468 -2143 0
-4 -468 2143 0
19 -2144 0
213 -2144 0
-19 -213 2144 0
220 -2145 0
472 -2145 0
-220 -472 2145 0
4 -2146 0
19 -2146 0
-4 -19 2146 0
13 -2147 0
474 -2147 0
-13 -474 2147 0
27 -2148 0
224 -2148 0
-27 -224 2148 0
227 -2149 0
478 -2149 0
-227 -478 2149 0
18 -2150 0
27 -2150 0
-18 -27 2150 0
22 -2151 0
480 -2151 0
-22 -480 2151 0
4 -2152 0
36 -2152 0
-4 -36 2152 0
31 -2153 0
486 -2153 0
-31 -486 2153 0
40 -2154 0
242 -2154 0
-40 -242 2154 0
234 -2155 0
490 -2155 0
-234 -490 2155 0
227 -2156 0
491 -2156 0
-227 -491 2156 0
35 -2157 0
40 -2157 0
-35 -40 2157 0
26 -2158 0
493 -2158 0
-26 -493 2158 0
22 -2159 0
494 -2159 0
-22 -494 2159 0
49 -2160 0
213 -2160 0
-49 -213 2160 0
245 -2161 0
498 -2161 0
-245 -498 2161 0
238 -2162 0
499 -2162 0
-238 -499 2162 0
4 -2163 0
49 -2163 0
-4 -49 2163 0
39 -2164 0
501 -2164 0
-39 -501 2164 0
31 -2165 0
502 -2165 0
-31 -502 2165 0
253 -2166 0
53 -2166 0
-253 -53 2166 0
227 -2167 0
506 -2167 0
-227 -506 2167 0
249 -2168 0
507 -2168 0
-249 -507 2168 0
48 -2169 0
53 -2169 0
-48 -53 2169 0
22 -2170 0
509 -2170 0
-22 -509 2170 0
44 -2171 0
510 -2171 0
-44 -510 2171 0
62 -2172 0
213 -2172 0
-62 -213 2172 0
238 -2173 0
514 -2173 0
-238 -514 2173 0
260 -2174 0
515 -2174 0
-260 -515 2174 0
62 -2175 0
4 -2175 0
-62 -4 2175 0
31 -2176 0
517 -2176 0
-31 -517 2176 0
57 -2177 0
518 -2177 0
-57 -518 2177 0
264 -2178 0
70 -2178 0
-264 -70 2178 0
256 -2179 0
522 -2179 0
-256 -522 2179 0
267 -2180 0
523 -2180 0
-267 -523 2180 0
61 -2181 0
70 -2181 0
-61 -70 2181 0
52 -2182 0
525 -2182 0
-52 -525 2182 0
65 -2183 0
526 -2183 0
-65 -526 2183 0
79 -2184 0
213 -2184 0
-79 -213 2184 0
271 -2185 0
530 -2185 0
-271 -530 2185 0
275 -2186 0
531 -2186 0
-275 -531 2186 0
79 -2187 0
4 -2187 0
-79 -4 2187 0
69 -2188 0
533 -2188 0
-69 -533 2188 0
74 -2189 0
534 -2189 0
-74 -534 2189 0
91 -2190 0
279 -2190 0
-91 -279 2190 0
227 -2191 0
538 -2191 0
-227 -538 2191 0
286 -2192 0
539 -2192 0
-286 -539 2192 0
78 -2193 0
91 -2193 0
-78 -91 2193 0
22 -2194 0
541 -2194 0
-22 -541 2194 0
86 -2195 0
542 -2195 0
-86 -542 2195 0
104 -2196 0
213 -2196 0
-104 -213 2196 0
238 -2197 0
546 -2197 0
-238 -546 2197 0
298 -2198 0
547 -2198 0
-298 -547 2198 0
104 -2199 0
4 -2199 0
-104 -4 2199 0
31 -2200 0
549 -2200 0
-31 -549 2200 0
99 -2201 0
550 -2201 0
-99 -550 2201 0
108 -2202 0
302 -2202 0
-108 -302 2202 0
290 -2203 0
554 -2203 0
-290 -554 2203 0
282 -2204 0
555 -2204 0
-282 -555 2204 0
267 -2205 0
556 -2205 0
-267 -556 2205 0
108 -2206 0
103 -2206 0
-108 -103 2206 0
90 -2207 0
558 -2207 0
-90 -558 2207 0
82 -2208 0
559 -2208 0
-82 -559 2208 0
65 -2209 0
560 -2209 0
-65 -560 2209 0
117 -2210 0
213 -2210 0
-117 -213 2210 0
305 -2211 0
564 -2211 0
-305 -564 2211 0
294 -2212 0
565 -2212 0
-294 -565 2212 0
275 -2213 0
566 -2213 0
-275 -566 2213 0
117 -2214 0
4 -2214 0
-117 -4 2214 0
107 -2215 0
568 -2215 0
-107 -568 2215 0
95 -2216 0
569 -2216 0
-95 -569 2216 0
74 -2217 0
570 -2217 0
-74 -570 2217 0
121 -2218 0
313 -2218 0
-121 -313 2218 0
227 -2219 0
574 -2219 0
-227 -574 2219 0
309 -2220 0
575 -2220 0
-309 -575 2220 0
286 -2221 0
576 -2221 0
-286 -576 2221 0
121 -2222 0
116 -2222 0
-121 -116 2222 0
22 -2223 0
578 -2223 0
-22 -578 2223 0
112 -2224 0
579 -2224 0
-112 -579 2224 0
86 -2225 0
580 -2225 0
-86 -580 2225 0
134 -2226 0
4 -2226 0
-134 -4 2226 0
31 -2227 0
586 -2227 0
-31 -586 2227 0
125 -2228 0
587 -2228 0
-125 -587 2228 0
99 -2229 0
588 -2229 0
-99 -588 2229 0
336 -2230 0
142 -2230 0
-336 -142 2230 0
316 -2231 0
592 -2231 0
-316 -592 2231 0
267 -2232 0
593 -2232 0
-267 -593 2232 0
-332 -2233 0
-594 -2233 0
332 594 2233 0
142 -2234 0
133 -2234 0
-142 -133 2234 0
120 -2235 0
596 -2235 0
-120 -596 2235 0
65 -2236 0
597 -2236 0
-65 -597 2236 0
129 -2237 0
598 -2237 0
-129 -598 2237 0
155 -2238 0
213 -2238 0
-155 -213 2238 0
343 -2239 0
602 -2239 0
-343 -602 2239 0
275 -2240 0
603 -2240 0
-275 -603 2240 0
339 -2241 0
604 -2241 0
-339 -604 2241 0
155 -2242 0
4 -2242 0
-155 -4 2242 0
141 -2243 0
606 -2243 0
-141 -606 2243 0
74 -2244 0
607 -2244 0
-74 -607 2244 0
137 -2245 0
608 -2245 0
-137 -608 2245 0
159 -2246 0
154 -2246 0
-159 -154 2246 0
22 -2247 0
614 -2247 0
-22 -614 2247 0
86 -2248 0
615 -2248 0
-86 -615 2248 0
150 -2249 0
616 -2249 0
-150 -616 2249 0
172 -2250 0
213 -2250 0
-172 -213 2250 0
238 -2251 0
620 -2251 0
-238 -620 2251 0
298 -2252 0
621 -2252 0
-298 -621 2252 0
376 -2253 0
622 -2253 0
-376 -622 2253 0
172 -2254 0
4 -2254 0
-172 -4 2254 0
31 -2255 0
624 -2255 0
-31 -624 2255 0
99 -2256 0
625 -2256 0
-99 -625 2256 0
167 -2257 0
626 -2257 0
-167 -626 2257 0
332 -2258 0
267 -2258 0
-332 -267 2258 0
631 -2259 0
632 -2259 0
-631 -632 2259 0
176 -2260 0
171 -2260 0
-176 -171 2260 0
158 -2261 0
634 -2261 0
-158 -634 2261 0
146 -2262 0
635 -2262 0
-146 -635 2262 0
65 -2263 0
129 -2263 0
-65 -129 2263 0
636 -2264 0
637 -2264 0
-636 -637 2264 0
185 -2265 0
213 -2265 0
-185 -213 2265 0
391 -2266 0
641 -2266 0
-391 -641 2266 0
339 -2267 0
275 -2267 0
-339 -275 2267 0
643 -2268 0
644 -2268 0
-643 -644 2268 0
185 -2269 0
4 -2269 0
-185 -4 2269 0
175 -2270 0
646 -2270 0
-175 -646 2270 0
163 -2271 0
647 -2271 0
-163 -647 2271 0
74 -2272 0
137 -2272 0
-74 -137 2272 0
648 -2273 0
649 -2273 0
-648 -649 2273 0
399 -2274 0
189 -2274 0
-399 -189 2274 0
227 -2275 0
653 -2275 0
-227 -653 2275 0
395 -2276 0
654 -2276 0
-395 -654 2276 0
351 -2277 0
286 -2277 0
-351 -286 2277 0
655 -2278 0
656 -2278 0
-655 -656 2278 0
189 -2279 0
184 -2279 0
-189 -184 2279 0
22 -2280 0
658 -2280 0
-22 -658 2280 0
180 -2281 0
659 -2281 0
-180 -659 2281 0
86 -2282 0
150 -2282 0
-86 -150 2282 0
660 -2283 0
661 -2283 0
-660 -661 2283 0
376 -2284 0
298 -2284 0
-376 -298 2284 0
666 -2285 0
667 -2285 0
-666 -667 2285 0
198 -2286 0
4 -2286 0
-198 -4 2286 0
31 -2287 0
669 -2287 0
-31 -669 2287 0
193 -2288 0
670 -2288 0
-193 -670 2288 0
99 -2289 0
167 -2289 0
-99 -167 2289 0
671 -2290 0
672 -2290 0
-671 -672 2290 0
417 -2291 0
202 -2291 0
-417 -202 2291 0
402 -2292 0
676 -2292 0
-402 -676 2292 0
267 -2293 0
677 -2293 0
-267 -677 2293 0
347 -2294 0
395 -2294 0
-347 -395 2294 0
332 -2295 0
679 -2295 0
-332 -679 2295 0
678 -2296 0
680 -2296 0
-678 -680 2296 0
202 -2297 0
197 -2297 0
-202 -197 2297 0
188 -2298 0
682 -2298 0
-188 -682 2298 0
65 -2299 0
683 -2299 0
-65 -683 2299 0
180 -2300 0
146 -2300 0
-180 -146 2300 0
129 -2301 0
685 -2301 0
-129 -685 2301 0
684 -2302 0
686 -2302 0
-684 -686 2302 0
207 -2303 0
213 -2303 0
-207 -213 2303 0
420 -2304 0
690 -2304 0
-420 -690 2304 0
275 -2305 0
691 -2305 0
-275 -691 2305 0
339 -2306 0
693 -2306 0
-339 -693 2306 0
692 -2307 0
694 -2307 0
-692 -694 2307 0
207 -2308 0
4 -2308 0
-207 -4 2308 0
201 -2309 0
696 -2309 0
-201 -696 2309 0
74 -2310 0
697 -2310 0
-74 -697 2310 0
193 -2311 0
163 -2311 0
-193 -163 2311 0
137 -2312 0
699 -2312 0
-137 -699 2312 0
698 -2313 0
700 -2313 0
-698 -700 2313 0
402 -2314 0
420 -2314 0
-402 -420 2314 0
395 -2315 0
706 -2315 0
-395 -706 2315 0
351 -2316 0
707 -2316 0
-351 -707 2316 0
705 -2317 0
708 -2317 0
-705 -708 2317 0
428 -2318 0
206 -2318 0
-428 -206 2318 0
22 -2319 0
710 -2319 0
-22 -710 2319 0
86 -2320 0
711 -2320 0
-86 -711 2320 0
201 -2321 0
188 -2321 0
-201 -188 2321 0
180 -2322 0
713 -2322 0
-180 -713 2322 0
150 -2323 0
714 -2323 0
-150 -714 2323 0
712 -2324 0
715 -2324 0
-712 -715 2324 0
4 -2325 0
436 -2325 0
-4 -436 2325 0
31 -2326 0
720 -2326 0
-31 -720 2326 0
99 -2327 0
721 -2327 0
-99 -721 2327 0
-428 -2328 0
206 -2328 0
428 -206 2328 0
201 -2329 0
723 -2329 0
-201 -723 2329 0
193 -2330 0
724 -2330 0
-193 -724 2330 0
167 -2331 0
725 -2331 0
-167 -725 2331 0
722 -2332 0
726 -2332 0
-722 -726 2332 0
