c defined variables: 6 15 23 28 32 41 45 54 58 66 71 75 83 87 92 96 100 109 113 122 126 130 138 143 147 151 160 164 168 177 181 190 194 203 214 221 228 232 236 243 247 254 258 265 269 273 280 284 288 292 296 303 307 314 318 322 329 333 337 341 348 352 356 363 367 374 378 391 400 401 404 405 408 409 410 411 414 415 416 417 420 421 422 423 426 427 428 429 432 433 434 435 436 437 440 441 442 443 444 445 448 449 450 451 452 453 456 457 458 459 460 461 464 465 466 467 468 469 472 473 474 475 476 477 480 481 482 483 484 485 488 489 490 491 492 493 496 497 498 499 500 501 502 503 506 507 508 509 510 511 512 513 516 517 518 519 520 521 522 523 526 527 528 529 530 531 532 533 536 537 538 539 540 541 542 543 546 547 548 549 550 551 552 553 556 557 558 559 560 561 562 563 566 567 568 569 570 571 572 573 576 577 578 579 580 581 582 583 584 585 588 589 590 591 592 593 594 595 596 597 600 601 602 603 604 605 606 607 608 609 612 613 614 615 616 617 618 619 620 621 624 625 626 629 630 631 632 633 634 635 638 639 640 641 642 643 644 645 646 647 648 649 653 654 655 656 657 658 659 660 661 662 663 664 665 666 670 671 672 673 674 675 676 677 678 679 680 681 682 683 684 685 688 
p cnf 2288 2769
a 370 325 321 332 328 336 340 355 344 347 351 253 257 250 246 74 78 65 69 52 61 48 57 39 44 121 134 377 373 366 264 359 362 53 62 70 79 91 104 108 117 272 381 384 268 283 276 207 202 185 176 198 189 155 142 172 159 26 35 13 18 22 31 1 4 9 652 669 261 317 313 387 279 295 291 287 299 302 306 310 206 201 193 184 197 188 171 158 180 175 40 49 5 10 2 27 36 14 19 217 220 210 213 235 231 224 227 239 242 112 107 103 90 95 99 82 86 125 116 394 390 141 150 146 154 120 129 133 137 167 163 0
e 3 7 8 11 12 16 17 20 21 24 25 29 30 33 34 37 38 42 43 46 47 50 51 55 56 59 60 63 64 67 68 72 73 76 77 80 81 84 85 88 89 93 94 97 98 101 102 105 106 110 111 114 115 118 119 123 124 127 128 131 132 135 136 139 140 144 145 148 149 152 153 156 157 161 162 165 166 169 170 173 174 178 179 182 183 186 187 191 192 195 196 199 200 204 205 208 209 211 212 215 216 218 219 222 223 225 226 229 230 233 234 237 238 240 241 244 245 248 249 251 252 255 256 259 260 262 263 266 267 270 271 274 275 277 278 281 282 285 286 289 290 293 294 297 298 300 301 304 305 308 309 311 312 315 316 319 320 323 324 326 327 330 331 334 335 338 339 342 343 345 346 349 350 353 354 357 358 360 361 364 365 368 369 371 372 375 376 379 380 382 383 385 386 388 389 392 393 395 396 397 398 399 402 403 406 407 412 413 418 419 424 425 430 431 438 439 446 447 454 455 462 463 470 471 478 479 486 487 494 495 504 505 514 515 524 525 534 535 544 545 554 555 564 565 574 575 586 587 598 599 610 611 622 623 628 636 637 650 651 667 668 686 687 6 15 23 28 32 41 45 54 58 66 71 75 83 87 92 96 100 109 113 122 126 130 138 143 147 151 160 164 168 177 181 190 194 203 214 221 228 232 236 243 247 254 258 265 269 273 280 284 288 292 296 303 307 314 318 322 329 333 337 341 348 352 356 363 367 374 378 391 400 401 404 405 408 409 410 411 414 415 416 417 420 421 422 423 426 427 428 429 432 433 434 435 436 437 440 441 442 443 444 445 448 449 450 451 452 453 456 457 458 459 460 461 464 465 466 467 468 469 472 473 474 475 476 477 480 481 482 483 484 485 488 489 490 491 492 493 496 497 498 499 500 501 502 503 506 507 508 509 510 511 512 513 516 517 518 519 520 521 522 523 526 527 528 529 530 531 532 533 536 537 538 539 540 541 542 543 546 547 548 549 550 551 552 553 556 557 558 559 560 561 562 563 566 567 568 569 570 571 572 573 576 577 578 579 580 581 582 583 584 585 588 589 590 591 592 593 594 595 596 597 600 601 602 603 604 605 606 607 608 609 612 613 614 615 616 617 618 619 620 621 624 625 626 629 630 631 632 633 634 635 638 639 640 641 642 643 644 645 646 647 648 649 653 654 655 656 657 658 659 660 661 662 663 664 665 666 670 671 672 673 674 675 676 677 678 679 680 681 682 683 684 685 688 1996 1997 1998 1999 2000 2001 2002 2003 2004 2005 2006 2007 2008 2009 2010 2011 2012 2013 2014 2015 2016 2017 2018 2019 2020 2021 2022 2023 2024 2025 2026 2027 2028 2029 2030 2031 2032 2033 2034 2035 2036 2037 2038 2039 2040 2041 2042 2043 2044 2045 2046 2047 2048 2049 2050 2051 2052 2053 2054 2055 2056 2057 2058 2059 2060 2061 2062 2063 2064 2065 2066 2067 2068 2069 2070 2071 2072 2073 2074 2075 2076 2077 2078 2079 2080 2081 2082 2083 2084 2085 2086 2087 2088 2089 2090 2091 2092 2093 2094 2095 2096 2097 2098 2099 2100 2101 2102 2103 2104 2105 2106 2107 2108 2109 2110 2111 2112 2113 2114 2115 2116 2117 2118 2119 2120 2121 2122 2123 2124 2125 2126 2127 2128 2129 2130 2131 2132 2133 2134 2135 2136 2137 2138 2139 2140 2141 2142 2143 2144 2145 2146 2147 2148 2149 2150 2151 2152 2153 2154 2155 2156 2157 2158 2159 2160 2161 2162 2163 2164 2165 2166 2167 2168 2169 2170 2171 2172 2173 2174 2175 2176 2177 2178 2179 2180 2181 2182 2183 2184 2185 2186 2187 2188 2189 2190 2191 2192 2193 2194 2195 2196 2197 2198 2199 2200 2201 2202 2203 2204 2205 2206 2207 2208 2209 2210 2211 2212 2213 2214 2215 2216 2217 2218 2219 2220 2221 2222 2223 2224 2225 2226 2227 2228 2229 2230 2231 2232 2233 2234 2235 2236 2237 2238 2239 2240 2241 2242 2243 2244 2245 2246 2247 2248 2249 2250 2251 2252 2253 2254 2255 2256 2257 2258 2259 2260 2261 2262 2263 2264 2265 2266 2267 2268 2269 2270 2271 2272 2273 2274 2275 2276 2277 2278 2279 2280 2281 2282 2283 2284 2285 2286 2287 2288 0
d 627 384 387 0
1997 -6 0
-1997 6 0
1998 -15 0
-1998 15 0
1999 -23 0
-1999 23 0
2000 -28 0
-2000 28 0
2001 -32 0
-2001 32 0
2002 -41 0
-2002 41 0
2003 -45 0
-2003 45 0
2004 -54 0
-2004 54 0
2005 -58 0
-2005 58 0
2006 -66 0
-2006 66 0
2007 -71 0
-2007 71 0
2008 -75 0
-2008 75 0
2009 -83 0
-2009 83 0
2010 -87 0
-2010 87 0
2011 -92 0
-2011 92 0
2012 -96 0
-2012 96 0
2013 -100 0
-2013 100 0
2014 -109 0
-2014 109 0
2015 -113 0
-2015 113 0
2016 -122 0
-2016 122 0
2017 -126 0
-2017 126 0
2018 -130 0
-2018 130 0
2019 -138 0
-2019 138 0
2020 -143 0
-2020 143 0
2021 -147 0
-2021 147 0
2022 -151 0
-2022 151 0
2023 -160 0
-2023 160 0
2024 -164 0
-2024 164 0
2025 -168 0
-2025 168 0
2026 -177 0
-2026 177 0
2027 -181 0
-2027 181 0
2028 -190 0
-2028 190 0
2029 -194 0
-2029 194 0
2030 -203 0
-2030 203 0
2031 -214 0
-2031 214 0
2032 -221 0
-2032 221 0
2033 -228 0
-2033 228 0
2034 -232 0
-2034 232 0
2035 -236 0
-2035 236 0
2036 -243 0
-2036 243 0
2037 -247 0
-2037 247 0
2038 -254 0
-2038 254 0
2039 -258 0
-2039 258 0
2040 -265 0
-2040 265 0
2041 -269 0
-2041 269 0
2042 -273 0
-2042 273 0
2043 -280 0
-2043 280 0
2044 -284 0
-2044 284 0
2045 -288 0
-2045 288 0
2046 -292 0
-2046 292 0
2047 -296 0
-2047 296 0
2048 -303 0
-2048 303 0
2049 -307 0
-2049 307 0
2050 -314 0
-2050 314 0
2051 -318 0
-2051 318 0
2052 -322 0
-2052 322 0
2053 -329 0
-2053 329 0
2054 -333 0
-2054 333 0
2055 -337 0
-2055 337 0
2056 -341 0
-2056 341 0
2057 -348 0
-2057 348 0
2058 -352 0
-2058 352 0
2059 -356 0
-2059 356 0
2060 -363 0
-2060 363 0
2061 -367 0
-2061 367 0
2062 -374 0
-2062 374 0
2063 -378 0
-2063 378 0
2064 -391 0
-2064 391 0
2065 -400 0
-2065 400 0
2066 -401 0
-2066 401 0
2067 -404 0
-2067 404 0
2068 -405 0
-2068 405 0
2069 -408 0
-2069 408 0
2070 -409 0
-2070 409 0
2071 -410 0
-2071 410 0
2072 -411 0
-2072 411 0
2073 -414 0
-2073 414 0
2074 -415 0
-2074 415 0
2075 -416 0
-2075 416 0
2076 -417 0
-2076 417 0
2077 -420 0
-2077 420 0
2078 -421 0
-2078 421 0
2079 -422 0
-2079 422 0
2080 -423 0
-2080 423 0
2081 -426 0
-2081 426 0
2082 -427 0
-2082 427 0
2083 -428 0
-2083 428 0
2084 -429 0
-2084 429 0
2085 -432 0
-2085 432 0
2086 -433 0
-2086 433 0
2087 -434 0
-2087 434 0
2088 -435 0
-2088 435 0
2089 -436 0
-2089 436 0
2090 -437 0
-2090 437 0
2091 -440 0
-2091 440 0
2092 -441 0
-2092 441 0
2093 -442 0
-2093 442 0
2094 -443 0
-2094 443 0
2095 -444 0
-2095 444 0
2096 -445 0
-2096 445 0
2097 -448 0
-2097 448 0
2098 -449 0
-2098 449 0
2099 -450 0
-2099 450 0
2100 -451 0
-2100 451 0
2101 -452 0
-2101 452 0
2102 -453 0
-2102 453 0
2103 -456 0
-2103 456 0
2104 -457 0
-2104 457 0
2105 -458 0
-2105 458 0
2106 -459 0
-2106 459 0
2107 -460 0
-2107 460 0
2108 -461 0
-2108 461 0
2109 -464 0
-2109 464 0
2110 -465 0
-2110 465 0
2111 -466 0
-2111 466 0
2112 -467 0
-2112 467 0
2113 -468 0
-2113 468 0
2114 -469 0
-2114 469 0
2115 -472 0
-2115 472 0
2116 -473 0
-2116 473 0
2117 -474 0
-2117 474 0
2118 -475 0
-2118 475 0
2119 -476 0
-2119 476 0
2120 -477 0
-2120 477 0
2121 -480 0
-2121 480 0
2122 -481 0
-2122 481 0
2123 -482 0
-2123 482 0
2124 -483 0
-2124 483 0
2125 -484 0
-2125 484 0
2126 -485 0
-2126 485 0
2127 -488 0
-2127 488 0
2128 -489 0
-2128 489 0
2129 -490 0
-2129 490 0
2130 -491 0
-2130 491 0
2131 -492 0
-2131 492 0
2132 -493 0
-2132 493 0
2133 -496 0
-2133 496 0
2134 -497 0
-2134 497 0
2135 -498 0
-2135 498 0
2136 -499 0
-2136 499 0
2137 -500 0
-2137 500 0
2138 -501 0
-2138 501 0
2139 -502 0
-2139 502 0
2140 -503 0
-2140 503 0
2141 -506 0
-2141 506 0
2142 -507 0
-2142 507 0
2143 -508 0
-2143 508 0
2144 -509 0
-2144 509 0
2145 -510 0
-2145 510 0
2146 -511 0
-2146 511 0
2147 -512 0
-2147 512 0
2148 -513 0
-2148 513 0
2149 -516 0
-2149 516 0
2150 -517 0
-2150 517 0
2151 -518 0
-2151 518 0
2152 -519 0
-2152 519 0
2153 -520 0
-2153 520 0
2154 -521 0
-2154 521 0
2155 -522 0
-2155 522 0
2156 -523 0
-2156 523 0
2157 -526 0
-2157 526 0
2158 -527 0
-2158 527 0
2159 -528 0
-2159 528 0
2160 -529 0
-2160 529 0
2161 -530 0
-2161 530 0
2162 -531 0
-2162 531 0
2163 -532 0
-2163 532 0
2164 -533 0
-2164 533 0
2165 -536 0
-2165 536 0
2166 -537 0
-2166 537 0
2167 -538 0
-2167 538 0
2168 -539 0
-2168 539 0
2169 -540 0
-2169 540 0
2170 -541 0
-2170 541 0
2171 -542 0
-2171 542 0
2172 -543 0
-2172 543 0
2173 -546 0
-2173 546 0
2174 -547 0
-2174 547 0
2175 -548 0
-2175 548 0
2176 -549 0
-2176 549 0
2177 -550 0
-2177 550 0
2178 -551 0
-2178 551 0
2179 -552 0
-2179 552 0
2180 -553 0
-2180 553 0
2181 -556 0
-2181 556 0
2182 -557 0
-2182 557 0
2183 -558 0
-2183 558 0
2184 -559 0
-2184 559 0
2185 -560 0
-2185 560 0
2186 -561 0
-2186 561 0
2187 -562 0
-2187 562 0
2188 -563 0
-2188 563 0
2189 -566 0
-2189 566 0
2190 -567 0
-2190 567 0
2191 -568 0
-2191 568 0
2192 -569 0
-2192 569 0
2193 -570 0
-2193 570 0
2194 -571 0
-2194 571 0
2195 -572 0
-2195 572 0
2196 -573 0
-2196 573 0
2197 -576 0
-2197 576 0
2198 -577 0
-2198 577 0
2199 -578 0
-2199 578 0
2200 -579 0
-2200 579 0
2201 -580 0
-2201 580 0
2202 -581 0
-2202 581 0
2203 -582 0
-2203 582 0
2204 -583 0
-2204 583 0
2205 -584 0
-2205 584 0
2206 -585 0
-2206 585 0
2207 -588 0
-2207 588 0
2208 -589 0
-2208 589 0
2209 -590 0
-2209 590 0
2210 -591 0
-2210 591 0
2211 -592 0
-2211 592 0
2212 -593 0
-2212 593 0
2213 -594 0
-2213 594 0
2214 -595 0
-2214 595 0
2215 -596 0
-2215 596 0
2216 -597 0
-2216 597 0
2217 -600 0
-2217 600 0
2218 -601 0
-2218 601 0
2219 -602 0
-2219 602 0
2220 -603 0
-2220 603 0
2221 -604 0
-2221 604 0
2222 -605 0
-2222 605 0
2223 -606 0
-2223 606 0
2224 -607 0
-2224 607 0
2225 -608 0
-2225 608 0
2226 -609 0
-2226 609 0
2227 -612 0
-2227 612 0
2228 -613 0
-2228 613 0
2229 -614 0
-2229 614 0
2230 -615 0
-2230 615 0
2231 -616 0
-2231 616 0
2232 -617 0
-2232 617 0
2233 -618 0
-2233 618 0
2234 -619 0
-2234 619 0
2235 -620 0
-2235 620 0
2236 -621 0
-2236 621 0
2237 -624 0
-2237 624 0
2238 -625 0
-2238 625 0
2239 -626 0
-2239 626 0
2240 -629 0
-2240 629 0
2241 -630 0
-2241 630 0
2242 -631 0
-2242 631 0
2243 -632 0
-2243 632 0
2244 -633 0
-2244 633 0
2245 -634 0
-2245 634 0
2246 -635 0
-2246 635 0
2247 -638 0
-2247 638 0
2248 -639 0
-2248 639 0
2249 -640 0
-2249 640 0
2250 -641 0
-2250 641 0
2251 -642 0
-2251 642 0
2252 -643 0
-2252 643 0
2253 -644 0
-2253 644 0
2254 -645 0
-2254 645 0
2255 -646 0
-2255 646 0
2256 -647 0
-2256 647 0
2257 -648 0
-2257 648 0
2258 -649 0
-2258 649 0
2259 -653 0
-2259 653 0
2260 -654 0
-2260 654 0
2261 -655 0
-2261 655 0
2262 -656 0
-2262 656 0
2263 -657 0
-2263 657 0
2264 -658 0
-2264 658 0
2265 -659 0
-2265 659 0
2266 -660 0
-2266 660 0
2267 -661 0
-2267 661 0
2268 -662 0
-2268 662 0
2269 -663 0
-2269 663 0
2270 -664 0
-2270 664 0
2271 -665 0
-2271 665 0
2272 -666 0
-2272 666 0
2273 -670 0
-2273 670 0
2274 -671 0
-2274 671 0
2275 -672 0
-2275 672 0
2276 -673 0
-2276 673 0
2277 -674 0
-2277 674 0
2278 -675 0
-2278 675 0
2279 -676 0
-2279 676 0
2280 -677 0
-2280 677 0
2281 -678 0
-2281 678 0
2282 -679 0
-2282 679 0
2283 -680 0
-2283 680 0
2284 -681 0
-2284 681 0
2285 -682 0
-2285 682 0
2286 -683 0
-2286 683 0
2287 -684 0
-2287 684 0
2288 -685 0
-2288 685 0
1996 -688 0
-1996 688 0
688 0
-688 396 687 0
-396 393 -395 0
-393 389 -392 0
-389 386 -388 0
-386 383 -385 0
-383 380 -382 0
-380 376 -379 0
-376 372 -375 0
-372 369 -371 0
-369 365 -368 0
-365 361 -364 0
-361 358 -360 0
-358 354 -357 0
-354 350 -353 0
-350 346 -349 0
-346 343 -345 0
-343 339 -342 0
-339 335 -338 0
-335 331 -334 0
-331 327 -330 0
-327 324 -326 0
-324 320 -323 0
-320 316 -319 0
-316 312 -315 0
-312 309 -311 0
-309 305 -308 0
-305 301 -304 0
-301 298 -300 0
-298 294 -297 0
-294 290 -293 0
-290 286 -289 0
-286 282 -285 0
-282 278 -281 0
-278 275 -277 0
-275 271 -274 0
-271 267 -270 0
-267 263 -266 0
-263 260 -262 0
-260 256 -259 0
-256 252 -255 0
-252 249 -251 0
-249 245 -248 0
-245 241 -244 0
-241 238 -240 0
-238 234 -237 0
-234 230 -233 0
-230 226 -229 0
-226 223 -225 0
-223 219 -222 0
-219 216 -218 0
-216 212 -215 0
-212 209 -211 0
-209 205 -208 0
-205 200 -204 0
-200 196 -199 0
-196 192 -195 0
-192 187 -191 0
-187 183 -186 0
-183 179 -182 0
-179 174 -178 0
-174 170 -173 0
-170 166 -169 0
-166 162 -165 0
-162 157 -161 0
-157 153 -156 0
-153 149 -152 0
-149 145 -148 0
-145 140 -144 0
-140 136 -139 0
-136 132 -135 0
-132 128 -131 0
-128 124 -127 0
-124 119 -123 0
-119 115 -118 0
-115 111 -114 0
-111 106 -110 0
-106 102 -105 0
-102 98 -101 0
-98 94 -97 0
-94 89 -93 0
-89 85 -88 0
-85 81 -84 0
-81 77 -80 0
-77 73 -76 0
-73 68 -72 0
-68 64 -67 0
-64 60 -63 0
-60 56 -59 0
-56 51 -55 0
-51 47 -50 0
-47 43 -46 0
-43 38 -42 0
-38 34 -37 0
-34 30 -33 0
-30 25 -29 0
-25 21 -24 0
-21 17 -20 0
-17 12 -16 0
-12 8 -11 0
-8 -3 -7 0
1 -2 3 0
-1 2 3 0
4 6 7 0
-4 -6 7 0
-1 5 6 0
-6 1 0
-6 -5 0
9 -10 11 0
-9 10 11 0
13 15 16 0
-13 -15 16 0
-9 14 15 0
-15 9 0
-15 -14 0
18 -19 20 0
-18 19 20 0
22 23 24 0
-22 -23 24 0
-4 -13 23 0
-23 4 0
-23 13 0
26 28 29 0
-26 -28 29 0
-18 27 28 0
-28 18 0
-28 -27 0
31 32 33 0
-31 -32 33 0
-13 -26 32 0
-32 13 0
-32 26 0
35 -36 37 0
-35 36 37 0
39 41 42 0
-39 -41 42 0
-35 40 41 0
-41 35 0
-41 -40 0
44 45 46 0
-44 -45 46 0
-26 -39 45 0
-45 26 0
-45 39 0
48 -49 50 0
-48 49 50 0
52 54 55 0
-52 -54 55 0
-48 53 54 0
-54 48 0
-54 -53 0
57 58 59 0
-57 -58 59 0
-39 -52 58 0
-58 39 0
-58 52 0
61 -62 63 0
-61 62 63 0
65 66 67 0
-65 -66 67 0
-22 -44 66 0
-66 22 0
-66 44 0
69 71 72 0
-69 -71 72 0
-61 70 71 0
-71 61 0
-71 -70 0
74 75 76 0
-74 -75 76 0
-31 -57 75 0
-75 31 0
-75 57 0
78 -79 80 0
-78 79 80 0
82 83 84 0
-82 -83 84 0
-52 -69 83 0
-83 52 0
-83 69 0
86 87 88 0
-86 -87 88 0
-44 -82 87 0
-87 44 0
-87 82 0
90 92 93 0
-90 -92 93 0
-78 91 92 0
-92 78 0
-92 -91 0
95 96 97 0
-95 -96 97 0
-69 -90 96 0
-96 69 0
-96 90 0
99 100 101 0
-99 -100 101 0
-57 -95 100 0
-100 57 0
-100 95 0
103 -104 105 0
-103 104 105 0
107 109 110 0
-107 -109 110 0
-103 108 109 0
-109 103 0
-109 -108 0
112 113 114 0
-112 -113 114 0
-90 -107 113 0
-113 90 0
-113 107 0
116 -117 118 0
-116 117 118 0
120 122 123 0
-120 -122 123 0
-116 121 122 0
-122 116 0
-122 -121 0
125 126 127 0
-125 -126 127 0
-107 -120 126 0
-126 107 0
-126 120 0
129 130 131 0
-129 -130 131 0
-82 -112 130 0
-130 82 0
-130 112 0
133 -134 135 0
-133 134 135 0
137 138 139 0
-137 -138 139 0
-95 -125 138 0
-138 95 0
-138 125 0
141 143 144 0
-141 -143 144 0
-133 142 143 0
-143 133 0
-143 -142 0
146 147 148 0
-146 -147 148 0
-120 -141 147 0
-147 120 0
-147 141 0
150 151 152 0
-150 -151 152 0
-112 -146 151 0
-151 112 0
-151 146 0
154 -155 156 0
-154 155 156 0
158 160 161 0
-158 -160 161 0
-154 159 160 0
-160 154 0
-160 -159 0
163 164 165 0
-163 -164 165 0
-141 -158 164 0
-164 141 0
-164 158 0
167 168 169 0
-167 -168 169 0
-125 -163 168 0
-168 125 0
-168 163 0
171 -172 173 0
-171 172 173 0
175 177 178 0
-175 -177 178 0
-171 176 177 0
-177 171 0
-177 -176 0
180 181 182 0
-180 -181 182 0
-158 -175 181 0
-181 158 0
-181 175 0
184 -185 186 0
-184 185 186 0
188 190 191 0
-188 -190 191 0
-184 189 190 0
-190 184 0
-190 -189 0
193 194 195 0
-193 -194 195 0
-175 -188 194 0
-194 175 0
-194 188 0
197 -198 199 0
-197 198 199 0
201 203 204 0
-201 -203 204 0
-197 202 203 0
-203 197 0
-203 -202 0
206 -207 208 0
-206 207 208 0
210 -2 211 0
-210 2 211 0
213 214 215 0
-213 -214 215 0
-210 5 214 0
-214 210 0
-214 -5 0
217 -10 218 0
-217 10 218 0
220 221 222 0
-220 -221 222 0
-217 14 221 0
-221 217 0
-221 -14 0
224 -19 225 0
-224 19 225 0
227 228 229 0
-227 -228 229 0
-213 -220 228 0
-228 213 0
-228 220 0
231 232 233 0
-231 -232 233 0
-224 27 232 0
-232 224 0
-232 -27 0
235 236 237 0
-235 -236 237 0
-220 -231 236 0
-236 220 0
-236 231 0
239 -36 240 0
-239 36 240 0
242 243 244 0
-242 -243 244 0
-239 40 243 0
-243 239 0
-243 -40 0
246 247 248 0
-246 -247 248 0
-231 -242 247 0
-247 231 0
-247 242 0
250 -49 251 0
-250 49 251 0
253 254 255 0
-253 -254 255 0
-250 53 254 0
-254 250 0
-254 -53 0
257 258 259 0
-257 -258 259 0
-242 -253 258 0
-258 242 0
-258 253 0
261 -62 262 0
-261 62 262 0
264 265 266 0
-264 -265 266 0
-227 -246 265 0
-265 227 0
-265 246 0
268 269 270 0
-268 -269 270 0
-261 70 269 0
-269 261 0
-269 -70 0
272 273 274 0
-272 -273 274 0
-235 -257 273 0
-273 235 0
-273 257 0
276 -79 277 0
-276 79 277 0
279 280 281 0
-279 -280 281 0
-253 -268 280 0
-280 253 0
-280 268 0
283 284 285 0
-283 -284 285 0
-246 -279 284 0
-284 246 0
-284 279 0
287 288 289 0
-287 -288 289 0
-276 91 288 0
-288 276 0
-288 -91 0
291 292 293 0
-291 -292 293 0
-268 -287 292 0
-292 268 0
-292 287 0
295 296 297 0
-295 -296 297 0
-257 -291 296 0
-296 257 0
-296 291 0
299 -104 300 0
-299 104 300 0
302 303 304 0
-302 -303 304 0
-299 108 303 0
-303 299 0
-303 -108 0
306 307 308 0
-306 -307 308 0
-287 -302 307 0
-307 287 0
-307 302 0
310 -117 311 0
-310 117 311 0
313 314 315 0
-313 -314 315 0
-310 121 314 0
-314 310 0
-314 -121 0
317 318 319 0
-317 -318 319 0
-302 -313 318 0
-318 302 0
-318 313 0
321 322 323 0
-321 -322 323 0
-279 -306 322 0
-322 279 0
-322 306 0
325 -134 326 0
-325 134 326 0
328 329 330 0
-328 -329 330 0
-291 -317 329 0
-329 291 0
-329 317 0
332 333 334 0
-332 -333 334 0
-325 142 333 0
-333 325 0
-333 -142 0
336 337 338 0
-336 -337 338 0
-313 -332 337 0
-337 313 0
-337 332 0
340 341 342 0
-340 -341 342 0
-306 -336 341 0
-341 306 0
-341 336 0
344 -155 345 0
-344 155 345 0
347 348 349 0
-347 -348 349 0
-344 159 348 0
-348 344 0
-348 -159 0
351 352 353 0
-351 -352 353 0
-332 -347 352 0
-352 332 0
-352 347 0
355 356 357 0
-355 -356 357 0
-317 -351 356 0
-356 317 0
-356 351 0
359 -172 360 0
-359 172 360 0
362 363 364 0
-362 -363 364 0
-359 176 363 0
-363 359 0
-363 -176 0
366 367 368 0
-366 -367 368 0
-347 -362 367 0
-367 347 0
-367 362 0
370 -185 371 0
-370 185 371 0
373 374 375 0
-373 -374 375 0
-370 189 374 0
-374 370 0
-374 -189 0
377 378 379 0
-377 -378 379 0
-362 -373 378 0
-378 362 0
-378 373 0
381 -198 382 0
-381 198 382 0
384 336 385 0
-384 -336 385 0
387 366 388 0
-387 -366 388 0
390 391 392 0
-390 -391 392 0
-381 202 391 0
-391 381 0
-391 -202 0
394 -207 395 0
-394 207 395 0
-687 668 0
-687 686 0
-668 651 0
-668 667 0
-651 637 0
-651 650 0
-637 623 0
-637 636 0
-623 611 0
-623 622 0
-611 599 0
-611 610 0
-599 587 0
-599 598 0
-587 575 0
-587 586 0
-575 565 0
-575 574 0
-565 555 0
-565 564 0
-555 545 0
-555 554 0
-545 535 0
-545 544 0
-535 525 0
-535 534 0
-525 515 0
-525 524 0
-515 505 0
-515 514 0
-505 495 0
-505 504 0
-495 487 0
-495 494 0
-487 479 0
-487 486 0
-479 471 0
-479 478 0
-471 463 0
-471 470 0
-463 455 0
-463 462 0
-455 447 0
-455 454 0
-447 439 0
-447 446 0
-439 431 0
-439 438 0
-431 425 0
-431 430 0
-425 419 0
-425 424 0
-419 413 0
-419 418 0
-413 407 0
-413 412 0
-407 403 0
-407 406 0
-403 399 0
-403 402 0
-399 397 0
-399 398 0
-397 -2 2 0
-397 2 -2 0
-398 -2 2 0
-398 2 -2 0
-402 -400 401 0
-402 400 -401 0
-400 210 0
-400 5 0
-401 1 0
-401 5 0
-210 -5 400 0
-1 -5 401 0
-406 -404 405 0
-406 404 -405 0
-404 10 0
-404 213 0
-405 10 0
-405 4 0
-10 -213 404 0
-10 -4 405 0
-412 -409 411 0
-412 409 -411 0
-409 213 0
-409 408 0
-408 217 0
-408 14 0
-411 4 0
-411 410 0
-410 9 0
-410 14 0
-213 -408 409 0
-217 -14 408 0
-4 -410 411 0
-9 -14 410 0
-418 -415 417 0
-418 415 -417 0
-415 220 0
-415 414 0
-414 19 0
-414 213 0
-417 13 0
-417 416 0
-416 19 0
-416 4 0
-220 -414 415 0
-19 -213 414 0
-13 -416 417 0
-19 -4 416 0
-424 -421 423 0
-424 421 -423 0
-421 420 0
-421 227 0
-420 224 0
-420 27 0
-423 422 0
-423 22 0
-422 18 0
-422 27 0
-420 -227 421 0
-224 -27 420 0
-422 -22 423 0
-18 -27 422 0
-430 -427 429 0
-430 427 -429 0
-427 426 0
-427 235 0
-426 36 0
-426 213 0
-429 428 0
-429 31 0
-428 36 0
-428 4 0
-426 -235 427 0
-36 -213 426 0
-428 -31 429 0
-36 -4 428 0
-438 -434 437 0
-438 434 -437 0
-434 227 0
-434 433 0
-433 231 0
-433 432 0
-432 239 0
-432 40 0
-437 22 0
-437 436 0
-436 26 0
-436 435 0
-435 35 0
-435 40 0
-227 -433 434 0
-231 -432 433 0
-239 -40 432 0
-22 -436 437 0
-26 -435 436 0
-35 -40 435 0
-446 -442 445 0
-446 442 -445 0
-442 235 0
-442 441 0
-441 242 0
-441 440 0
-440 49 0
-440 213 0
-445 31 0
-445 444 0
-444 39 0
-444 443 0
-443 49 0
-443 4 0
-235 -441 442 0
-242 -440 441 0
-49 -213 440 0
-31 -444 445 0
-39 -443 444 0
-49 -4 443 0
-454 -450 453 0
-454 450 -453 0
-450 246 0
-450 449 0
-449 448 0
-449 227 0
-448 250 0
-448 53 0
-453 44 0
-453 452 0
-452 451 0
-452 22 0
-451 48 0
-451 53 0
-246 -449 450 0
-448 -227 449 0
-250 -53 448 0
-44 -452 453 0
-451 -22 452 0
-48 -53 451 0
-462 -458 461 0
-462 458 -461 0
-458 257 0
-458 457 0
-457 456 0
-457 235 0
-456 62 0
-456 213 0
-461 57 0
-461 460 0
-460 459 0
-460 31 0
-459 62 0
-459 4 0
-257 -457 458 0
-456 -235 457 0
-62 -213 456 0
-57 -460 461 0
-459 -31 460 0
-62 -4 459 0
-470 -466 469 0
-470 466 -469 0
-466 465 0
-466 264 0
-465 253 0
-465 464 0
-464 261 0
-464 70 0
-469 468 0
-469 65 0
-468 52 0
-468 467 0
-467 61 0
-467 70 0
-465 -264 466 0
-253 -464 465 0
-261 -70 464 0
-468 -65 469 0
-52 -467 468 0
-61 -70 467 0
-478 -474 477 0
-478 474 -477 0
-474 473 0
-474 272 0
-473 268 0
-473 472 0
-472 79 0
-472 213 0
-477 476 0
-477 74 0
-476 69 0
-476 475 0
-475 79 0
-475 4 0
-473 -272 474 0
-268 -472 473 0
-79 -213 472 0
-476 -74 477 0
-69 -475 476 0
-79 -4 475 0
-486 -482 485 0
-486 482 -485 0
-482 481 0
-482 283 0
-481 480 0
-481 227 0
-480 276 0
-480 91 0
-485 484 0
-485 86 0
-484 483 0
-484 22 0
-483 78 0
-483 91 0
-481 -283 482 0
-480 -227 481 0
-276 -91 480 0
-484 -86 485 0
-483 -22 484 0
-78 -91 483 0
-494 -490 493 0
-494 490 -493 0
-490 489 0
-490 295 0
-489 488 0
-489 235 0
-488 104 0
-488 213 0
-493 492 0
-493 99 0
-492 491 0
-492 31 0
-491 104 0
-491 4 0
-489 -295 490 0
-488 -235 489 0
-104 -213 488 0
-492 -99 493 0
-491 -31 492 0
-104 -4 491 0
-504 -499 503 0
-504 499 -503 0
-499 264 0
-499 498 0
-498 279 0
-498 497 0
-497 287 0
-497 496 0
-496 299 0
-496 108 0
-503 65 0
-503 502 0
-502 82 0
-502 501 0
-501 90 0
-501 500 0
-500 103 0
-500 108 0
-264 -498 499 0
-279 -497 498 0
-287 -496 497 0
-299 -108 496 0
-65 -502 503 0
-82 -501 502 0
-90 -500 501 0
-103 -108 500 0
-514 -509 513 0
-514 509 -513 0
-509 272 0
-509 508 0
-508 291 0
-508 507 0
-507 302 0
-507 506 0
-506 117 0
-506 213 0
-513 74 0
-513 512 0
-512 95 0
-512 511 0
-511 107 0
-511 510 0
-510 117 0
-510 4 0
-272 -508 509 0
-291 -507 508 0
-302 -506 507 0
-117 -213 506 0
-74 -512 513 0
-95 -511 512 0
-107 -510 511 0
-117 -4 510 0
-524 -519 523 0
-524 519 -523 0
-519 283 0
-519 518 0
-518 306 0
-518 517 0
-517 516 0
-517 227 0
-516 310 0
-516 121 0
-523 86 0
-523 522 0
-522 112 0
-522 521 0
-521 520 0
-521 22 0
-520 116 0
-520 121 0
-283 -518 519 0
-306 -517 518 0
-516 -227 517 0
-310 -121 516 0
-86 -522 523 0
-112 -521 522 0
-520 -22 521 0
-116 -121 520 0
-534 -529 533 0
-534 529 -533 0
-529 295 0
-529 528 0
-528 317 0
-528 527 0
-527 526 0
-527 235 0
-526 134 0
-526 213 0
-533 99 0
-533 532 0
-532 125 0
-532 531 0
-531 530 0
-531 31 0
-530 134 0
-530 4 0
-295 -528 529 0
-317 -527 528 0
-526 -235 527 0
-134 -213 526 0
-99 -532 533 0
-125 -531 532 0
-530 -31 531 0
-134 -4 530 0
-544 -539 543 0
-544 539 -543 0
-539 321 0
-539 538 0
-538 537 0
-538 264 0
-537 313 0
-537 536 0
-536 325 0
-536 142 0
-543 129 0
-543 542 0
-542 541 0
-542 65 0
-541 120 0
-541 540 0
-540 133 0
-540 142 0
-321 -538 539 0
-537 -264 538 0
-313 -536 537 0
-325 -142 536 0
-129 -542 543 0
-541 -65 542 0
-120 -540 541 0
-133 -142 540 0
-554 -549 553 0
-554 549 -553 0
-549 328 0
-549 548 0
-548 547 0
-548 272 0
-547 332 0
-547 546 0
-546 155 0
-546 213 0
-553 137 0
-553 552 0
-552 551 0
-552 74 0
-551 141 0
-551 550 0
-550 155 0
-550 4 0
-328 -548 549 0
-547 -272 548 0
-332 -546 547 0
-155 -213 546 0
-137 -552 553 0
-551 -74 552 0
-141 -550 551 0
-155 -4 550 0
-564 -559 563 0
-564 559 -563 0
-559 340 0
-559 558 0
-558 557 0
-558 283 0
-557 556 0
-557 227 0
-556 344 0
-556 159 0
-563 150 0
-563 562 0
-562 561 0
-562 86 0
-561 560 0
-561 22 0
-560 154 0
-560 159 0
-340 -558 559 0
-557 -283 558 0
-556 -227 557 0
-344 -159 556 0
-150 -562 563 0
-561 -86 562 0
-560 -22 561 0
-154 -159 560 0
-574 -569 573 0
-574 569 -573 0
-569 355 0
-569 568 0
-568 567 0
-568 295 0
-567 566 0
-567 235 0
-566 172 0
-566 213 0
-573 167 0
-573 572 0
-572 571 0
-572 99 0
-571 570 0
-571 31 0
-570 172 0
-570 4 0
-355 -568 569 0
-567 -295 568 0
-566 -235 567 0
-172 -213 566 0
-167 -572 573 0
-571 -99 572 0
-570 -31 571 0
-172 -4 570 0
-586 -580 585 0
-586 580 -585 0
-580 578 0
-580 579 0
-578 336 0
-578 577 0
-577 347 0
-577 576 0
-576 359 0
-576 176 0
-579 264 0
-579 321 0
-585 583 0
-585 584 0
-583 146 0
-583 582 0
-582 158 0
-582 581 0
-581 171 0
-581 176 0
-584 65 0
-584 129 0
-578 -579 580 0
-336 -577 578 0
-347 -576 577 0
-359 -176 576 0
-264 -321 579 0
-583 -584 585 0
-146 -582 583 0
-158 -581 582 0
-171 -176 581 0
-65 -129 584 0
-598 -592 597 0
-598 592 -597 0
-592 590 0
-592 591 0
-590 351 0
-590 589 0
-589 362 0
-589 588 0
-588 185 0
-588 213 0
-591 272 0
-591 328 0
-597 595 0
-597 596 0
-595 163 0
-595 594 0
-594 175 0
-594 593 0
-593 185 0
-593 4 0
-596 74 0
-596 137 0
-590 -591 592 0
-351 -589 590 0
-362 -588 589 0
-185 -213 588 0
-272 -328 591 0
-595 -596 597 0
-163 -594 595 0
-175 -593 594 0
-185 -4 593 0
-74 -137 596 0
-610 -604 609 0
-610 604 -609 0
-604 602 0
-604 603 0
-602 366 0
-602 601 0
-601 600 0
-601 227 0
-600 370 0
-600 189 0
-603 283 0
-603 340 0
-609 607 0
-609 608 0
-607 180 0
-607 606 0
-606 605 0
-606 22 0
-605 184 0
-605 189 0
-608 86 0
-608 150 0
-602 -603 604 0
-366 -601 602 0
-600 -227 601 0
-370 -189 600 0
-283 -340 603 0
-607 -608 609 0
-180 -606 607 0
-605 -22 606 0
-184 -189 605 0
-86 -150 608 0
-622 -616 621 0
-622 616 -621 0
-616 614 0
-616 615 0
-614 377 0
-614 613 0
-613 612 0
-613 235 0
-612 198 0
-612 213 0
-615 295 0
-615 355 0
-621 619 0
-621 620 0
-619 193 0
-619 618 0
-618 617 0
-618 31 0
-617 198 0
-617 4 0
-620 99 0
-620 167 0
-614 -615 616 0
-377 -613 614 0
-612 -235 613 0
-198 -213 612 0
-295 -355 615 0
-619 -620 621 0
-193 -618 619 0
-617 -31 618 0
-198 -4 617 0
-99 -167 620 0
-636 -629 635 0
-636 629 -635 0
-629 626 0
-629 628 0
-626 625 0
-626 264 0
-625 373 0
-625 624 0
-624 381 0
-624 202 0
-628 321 0
-628 627 0
-635 632 0
-635 634 0
-632 631 0
-632 65 0
-631 188 0
-631 630 0
-630 197 0
-630 202 0
-634 129 0
-634 633 0
-633 146 0
-633 180 0
-626 -628 629 0
-625 -264 626 0
-373 -624 625 0
-381 -202 624 0
-321 -627 628 0
-632 -634 635 0
-631 -65 632 0
-188 -630 631 0
-197 -202 630 0
-129 -633 634 0
-146 -180 633 0
-650 -643 649 0
-650 643 -649 0
-643 640 0
-643 642 0
-640 639 0
-640 272 0
-639 390 0
-639 638 0
-638 207 0
-638 213 0
-642 328 0
-642 641 0
-641 351 0
-641 377 0
-649 646 0
-649 648 0
-646 645 0
-646 74 0
-645 201 0
-645 644 0
-644 207 0
-644 4 0
-648 137 0
-648 647 0
-647 163 0
-647 193 0
-640 -642 643 0
-639 -272 640 0
-390 -638 639 0
-207 -213 638 0
-328 -641 642 0
-351 -377 641 0
-646 -648 649 0
-645 -74 646 0
-201 -644 645 0
-207 -4 644 0
-137 -647 648 0
-163 -193 647 0
-667 -659 666 0
-667 659 -666 0
-659 655 0
-659 658 0
-655 654 0
-655 283 0
-654 653 0
-654 227 0
-653 394 0
-653 652 0
-658 340 0
-658 657 0
-657 366 0
-657 656 0
-656 373 0
-656 390 0
-666 662 0
-666 665 0
-662 661 0
-662 86 0
-661 660 0
-661 22 0
-660 206 0
-660 652 0
-665 150 0
-665 664 0
-664 180 0
-664 663 0
-663 188 0
-663 201 0
-655 -658 659 0
-654 -283 655 0
-653 -227 654 0
-394 -652 653 0
-340 -657 658 0
-366 -656 657 0
-373 -390 656 0
-662 -665 666 0
-661 -86 662 0
-660 -22 661 0
-206 -652 660 0
-150 -664 665 0
-180 -663 664 0
-188 -201 663 0
-686 -677 685 0
-686 677 -685 0
-677 672 0
-677 676 0
-672 671 0
-672 295 0
-671 670 0
-671 235 0
-670 669 0
-670 213 0
-676 355 0
-676 675 0
-675 377 0
-675 674 0
-674 390 0
-674 673 0
-673 394 0
-673 -652 0
-685 680 0
-685 684 0
-680 679 0
-680 99 0
-679 678 0
-679 31 0
-678 669 0
-678 4 0
-684 167 0
-684 683 0
-683 193 0
-683 682 0
-682 201 0
-682 681 0
-681 206 0
-681 -652 0
-672 -676 677 0
-671 -295 672 0
-670 -235 671 0
-669 -213 670 0
-355 -675 676 0
-377 -674 675 0
-390 -673 674 0
-394 652 673 0
-680 -684 685 0
-679 -99 680 0
-678 -31 679 0
-669 -4 678 0
-167 -683 684 0
-193 -682 683 0
-201 -681 682 0
-206 652 681 0
1996 0
1 -1997 0
-5 -1997 0
-1 5 1997 0
9 -1998 0
-14 -1998 0
-9 14 1998 0
13 -1999 0
4 -1999 0
-13 -4 1999 0
18 -2000 0
-27 -2000 0
-18 27 2000 0
26 -2001 0
13 -2001 0
-26 -13 2001 0
35 -2002 0
-40 -2002 0
-35 40 2002 0
39 -2003 0
26 -2003 0
-39 -26 2003 0
48 -2004 0
-53 -2004 0
-48 53 2004 0
52 -2005 0
39 -2005 0
-52 -39 2005 0
44 -2006 0
22 -2006 0
-44 -22 2006 0
61 -2007 0
-70 -2007 0
-61 70 2007 0
57 -2008 0
31 -2008 0
-57 -31 2008 0
69 -2009 0
52 -2009 0
-69 -52 2009 0
44 -2010 0
82 -2010 0
-44 -82 2010 0
78 -2011 0
-91 -2011 0
-78 91 2011 0
69 -2012 0
90 -2012 0
-69 -90 2012 0
57 -2013 0
95 -2013 0
-57 -95 2013 0
-108 -2014 0
103 -2014 0
108 -103 2014 0
107 -2015 0
90 -2015 0
-107 -90 2015 0
-121 -2016 0
116 -2016 0
121 -116 2016 0
107 -2017 0
120 -2017 0
-107 -120 2017 0
112 -2018 0
82 -2018 0
-112 -82 2018 0
95 -2019 0
125 -2019 0
-95 -125 2019 0
-142 -2020 0
133 -2020 0
142 -133 2020 0
141 -2021 0
120 -2021 0
-141 -120 2021 0
112 -2022 0
146 -2022 0
-112 -146 2022 0
-159 -2023 0
154 -2023 0
159 -154 2023 0
158 -2024 0
141 -2024 0
-158 -141 2024 0
125 -2025 0
163 -2025 0
-125 -163 2025 0
-176 -2026 0
171 -2026 0
176 -171 2026 0
158 -2027 0
175 -2027 0
-158 -175 2027 0
-189 -2028 0
184 -2028 0
189 -184 2028 0
188 -2029 0
175 -2029 0
-188 -175 2029 0
-202 -2030 0
197 -2030 0
202 -197 2030 0
-5 -2031 0
210 -2031 0
5 -210 2031 0
-14 -2032 0
217 -2032 0
14 -217 2032 0
220 -2033 0
213 -2033 0
-220 -213 2033 0
-27 -2034 0
224 -2034 0
27 -224 2034 0
220 -2035 0
231 -2035 0
-220 -231 2035 0
-40 -2036 0
239 -2036 0
40 -239 2036 0
231 -2037 0
242 -2037 0
-231 -242 2037 0
250 -2038 0
-53 -2038 0
-250 53 2038 0
253 -2039 0
242 -2039 0
-253 -242 2039 0
246 -2040 0
227 -2040 0
-246 -227 2040 0
-70 -2041 0
261 -2041 0
70 -261 2041 0
257 -2042 0
235 -2042 0
-257 -235 2042 0
253 -2043 0
268 -2043 0
-253 -268 2043 0
246 -2044 0
279 -2044 0
-246 -279 2044 0
-91 -2045 0
276 -2045 0
91 -276 2045 0
268 -2046 0
287 -2046 0
-268 -287 2046 0
257 -2047 0
291 -2047 0
-257 -291 2047 0
-108 -2048 0
299 -2048 0
108 -299 2048 0
287 -2049 0
302 -2049 0
-287 -302 2049 0
-121 -2050 0
310 -2050 0
121 -310 2050 0
313 -2051 0
302 -2051 0
-313 -302 2051 0
279 -2052 0
306 -2052 0
-279 -306 2052 0
317 -2053 0
291 -2053 0
-317 -291 2053 0
325 -2054 0
-142 -2054 0
-325 142 2054 0
332 -2055 0
313 -2055 0
-332 -313 2055 0
336 -2056 0
306 -2056 0
-336 -306 2056 0
344 -2057 0
-159 -2057 0
-344 159 2057 0
332 -2058 0
347 -2058 0
-332 -347 2058 0
351 -2059 0
317 -2059 0
-351 -317 2059 0
359 -2060 0
-176 -2060 0
-359 176 2060 0
347 -2061 0
362 -2061 0
-347 -362 2061 0
370 -2062 0
-189 -2062 0
-370 189 2062 0
373 -2063 0
362 -2063 0
-373 -362 2063 0
381 -2064 0
-202 -2064 0
-381 202 2064 0
5 -2065 0
210 -2065 0
-5 -210 2065 0
1 -2066 0
5 -2066 0
-1 -5 2066 0
10 -2067 0
213 -2067 0
-10 -213 2067 0
4 -2068 0
10 -2068 0
-4 -10 2068 0
14 -2069 0
217 -2069 0
-14 -217 2069 0
213 -2070 0
408 -2070 0
-213 -408 2070 0
9 -2071 0
14 -2071 0
-9 -14 2071 0
4 -2072 0
410 -2072 0
-4 -410 2072 0
19 -2073 0
213 -2073 0
-19 -213 2073 0
220 -2074 0
414 -2074 0
-220 -414 2074 0
4 -2075 0
19 -2075 0
-4 -19 2075 0
13 -2076 0
416 -2076 0
-13 -416 2076 0
27 -2077 0
224 -2077 0
-27 -224 2077 0
227 -2078 0
420 -2078 0
-227 -420 2078 0
18 -2079 0
27 -2079 0
-18 -27 2079 0
22 -2080 0
422 -2080 0
-22 -422 2080 0
36 -2081 0
213 -2081 0
-36 -213 2081 0
235 -2082 0
426 -2082 0
-235 -426 2082 0
4 -2083 0
36 -2083 0
-4 -36 2083 0
31 -2084 0
428 -2084 0
-31 -428 2084 0
40 -2085 0
239 -2085 0
-40 -239 2085 0
231 -2086 0
432 -2086 0
-231 -432 2086 0
227 -2087 0
433 -2087 0
-227 -433 2087 0
35 -2088 0
40 -2088 0
-35 -40 2088 0
26 -2089 0
435 -2089 0
-26 -435 2089 0
22 -2090 0
436 -2090 0
-22 -436 2090 0
49 -2091 0
213 -2091 0
-49 -213 2091 0
242 -2092 0
440 -2092 0
-242 -440 2092 0
235 -2093 0
441 -2093 0
-235 -441 2093 0
4 -2094 0
49 -2094 0
-4 -49 2094 0
39 -2095 0
443 -2095 0
-39 -443 2095 0
31 -2096 0
444 -2096 0
-31 -444 2096 0
250 -2097 0
53 -2097 0
-250 -53 2097 0
227 -2098 0
448 -2098 0
-227 -448 2098 0
246 -2099 0
449 -2099 0
-246 -449 2099 0
48 -2100 0
53 -2100 0
-48 -53 2100 0
22 -2101 0
451 -2101 0
-22 -451 2101 0
44 -2102 0
452 -2102 0
-44 -452 2102 0
62 -2103 0
213 -2103 0
-62 -213 2103 0
235 -2104 0
456 -2104 0
-235 -456 2104 0
257 -2105 0
457 -2105 0
-257 -457 2105 0
62 -2106 0
4 -2106 0
-62 -4 2106 0
31 -2107 0
459 -2107 0
-31 -459 2107 0
57 -2108 0
460 -2108 0
-57 -460 2108 0
70 -2109 0
261 -2109 0
-70 -261 2109 0
253 -2110 0
464 -2110 0
-253 -464 2110 0
264 -2111 0
465 -2111 0
-264 -465 2111 0
61 -2112 0
70 -2112 0
-61 -70 2112 0
52 -2113 0
467 -2113 0
-52 -467 2113 0
65 -2114 0
468 -2114 0
-65 -468 2114 0
79 -2115 0
213 -2115 0
-79 -213 2115 0
268 -2116 0
472 -2116 0
-268 -472 2116 0
272 -2117 0
473 -2117 0
-272 -473 2117 0
79 -2118 0
4 -2118 0
-79 -4 2118 0
69 -2119 0
475 -2119 0
-69 -475 2119 0
74 -2120 0
476 -2120 0
-74 -476 2120 0
91 -2121 0
276 -2121 0
-91 -276 2121 0
227 -2122 0
480 -2122 0
-227 -480 2122 0
283 -2123 0
481 -2123 0
-283 -481 2123 0
78 -2124 0
91 -2124 0
-78 -91 2124 0
22 -2125 0
483 -2125 0
-22 -483 2125 0
86 -2126 0
484 -2126 0
-86 -484 2126 0
104 -2127 0
213 -2127 0
-104 -213 2127 0
235 -2128 0
488 -2128 0
-235 -488 2128 0
295 -2129 0
489 -2129 0
-295 -489 2129 0
104 -2130 0
4 -2130 0
-104 -4 2130 0
31 -2131 0
491 -2131 0
-31 -491 2131 0
99 -2132 0
492 -2132 0
-99 -492 2132 0
108 -2133 0
299 -2133 0
-108 -299 2133 0
287 -2134 0
496 -2134 0
-287 -496 2134 0
279 -2135 0
497 -2135 0
-279 -497 2135 0
264 -2136 0
498 -2136 0
-264 -498 2136 0
108 -2137 0
103 -2137 0
-108 -103 2137 0
90 -2138 0
500 -2138 0
-90 -500 2138 0
82 -2139 0
501 -2139 0
-82 -501 2139 0
65 -2140 0
502 -2140 0
-65 -502 2140 0
117 -2141 0
213 -2141 0
-117 -213 2141 0
302 -2142 0
506 -2142 0
-302 -506 2142 0
291 -2143 0
507 -2143 0
-291 -507 2143 0
272 -2144 0
508 -2144 0
-272 -508 2144 0
117 -2145 0
4 -2145 0
-117 -4 2145 0
107 -2146 0
510 -2146 0
-107 -510 2146 0
95 -2147 0
511 -2147 0
-95 -511 2147 0
74 -2148 0
512 -2148 0
-74 -512 2148 0
121 -2149 0
310 -2149 0
-121 -310 2149 0
227 -2150 0
516 -2150 0
-227 -516 2150 0
306 -2151 0
517 -2151 0
-306 -517 2151 0
283 -2152 0
518 -2152 0
-283 -518 2152 0
121 -2153 0
116 -2153 0
-121 -116 2153 0
22 -2154 0
520 -2154 0
-22 -520 2154 0
112 -2155 0
521 -2155 0
-112 -521 2155 0
86 -2156 0
522 -2156 0
-86 -522 2156 0
134 -2157 0
213 -2157 0
-134 -213 2157 0
235 -2158 0
526 -2158 0
-235 -526 2158 0
317 -2159 0
527 -2159 0
-317 -527 2159 0
295 -2160 0
528 -2160 0
-295 -528 2160 0
134 -2161 0
4 -2161 0
-134 -4 2161 0
31 -2162 0
530 -2162 0
-31 -530 2162 0
125 -2163 0
531 -2163 0
-125 -531 2163 0
99 -2164 0
532 -2164 0
-99 -532 2164 0
325 -2165 0
142 -2165 0
-325 -142 2165 0
313 -2166 0
536 -2166 0
-313 -536 2166 0
264 -2167 0
537 -2167 0
-264 -537 2167 0
321 -2168 0
538 -2168 0
-321 -538 2168 0
142 -2169 0
133 -2169 0
-142 -133 2169 0
120 -2170 0
540 -2170 0
-120 -540 2170 0
65 -2171 0
541 -2171 0
-65 -541 2171 0
129 -2172 0
542 -2172 0
-129 -542 2172 0
155 -2173 0
213 -2173 0
-155 -213 2173 0
332 -2174 0
546 -2174 0
-332 -546 2174 0
272 -2175 0
547 -2175 0
-272 -547 2175 0
328 -2176 0
548 -2176 0
-328 -548 2176 0
155 -2177 0
4 -2177 0
-155 -4 2177 0
141 -2178 0
550 -2178 0
-141 -550 2178 0
74 -2179 0
551 -2179 0
-74 -551 2179 0
137 -2180 0
552 -2180 0
-137 -552 2180 0
344 -2181 0
159 -2181 0
-344 -159 2181 0
227 -2182 0
556 -2182 0
-227 -556 2182 0
283 -2183 0
557 -2183 0
-283 -557 2183 0
340 -2184 0
558 -2184 0
-340 -558 2184 0
159 -2185 0
154 -2185 0
-159 -154 2185 0
22 -2186 0
560 -2186 0
-22 -560 2186 0
86 -2187 0
561 -2187 0
-86 -561 2187 0
150 -2188 0
562 -2188 0
-150 -562 2188 0
172 -2189 0
213 -2189 0
-172 -213 2189 0
235 -2190 0
566 -2190 0
-235 -566 2190 0
295 -2191 0
567 -2191 0
-295 -567 2191 0
355 -2192 0
568 -2192 0
-355 -568 2192 0
172 -2193 0
4 -2193 0
-172 -4 2193 0
31 -2194 0
570 -2194 0
-31 -570 2194 0
99 -2195 0
571 -2195 0
-99 -571 2195 0
167 -2196 0
572 -2196 0
-167 -572 2196 0
359 -2197 0
176 -2197 0
-359 -176 2197 0
347 -2198 0
576 -2198 0
-347 -576 2198 0
336 -2199 0
577 -2199 0
-336 -577 2199 0
321 -2200 0
264 -2200 0
-321 -264 2200 0
578 -2201 0
579 -2201 0
-578 -579 2201 0
176 -2202 0
171 -2202 0
-176 -171 2202 0
158 -2203 0
581 -2203 0
-158 -581 2203 0
146 -2204 0
582 -2204 0
-146 -582 2204 0
65 -2205 0
129 -2205 0
-65 -129 2205 0
583 -2206 0
584 -2206 0
-583 -584 2206 0
185 -2207 0
213 -2207 0
-185 -213 2207 0
362 -2208 0
588 -2208 0
-362 -588 2208 0
351 -2209 0
589 -2209 0
-351 -589 2209 0
328 -2210 0
272 -2210 0
-328 -272 2210 0
590 -2211 0
591 -2211 0
-590 -591 2211 0
185 -2212 0
4 -2212 0
-185 -4 2212 0
175 -2213 0
593 -2213 0
-175 -593 2213 0
163 -2214 0
594 -2214 0
-163 -594 2214 0
74 -2215 0
137 -2215 0
-74 -137 2215 0
595 -2216 0
596 -2216 0
-595 -596 2216 0
370 -2217 0
189 -2217 0
-370 -189 2217 0
227 -2218 0
600 -2218 0
-227 -600 2218 0
366 -2219 0
601 -2219 0
-366 -601 2219 0
340 -2220 0
283 -2220 0
-340 -283 2220 0
602 -2221 0
603 -2221 0
-602 -603 2221 0
189 -2222 0
184 -2222 0
-189 -184 2222 0
22 -2223 0
605 -2223 0
-22 -605 2223 0
180 -2224 0
606 -2224 0
-180 -606 2224 0
86 -2225 0
150 -2225 0
-86 -150 2225 0
607 -2226 0
608 -2226 0
-607 -608 2226 0
198 -2227 0
213 -2227 0
-198 -213 2227 0
235 -2228 0
612 -2228 0
-235 -612 2228 0
377 -2229 0
613 -2229 0
-377 -613 2229 0
355 -2230 0
295 -2230 0
-355 -295 2230 0
614 -2231 0
615 -2231 0
-614 -615 2231 0
198 -2232 0
4 -2232 0
-198 -4 2232 0
31 -2233 0
617 -2233 0
-31 -617 2233 0
193 -2234 0
618 -2234 0
-193 -618 2234 0
99 -2235 0
167 -2235 0
-99 -167 2235 0
619 -2236 0
620 -2236 0
-619 -620 2236 0
381 -2237 0
202 -2237 0
-381 -202 2237 0
373 -2238 0
624 -2238 0
-373 -624 2238 0
264 -2239 0
625 -2239 0
-264 -625 2239 0
626 -2240 0
628 -2240 0
-626 -628 2240 0
202 -2241 0
197 -2241 0
-202 -197 2241 0
188 -2242 0
630 -2242 0
-188 -630 2242 0
65 -2243 0
631 -2243 0
-65 -631 2243 0
180 -2244 0
146 -2244 0
-180 -146 2244 0
129 -2245 0
633 -2245 0
-129 -633 2245 0
632 -2246 0
634 -2246 0
-632 -634 2246 0
207 -2247 0
213 -2247 0
-207 -213 2247 0
390 -2248 0
638 -2248 0
-390 -638 2248 0
272 -2249 0
639 -2249 0
-272 -639 2249 0
351 -2250 0
377 -2250 0
-351 -377 2250 0
328 -2251 0
641 -2251 0
-328 -641 2251 0
640 -2252 0
642 -2252 0
-640 -642 2252 0
207 -2253 0
4 -2253 0
-207 -4 2253 0
201 -2254 0
644 -2254 0
-201 -644 2254 0
74 -2255 0
645 -2255 0
-74 -645 2255 0
193 -2256 0
163 -2256 0
-193 -163 2256 0
137 -2257 0
647 -2257 0
-137 -647 2257 0
646 -2258 0
648 -2258 0
-646 -648 2258 0
652 -2259 0
394 -2259 0
-652 -394 2259 0
227 -2260 0
653 -2260 0
-227 -653 2260 0
283 -2261 0
654 -2261 0
-283 -654 2261 0
373 -2262 0
390 -2262 0
-373 -390 2262 0
366 -2263 0
656 -2263 0
-366 -656 2263 0
340 -2264 0
657 -2264 0
-340 -657 2264 0
655 -2265 0
658 -2265 0
-655 -658 2265 0
652 -2266 0
206 -2266 0
-652 -206 2266 0
22 -2267 0
660 -2267 0
-22 -660 2267 0
86 -2268 0
661 -2268 0
-86 -661 2268 0
201 -2269 0
188 -2269 0
-201 -188 2269 0
180 -2270 0
663 -2270 0
-180 -663 2270 0
150 -2271 0
664 -2271 0
-150 -664 2271 0
662 -2272 0
665 -2272 0
-662 -665 2272 0
669 -2273 0
213 -2273 0
-669 -213 2273 0
235 -2274 0
670 -2274 0
-235 -670 2274 0
295 -2275 0
671 -2275 0
-295 -671 2275 0
-652 -2276 0
394 -2276 0
652 -394 2276 0
390 -2277 0
673 -2277 0
-390 -673 2277 0
377 -2278 0
674 -2278 0
-377 -674 2278 0
355 -2279 0
675 -2279 0
-355 -675 2279 0
672 -2280 0
676 -2280 0
-672 -676 2280 0
4 -2281 0
669 -2281 0
-4 -669 2281 0
31 -2282 0
678 -2282 0
-31 -678 2282 0
99 -2283 0
679 -2283 0
-99 -679 2283 0
-652 -2284 0
206 -2284 0
652 -206 2284 0
201 -2285 0
681 -2285 0
-201 -681 2285 0
193 -2286 0
682 -2286 0
-193 -682 2286 0
167 -2287 0
683 -2287 0
-167 -683 2287 0
680 -2288 0
684 -2288 0
-680 -684 2288 0
