c defined variables: 6 15 23 28 32 41 45 54 58 66 71 75 83 87 92 96 100 109 113 122 126 130 138 143 147 151 160 164 168 177 181 190 194 203 214 221 228 232 236 243 256 260 272 276 283 291 295 299 306 310 317 321 338 339 340 350 354 358 368 369 370 374 378 382 389 393 406 410 417 429 430 433 434 437 438 439 440 443 444 445 446 449 450 451 452 455 456 457 458 461 462 463 464 465 466 469 470 471 472 473 474 477 478 479 480 481 482 485 486 487 488 489 490 493 494 495 496 497 498 501 502 503 504 505 506 509 510 511 512 513 514 517 518 519 520 521 522 525 526 527 528 529 530 531 532 535 536 537 538 539 540 541 542 545 546 547 548 549 550 551 552 555 556 557 558 559 560 561 562 566 567 568 569 573 574 575 577 578 579 580 584 585 586 587 590 591 592 593 594 595 596 597 600 601 602 604 605 606 607 608 609 612 613 614 616 617 618 619 620 621 624 625 626 629 630 631 632 633 636 637 638 639 640 641 642 643 644 645 648 649 650 651 653 654 655 656 657 658 659 664 665 667 668 669 670 671 672 673 677 678 679 680 681 682 683 684 685 686 687 688 689 690 694 695 696 697 698 699 700 701 702 703 704 705 706 707 708 709 712 
p cnf 2305 2706
a 402 399 364 330 316 327 324 334 337 346 343 361 349 416 259 252 249 246 74 78 65 69 52 61 48 57 39 44 121 134 381 377 367 263 357 353 53 62 70 79 91 104 108 117 271 373 423 385 409 266 279 275 207 202 413 405 185 176 198 189 155 142 172 159 26 35 13 18 22 31 1 4 9 676 693 255 313 320 388 286 282 298 294 290 302 305 309 206 201 193 184 197 188 171 158 180 175 40 49 5 10 2 27 36 14 19 217 220 210 213 235 231 224 227 239 242 112 107 103 90 95 99 82 86 125 116 396 420 392 141 150 146 154 120 129 133 137 167 163 0
e 3 7 8 11 12 16 17 20 21 24 25 29 30 33 34 37 38 42 43 46 47 50 51 55 56 59 60 63 64 67 68 72 73 76 77 80 81 84 85 88 89 93 94 97 98 101 102 105 106 110 111 114 115 118 119 123 124 127 128 131 132 135 136 139 140 144 145 148 149 152 153 156 157 161 162 165 166 169 170 173 174 178 179 182 183 186 187 191 192 195 196 199 200 204 205 208 209 211 212 215 216 218 219 222 223 225 226 229 230 233 234 237 238 240 241 244 245 247 248 250 251 253 254 257 258 261 262 264 265 268 269 270 273 274 277 278 280 281 284 285 287 288 289 292 293 296 297 300 301 303 304 307 308 311 312 314 315 318 319 322 323 325 326 328 329 332 333 335 336 341 342 344 345 347 348 351 352 355 356 359 360 362 363 365 366 371 372 375 376 379 380 383 384 386 387 390 391 394 395 397 398 400 401 403 404 407 408 411 412 414 415 418 419 421 422 424 425 426 427 428 431 432 435 436 441 442 447 448 453 454 459 460 467 468 475 476 483 484 491 492 499 500 507 508 515 516 523 524 533 534 543 544 553 554 563 564 570 571 576 581 582 588 589 598 599 603 610 611 615 622 623 628 634 635 646 647 652 660 661 663 666 674 675 691 692 710 711 6 15 23 28 32 41 45 54 58 66 71 75 83 87 92 96 100 109 113 122 126 130 138 143 147 151 160 164 168 177 181 190 194 203 214 221 228 232 236 243 256 260 272 276 283 291 295 299 306 310 317 321 338 339 340 350 354 358 368 369 370 374 378 382 389 393 406 410 417 429 430 433 434 437 438 439 440 443 444 445 446 449 450 451 452 455 456 457 458 461 462 463 464 465 466 469 470 471 472 473 474 477 478 479 480 481 482 485 486 487 488 489 490 493 494 495 496 497 498 501 502 503 504 505 506 509 510 511 512 513 514 517 518 519 520 521 522 525 526 527 528 529 530 531 532 535 536 537 538 539 540 541 542 545 546 547 548 549 550 551 552 555 556 557 558 559 560 561 562 566 567 568 569 573 574 575 577 578 579 580 584 585 586 587 590 591 592 593 594 595 596 597 600 601 602 604 605 606 607 608 609 612 613 614 616 617 618 619 620 621 624 625 626 629 630 631 632 633 636 637 638 639 640 641 642 643 644 645 648 649 650 651 653 654 655 656 657 658 659 664 665 667 668 669 670 671 672 673 677 678 679 680 681 682 683 684 685 686 687 688 689 690 694 695 696 697 698 699 700 701 702 703 704 705 706 707 708 709 712 2027 2028 2029 2030 2031 2032 2033 2034 2035 2036 2037 2038 2039 2040 2041 2042 2043 2044 2045 2046 2047 2048 2049 2050 2051 2052 2053 2054 2055 2056 2057 2058 2059 2060 2061 2062 2063 2064 2065 2066 2067 2068 2069 2070 2071 2072 2073 2074 2075 2076 2077 2078 2079 2080 2081 2082 2083 2084 2085 2086 2087 2088 2089 2090 2091 2092 2093 2094 2095 2096 2097 2098 2099 2100 2101 2102 2103 2104 2105 2106 2107 2108 2109 2110 2111 2112 2113 2114 2115 2116 2117 2118 2119 2120 2121 2122 2123 2124 2125 2126 2127 2128 2129 2130 2131 2132 2133 2134 2135 2136 2137 2138 2139 2140 2141 2142 2143 2144 2145 2146 2147 2148 2149 2150 2151 2152 2153 2154 2155 2156 2157 2158 2159 2160 2161 2162 2163 2164 2165 2166 2167 2168 2169 2170 2171 2172 2173 2174 2175 2176 2177 2178 2179 2180 2181 2182 2183 2184 2185 2186 2187 2188 2189 2190 2191 2192 2193 2194 2195 2196 2197 2198 2199 2200 2201 2202 2203 2204 2205 2206 2207 2208 2209 2210 2211 2212 2213 2214 2215 2216 2217 2218 2219 2220 2221 2222 2223 2224 2225 2226 2227 2228 2229 2230 2231 2232 2233 2234 2235 2236 2237 2238 2239 2240 2241 2242 2243 2244 2245 2246 2247 2248 2249 2250 2251 2252 2253 2254 2255 2256 2257 2258 2259 2260 2261 2262 2263 2264 2265 2266 2267 2268 2269 2270 2271 2272 2273 2274 2275 2276 2277 2278 2279 2280 2281 2282 2283 2284 2285 2286 2287 2288 2289 2290 2291 2292 2293 2294 2295 2296 2297 2298 2299 2300 2301 2302 2303 2304 2305 0
d 267 249 246 0
d 331 327 324 0
d 565 330 337 0
d 583 361 367 0
d 572 346 343 0
d 662 420 207 0
d 627 402 399 0
2028 -6 0
-2028 6 0
2029 -15 0
-2029 15 0
2030 -23 0
-2030 23 0
2031 -28 0
-2031 28 0
2032 -32 0
-2032 32 0
2033 -41 0
-2033 41 0
2034 -45 0
-2034 45 0
2035 -54 0
-2035 54 0
2036 -58 0
-2036 58 0
2037 -66 0
-2037 66 0
2038 -71 0
-2038 71 0
2039 -75 0
-2039 75 0
2040 -83 0
-2040 83 0
2041 -87 0
-2041 87 0
2042 -92 0
-2042 92 0
2043 -96 0
-2043 96 0
2044 -100 0
-2044 100 0
2045 -109 0
-2045 109 0
2046 -113 0
-2046 113 0
2047 -122 0
-2047 122 0
2048 -126 0
-2048 126 0
2049 -130 0
-2049 130 0
2050 -138 0
-2050 138 0
2051 -143 0
-2051 143 0
2052 -147 0
-2052 147 0
2053 -151 0
-2053 151 0
2054 -160 0
-2054 160 0
2055 -164 0
-2055 164 0
2056 -168 0
-2056 168 0
2057 -177 0
-2057 177 0
2058 -181 0
-2058 181 0
2059 -190 0
-2059 190 0
2060 -194 0
-2060 194 0
2061 -203 0
-2061 203 0
2062 -214 0
-2062 214 0
2063 -221 0
-2063 221 0
2064 -228 0
-2064 228 0
2065 -232 0
-2065 232 0
2066 -236 0
-2066 236 0
2067 -243 0
-2067 243 0
2068 -256 0
-2068 256 0
2069 -260 0
-2069 260 0
2070 -272 0
-2070 272 0
2071 -276 0
-2071 276 0
2072 -283 0
-2072 283 0
2073 -291 0
-2073 291 0
2074 -295 0
-2074 295 0
2075 -299 0
-2075 299 0
2076 -306 0
-2076 306 0
2077 -310 0
-2077 310 0
2078 -317 0
-2078 317 0
2079 -321 0
-2079 321 0
2080 -338 0
-2080 338 0
2081 -339 0
-2081 339 0
2082 -340 0
-2082 340 0
2083 -350 0
-2083 350 0
2084 -354 0
-2084 354 0
2085 -358 0
-2085 358 0
2086 -368 0
-2086 368 0
2087 -369 0
-2087 369 0
2088 -370 0
-2088 370 0
2089 -374 0
-2089 374 0
2090 -378 0
-2090 378 0
2091 -382 0
-2091 382 0
2092 -389 0
-2092 389 0
2093 -393 0
-2093 393 0
2094 -406 0
-2094 406 0
2095 -410 0
-2095 410 0
2096 -417 0
-2096 417 0
2097 -429 0
-2097 429 0
2098 -430 0
-2098 430 0
2099 -433 0
-2099 433 0
2100 -434 0
-2100 434 0
2101 -437 0
-2101 437 0
2102 -438 0
-2102 438 0
2103 -439 0
-2103 439 0
2104 -440 0
-2104 440 0
2105 -443 0
-2105 443 0
2106 -444 0
-2106 444 0
2107 -445 0
-2107 445 0
2108 -446 0
-2108 446 0
2109 -449 0
-2109 449 0
2110 -450 0
-2110 450 0
2111 -451 0
-2111 451 0
2112 -452 0
-2112 452 0
2113 -455 0
-2113 455 0
2114 -456 0
-2114 456 0
2115 -457 0
-2115 457 0
2116 -458 0
-2116 458 0
2117 -461 0
-2117 461 0
2118 -462 0
-2118 462 0
2119 -463 0
-2119 463 0
2120 -464 0
-2120 464 0
2121 -465 0
-2121 465 0
2122 -466 0
-2122 466 0
2123 -469 0
-2123 469 0
2124 -470 0
-2124 470 0
2125 -471 0
-2125 471 0
2126 -472 0
-2126 472 0
2127 -473 0
-2127 473 0
2128 -474 0
-2128 474 0
2129 -477 0
-2129 477 0
2130 -478 0
-2130 478 0
2131 -479 0
-2131 479 0
2132 -480 0
-2132 480 0
2133 -481 0
-2133 481 0
2134 -482 0
-2134 482 0
2135 -485 0
-2135 485 0
2136 -486 0
-2136 486 0
2137 -487 0
-2137 487 0
2138 -488 0
-2138 488 0
2139 -489 0
-2139 489 0
2140 -490 0
-2140 490 0
2141 -493 0
-2141 493 0
2142 -494 0
-2142 494 0
2143 -495 0
-2143 495 0
2144 -496 0
-2144 496 0
2145 -497 0
-2145 497 0
2146 -498 0
-2146 498 0
2147 -501 0
-2147 501 0
2148 -502 0
-2148 502 0
2149 -503 0
-2149 503 0
2150 -504 0
-2150 504 0
2151 -505 0
-2151 505 0
2152 -506 0
-2152 506 0
2153 -509 0
-2153 509 0
2154 -510 0
-2154 510 0
2155 -511 0
-2155 511 0
2156 -512 0
-2156 512 0
2157 -513 0
-2157 513 0
2158 -514 0
-2158 514 0
2159 -517 0
-2159 517 0
2160 -518 0
-2160 518 0
-2161 -519 0
2161 519 0
2162 -520 0
-2162 520 0
2163 -521 0
-2163 521 0
2164 -522 0
-2164 522 0
2165 -525 0
-2165 525 0
2166 -526 0
-2166 526 0
2167 -527 0
-2167 527 0
2168 -528 0
-2168 528 0
2169 -529 0
-2169 529 0
2170 -530 0
-2170 530 0
2171 -531 0
-2171 531 0
2172 -532 0
-2172 532 0
2173 -535 0
-2173 535 0
2174 -536 0
-2174 536 0
2175 -537 0
-2175 537 0
2176 -538 0
-2176 538 0
2177 -539 0
-2177 539 0
2178 -540 0
-2178 540 0
2179 -541 0
-2179 541 0
2180 -542 0
-2180 542 0
2181 -545 0
-2181 545 0
2182 -546 0
-2182 546 0
2183 -547 0
-2183 547 0
2184 -548 0
-2184 548 0
2185 -549 0
-2185 549 0
2186 -550 0
-2186 550 0
2187 -551 0
-2187 551 0
2188 -552 0
-2188 552 0
2189 -555 0
-2189 555 0
2190 -556 0
-2190 556 0
2191 -557 0
-2191 557 0
2192 -558 0
-2192 558 0
2193 -559 0
-2193 559 0
2194 -560 0
-2194 560 0
2195 -561 0
-2195 561 0
2196 -562 0
-2196 562 0
2197 -566 0
-2197 566 0
2198 -567 0
-2198 567 0
2199 -568 0
-2199 568 0
2200 -569 0
-2200 569 0
2201 -573 0
-2201 573 0
2202 -574 0
-2202 574 0
2203 -575 0
-2203 575 0
2204 -577 0
-2204 577 0
2205 -578 0
-2205 578 0
2206 -579 0
-2206 579 0
2207 -580 0
-2207 580 0
2208 -584 0
-2208 584 0
2209 -585 0
-2209 585 0
2210 -586 0
-2210 586 0
2211 -587 0
-2211 587 0
2212 -590 0
-2212 590 0
2213 -591 0
-2213 591 0
2214 -592 0
-2214 592 0
2215 -593 0
-2215 593 0
2216 -594 0
-2216 594 0
2217 -595 0
-2217 595 0
2218 -596 0
-2218 596 0
2219 -597 0
-2219 597 0
2220 -600 0
-2220 600 0
2221 -601 0
-2221 601 0
2222 -602 0
-2222 602 0
2223 -604 0
-2223 604 0
2224 -605 0
-2224 605 0
2225 -606 0
-2225 606 0
2226 -607 0
-2226 607 0
2227 -608 0
-2227 608 0
2228 -609 0
-2228 609 0
2229 -612 0
-2229 612 0
2230 -613 0
-2230 613 0
2231 -614 0
-2231 614 0
2232 -616 0
-2232 616 0
2233 -617 0
-2233 617 0
2234 -618 0
-2234 618 0
2235 -619 0
-2235 619 0
2236 -620 0
-2236 620 0
2237 -621 0
-2237 621 0
2238 -624 0
-2238 624 0
2239 -625 0
-2239 625 0
2240 -626 0
-2240 626 0
2241 -629 0
-2241 629 0
2242 -630 0
-2242 630 0
2243 -631 0
-2243 631 0
2244 -632 0
-2244 632 0
2245 -633 0
-2245 633 0
2246 -636 0
-2246 636 0
2247 -637 0
-2247 637 0
2248 -638 0
-2248 638 0
2249 -639 0
-2249 639 0
2250 -640 0
-2250 640 0
2251 -641 0
-2251 641 0
2252 -642 0
-2252 642 0
2253 -643 0
-2253 643 0
2254 -644 0
-2254 644 0
2255 -645 0
-2255 645 0
2256 -648 0
-2256 648 0
2257 -649 0
-2257 649 0
2258 -650 0
-2258 650 0
2259 -651 0
-2259 651 0
2260 -653 0
-2260 653 0
2261 -654 0
-2261 654 0
2262 -655 0
-2262 655 0
2263 -656 0
-2263 656 0
2264 -657 0
-2264 657 0
2265 -658 0
-2265 658 0
2266 -659 0
-2266 659 0
2267 -664 0
-2267 664 0
2268 -665 0
-2268 665 0
2269 -667 0
-2269 667 0
2270 -668 0
-2270 668 0
2271 -669 0
-2271 669 0
2272 -670 0
-2272 670 0
2273 -671 0
-2273 671 0
2274 -672 0
-2274 672 0
2275 -673 0
-2275 673 0
2276 -677 0
-2276 677 0
2277 -678 0
-2277 678 0
2278 -679 0
-2278 679 0
2279 -680 0
-2279 680 0
2280 -681 0
-2280 681 0
2281 -682 0
-2281 682 0
2282 -683 0
-2282 683 0
2283 -684 0
-2283 684 0
2284 -685 0
-2284 685 0
2285 -686 0
-2285 686 0
2286 -687 0
-2286 687 0
2287 -688 0
-2287 688 0
2288 -689 0
-2288 689 0
2289 -690 0
-2289 690 0
2290 -694 0
-2290 694 0
2291 -695 0
-2291 695 0
2292 -696 0
-2292 696 0
2293 -697 0
-2293 697 0
2294 -698 0
-2294 698 0
2295 -699 0
-2295 699 0
2296 -700 0
-2296 700 0
2297 -701 0
-2297 701 0
2298 -702 0
-2298 702 0
2299 -703 0
-2299 703 0
2300 -704 0
-2300 704 0
2301 -705 0
-2301 705 0
2302 -706 0
-2302 706 0
2303 -707 0
-2303 707 0
2304 -708 0
-2304 708 0
2305 -709 0
-2305 709 0
2027 -712 0
-2027 712 0
712 0
-712 425 711 0
-425 422 -424 0
-422 419 -421 0
-419 415 -418 0
-415 412 -414 0
-412 408 -411 0
-408 404 -407 0
-404 401 -403 0
-401 398 -400 0
-398 395 -397 0
-395 391 -394 0
-391 387 -390 0
-387 384 -386 0
-384 380 -383 0
-380 376 -379 0
-376 372 -375 0
-372 366 -371 0
-366 363 -365 0
-363 360 -362 0
-360 356 -359 0
-356 352 -355 0
-352 348 -351 0
-348 345 -347 0
-345 342 -344 0
-342 336 -341 0
-336 333 -335 0
-333 329 -332 0
-329 326 -328 0
-326 323 -325 0
-323 319 -322 0
-319 315 -318 0
-315 312 -314 0
-312 308 -311 0
-308 304 -307 0
-304 301 -303 0
-301 297 -300 0
-297 293 -296 0
-293 289 -292 0
-289 285 -288 0
-285 281 -284 0
-281 278 -280 0
-278 274 -277 0
-274 270 -273 0
-270 265 -269 0
-265 262 -264 0
-262 258 -261 0
-258 254 -257 0
-254 251 -253 0
-251 248 -250 0
-248 245 -247 0
-245 241 -244 0
-241 238 -240 0
-238 234 -237 0
-234 230 -233 0
-230 226 -229 0
-226 223 -225 0
-223 219 -222 0
-219 216 -218 0
-216 212 -215 0
-212 209 -211 0
-209 205 -208 0
-205 200 -204 0
-200 196 -199 0
-196 192 -195 0
-192 187 -191 0
-187 183 -186 0
-183 179 -182 0
-179 174 -178 0
-174 170 -173 0
-170 166 -169 0
-166 162 -165 0
-162 157 -161 0
-157 153 -156 0
-153 149 -152 0
-149 145 -148 0
-145 140 -144 0
-140 136 -139 0
-136 132 -135 0
-132 128 -131 0
-128 124 -127 0
-124 119 -123 0
-119 115 -118 0
-115 111 -114 0
-111 106 -110 0
-106 102 -105 0
-102 98 -101 0
-98 94 -97 0
-94 89 -93 0
-89 85 -88 0
-85 81 -84 0
-81 77 -80 0
-77 73 -76 0
-73 68 -72 0
-68 64 -67 0
-64 60 -63 0
-60 56 -59 0
-56 51 -55 0
-51 47 -50 0
-47 43 -46 0
-43 38 -42 0
-38 34 -37 0
-34 30 -33 0
-30 25 -29 0
-25 21 -24 0
-21 17 -20 0
-17 12 -16 0
-12 8 -11 0
-8 -3 -7 0
1 -2 3 0
-1 2 3 0
4 6 7 0
-4 -6 7 0
-1 5 6 0
-6 1 0
-6 -5 0
9 -10 11 0
-9 10 11 0
13 15 16 0
-13 -15 16 0
-9 14 15 0
-15 9 0
-15 -14 0
18 -19 20 0
-18 19 20 0
22 23 24 0
-22 -23 24 0
-4 -13 23 0
-23 4 0
-23 13 0
26 28 29 0
-26 -28 29 0
-18 27 28 0
-28 18 0
-28 -27 0
31 32 33 0
-31 -32 33 0
-13 -26 32 0
-32 13 0
-32 26 0
35 -36 37 0
-35 36 37 0
39 41 42 0
-39 -41 42 0
-35 40 41 0
-41 35 0
-41 -40 0
44 45 46 0
-44 -45 46 0
-26 -39 45 0
-45 26 0
-45 39 0
48 -49 50 0
-48 49 50 0
52 54 55 0
-52 -54 55 0
-48 53 54 0
-54 48 0
-54 -53 0
57 58 59 0
-57 -58 59 0
-39 -52 58 0
-58 39 0
-58 52 0
61 -62 63 0
-61 62 63 0
65 66 67 0
-65 -66 67 0
-22 -44 66 0
-66 22 0
-66 44 0
69 71 72 0
-69 -71 72 0
-61 70 71 0
-71 61 0
-71 -70 0
74 75 76 0
-74 -75 76 0
-31 -57 75 0
-75 31 0
-75 57 0
78 -79 80 0
-78 79 80 0
82 83 84 0
-82 -83 84 0
-52 -69 83 0
-83 52 0
-83 69 0
86 87 88 0
-86 -87 88 0
-44 -82 87 0
-87 44 0
-87 82 0
90 92 93 0
-90 -92 93 0
-78 91 92 0
-92 78 0
-92 -91 0
95 96 97 0
-95 -96 97 0
-69 -90 96 0
-96 69 0
-96 90 0
99 100 101 0
-99 -100 101 0
-57 -95 100 0
-100 57 0
-100 95 0
103 -104 105 0
-103 104 105 0
107 109 110 0
-107 -109 110 0
-103 108 109 0
-109 103 0
-109 -108 0
112 113 114 0
-112 -113 114 0
-90 -107 113 0
-113 90 0
-113 107 0
116 -117 118 0
-116 117 118 0
120 122 123 0
-120 -122 123 0
-116 121 122 0
-122 116 0
-122 -121 0
125 126 127 0
-125 -126 127 0
-107 -120 126 0
-126 107 0
-126 120 0
129 130 131 0
-129 -130 131 0
-82 -112 130 0
-130 82 0
-130 112 0
133 -134 135 0
-133 134 135 0
137 138 139 0
-137 -138 139 0
-95 -125 138 0
-138 95 0
-138 125 0
141 143 144 0
-141 -143 144 0
-133 142 143 0
-143 133 0
-143 -142 0
146 147 148 0
-146 -147 148 0
-120 -141 147 0
-147 120 0
-147 141 0
150 151 152 0
-150 -151 152 0
-112 -146 151 0
-151 112 0
-151 146 0
154 -155 156 0
-154 155 156 0
158 160 161 0
-158 -160 161 0
-154 159 160 0
-160 154 0
-160 -159 0
163 164 165 0
-163 -164 165 0
-141 -158 164 0
-164 141 0
-164 158 0
167 168 169 0
-167 -168 169 0
-125 -163 168 0
-168 125 0
-168 163 0
171 -172 173 0
-171 172 173 0
175 177 178 0
-175 -177 178 0
-171 176 177 0
-177 171 0
-177 -176 0
180 181 182 0
-180 -181 182 0
-158 -175 181 0
-181 158 0
-181 175 0
184 -185 186 0
-184 185 186 0
188 190 191 0
-188 -190 191 0
-184 189 190 0
-190 184 0
-190 -189 0
193 194 195 0
-193 -194 195 0
-175 -188 194 0
-194 175 0
-194 188 0
197 -198 199 0
-197 198 199 0
201 203 204 0
-201 -203 204 0
-197 202 203 0
-203 197 0
-203 -202 0
206 -207 208 0
-206 207 208 0
210 -2 211 0
-210 2 211 0
213 214 215 0
-213 -214 215 0
-210 5 214 0
-214 210 0
-214 -5 0
217 -10 218 0
-217 10 218 0
220 221 222 0
-220 -221 222 0
-217 14 221 0
-221 217 0
-221 -14 0
224 -19 225 0
-224 19 225 0
227 228 229 0
-227 -228 229 0
-213 -220 228 0
-228 213 0
-228 220 0
231 232 233 0
-231 -232 233 0
-224 27 232 0
-232 224 0
-232 -27 0
235 236 237 0
-235 -236 237 0
-220 -231 236 0
-236 220 0
-236 231 0
239 -36 240 0
-239 36 240 0
242 243 244 0
-242 -243 244 0
-239 40 243 0
-243 239 0
-243 -40 0
246 231 247 0
-246 -231 247 0
249 242 250 0
-249 -242 250 0
252 -49 253 0
-252 49 253 0
255 256 257 0
-255 -256 257 0
-252 53 256 0
-256 252 0
-256 -53 0
259 260 261 0
-259 -260 261 0
-242 -255 260 0
-260 242 0
-260 255 0
263 -62 264 0
-263 62 264 0
266 268 269 0
-266 -268 269 0
-227 -267 268 0
-268 227 0
-268 267 0
271 272 273 0
-271 -272 273 0
-263 70 272 0
-272 263 0
-272 -70 0
275 276 277 0
-275 -276 277 0
-235 -259 276 0
-276 235 0
-276 259 0
279 -79 280 0
-279 79 280 0
282 283 284 0
-282 -283 284 0
-255 -271 283 0
-283 255 0
-283 271 0
286 287 288 0
-286 -287 288 0
-267 -282 287 0
-287 267 0
-287 282 0
290 291 292 0
-290 -291 292 0
-279 91 291 0
-291 279 0
-291 -91 0
294 295 296 0
-294 -295 296 0
-271 -290 295 0
-295 271 0
-295 290 0
298 299 300 0
-298 -299 300 0
-259 -294 299 0
-299 259 0
-299 294 0
302 -104 303 0
-302 104 303 0
305 306 307 0
-305 -306 307 0
-302 108 306 0
-306 302 0
-306 -108 0
309 310 311 0
-309 -310 311 0
-290 -305 310 0
-310 290 0
-310 305 0
313 -117 314 0
-313 117 314 0
316 317 318 0
-316 -317 318 0
-313 121 317 0
-317 313 0
-317 -121 0
320 321 322 0
-320 -321 322 0
-305 -316 321 0
-321 305 0
-321 316 0
324 282 325 0
-324 -282 325 0
327 309 328 0
-327 -309 328 0
330 331 332 0
-330 -331 332 0
334 -134 335 0
-334 134 335 0
337 340 341 0
-337 -340 341 0
-339 -266 340 0
-316 -338 339 0
-334 -142 338 0
-340 339 0
-340 266 0
-339 316 0
-339 338 0
-338 334 0
-338 142 0
343 294 344 0
-343 -294 344 0
346 320 347 0
-346 -320 347 0
349 350 351 0
-349 -350 351 0
-334 142 350 0
-350 334 0
-350 -142 0
353 354 355 0
-353 -354 355 0
-316 -349 354 0
-354 316 0
-354 349 0
357 358 359 0
-357 -358 359 0
-309 -353 358 0
-358 309 0
-358 353 0
361 357 362 0
-361 -357 362 0
364 -155 365 0
-364 155 365 0
367 370 371 0
-367 -370 371 0
-369 -286 370 0
-368 -227 369 0
-364 -159 368 0
-370 369 0
-370 286 0
-369 368 0
-369 227 0
-368 364 0
-368 159 0
373 374 375 0
-373 -374 375 0
-364 159 374 0
-374 364 0
-374 -159 0
377 378 379 0
-377 -378 379 0
-349 -373 378 0
-378 349 0
-378 373 0
381 382 383 0
-381 -382 383 0
-320 -377 382 0
-382 320 0
-382 377 0
385 -172 386 0
-385 172 386 0
388 389 390 0
-388 -389 390 0
-385 176 389 0
-389 385 0
-389 -176 0
392 393 394 0
-392 -393 394 0
-373 -388 393 0
-393 373 0
-393 388 0
396 -185 397 0
-396 185 397 0
399 286 400 0
-399 -286 400 0
402 357 403 0
-402 -357 403 0
405 406 407 0
-405 -406 407 0
-396 189 406 0
-406 396 0
-406 -189 0
409 410 411 0
-409 -410 411 0
-388 -405 410 0
-410 388 0
-410 405 0
413 -198 414 0
-413 198 414 0
416 417 418 0
-416 -417 418 0
-413 202 417 0
-417 413 0
-417 -202 0
420 213 421 0
-420 -213 421 0
423 -207 424 0
-423 207 424 0
-711 692 0
-711 710 0
-692 675 0
-692 691 0
-675 661 0
-675 674 0
-661 647 0
-661 660 0
-647 635 0
-647 646 0
-635 623 0
-635 634 0
-623 611 0
-623 622 0
-611 599 0
-611 610 0
-599 589 0
-599 598 0
-589 582 0
-589 588 0
-582 571 0
-582 581 0
-571 564 0
-571 570 0
-564 554 0
-564 563 0
-554 544 0
-554 553 0
-544 534 0
-544 543 0
-534 524 0
-534 533 0
-524 516 0
-524 523 0
-516 508 0
-516 515 0
-508 500 0
-508 507 0
-500 492 0
-500 499 0
-492 484 0
-492 491 0
-484 476 0
-484 483 0
-476 468 0
-476 475 0
-468 460 0
-468 467 0
-460 454 0
-460 459 0
-454 448 0
-454 453 0
-448 442 0
-448 447 0
-442 436 0
-442 441 0
-436 432 0
-436 435 0
-432 428 0
-432 431 0
-428 426 0
-428 427 0
-426 -2 2 0
-426 2 -2 0
-427 -2 2 0
-427 2 -2 0
-431 -429 430 0
-431 429 -430 0
-429 210 0
-429 5 0
-430 1 0
-430 5 0
-210 -5 429 0
-1 -5 430 0
-435 -433 434 0
-435 433 -434 0
-433 10 0
-433 213 0
-434 10 0
-434 4 0
-10 -213 433 0
-10 -4 434 0
-441 -438 440 0
-441 438 -440 0
-438 213 0
-438 437 0
-437 217 0
-437 14 0
-440 4 0
-440 439 0
-439 9 0
-439 14 0
-213 -437 438 0
-217 -14 437 0
-4 -439 440 0
-9 -14 439 0
-447 -444 446 0
-447 444 -446 0
-444 220 0
-444 443 0
-443 19 0
-443 213 0
-446 13 0
-446 445 0
-445 19 0
-445 4 0
-220 -443 444 0
-19 -213 443 0
-13 -445 446 0
-19 -4 445 0
-453 -450 452 0
-453 450 -452 0
-450 449 0
-450 227 0
-449 224 0
-449 27 0
-452 451 0
-452 22 0
-451 18 0
-451 27 0
-449 -227 450 0
-224 -27 449 0
-451 -22 452 0
-18 -27 451 0
-459 -456 458 0
-459 456 -458 0
-456 455 0
-456 235 0
-455 36 0
-455 213 0
-458 457 0
-458 31 0
-457 36 0
-457 4 0
-455 -235 456 0
-36 -213 455 0
-457 -31 458 0
-36 -4 457 0
-467 -463 466 0
-467 463 -466 0
-463 227 0
-463 462 0
-462 231 0
-462 461 0
-461 239 0
-461 40 0
-466 22 0
-466 465 0
-465 26 0
-465 464 0
-464 35 0
-464 40 0
-227 -462 463 0
-231 -461 462 0
-239 -40 461 0
-22 -465 466 0
-26 -464 465 0
-35 -40 464 0
-475 -471 474 0
-475 471 -474 0
-471 235 0
-471 470 0
-470 242 0
-470 469 0
-469 49 0
-469 213 0
-474 31 0
-474 473 0
-473 39 0
-473 472 0
-472 49 0
-472 4 0
-235 -470 471 0
-242 -469 470 0
-49 -213 469 0
-31 -473 474 0
-39 -472 473 0
-49 -4 472 0
-483 -479 482 0
-483 479 -482 0
-479 267 0
-479 478 0
-478 477 0
-478 227 0
-477 252 0
-477 53 0
-482 44 0
-482 481 0
-481 480 0
-481 22 0
-480 48 0
-480 53 0
-267 -478 479 0
-477 -227 478 0
-252 -53 477 0
-44 -481 482 0
-480 -22 481 0
-48 -53 480 0
-491 -487 490 0
-491 487 -490 0
-487 259 0
-487 486 0
-486 485 0
-486 235 0
-485 62 0
-485 213 0
-490 57 0
-490 489 0
-489 488 0
-489 31 0
-488 62 0
-488 4 0
-259 -486 487 0
-485 -235 486 0
-62 -213 485 0
-57 -489 490 0
-488 -31 489 0
-62 -4 488 0
-499 -495 498 0
-499 495 -498 0
-495 494 0
-495 266 0
-494 255 0
-494 493 0
-493 263 0
-493 70 0
-498 497 0
-498 65 0
-497 52 0
-497 496 0
-496 61 0
-496 70 0
-494 -266 495 0
-255 -493 494 0
-263 -70 493 0
-497 -65 498 0
-52 -496 497 0
-61 -70 496 0
-507 -503 506 0
-507 503 -506 0
-503 502 0
-503 275 0
-502 271 0
-502 501 0
-501 79 0
-501 213 0
-506 505 0
-506 74 0
-505 69 0
-505 504 0
-504 79 0
-504 4 0
-502 -275 503 0
-271 -501 502 0
-79 -213 501 0
-505 -74 506 0
-69 -504 505 0
-79 -4 504 0
-515 -511 514 0
-515 511 -514 0
-511 510 0
-511 286 0
-510 509 0
-510 227 0
-509 279 0
-509 91 0
-514 513 0
-514 86 0
-513 512 0
-513 22 0
-512 78 0
-512 91 0
-510 -286 511 0
-509 -227 510 0
-279 -91 509 0
-513 -86 514 0
-512 -22 513 0
-78 -91 512 0
-523 -519 522 0
-523 519 -522 0
-519 518 298 0
-518 517 0
-518 235 0
-517 104 0
-517 213 0
-522 521 0
-522 99 0
-521 520 0
-521 31 0
-520 104 0
-520 4 0
-518 298 519 0
518 -298 519 0
-518 -298 519 0
-517 -235 518 0
-104 -213 517 0
-521 -99 522 0
-520 -31 521 0
-104 -4 520 0
-533 -528 532 0
-533 528 -532 0
-528 266 0
-528 527 0
-527 282 0
-527 526 0
-526 290 0
-526 525 0
-525 302 0
-525 108 0
-532 65 0
-532 531 0
-531 82 0
-531 530 0
-530 90 0
-530 529 0
-529 103 0
-529 108 0
-266 -527 528 0
-282 -526 527 0
-290 -525 526 0
-302 -108 525 0
-65 -531 532 0
-82 -530 531 0
-90 -529 530 0
-103 -108 529 0
-543 -538 542 0
-543 538 -542 0
-538 275 0
-538 537 0
-537 294 0
-537 536 0
-536 305 0
-536 535 0
-535 117 0
-535 213 0
-542 74 0
-542 541 0
-541 95 0
-541 540 0
-540 107 0
-540 539 0
-539 117 0
-539 4 0
-275 -537 538 0
-294 -536 537 0
-305 -535 536 0
-117 -213 535 0
-74 -541 542 0
-95 -540 541 0
-107 -539 540 0
-117 -4 539 0
-553 -548 552 0
-553 548 -552 0
-548 286 0
-548 547 0
-547 309 0
-547 546 0
-546 545 0
-546 227 0
-545 313 0
-545 121 0
-552 86 0
-552 551 0
-551 112 0
-551 550 0
-550 549 0
-550 22 0
-549 116 0
-549 121 0
-286 -547 548 0
-309 -546 547 0
-545 -227 546 0
-313 -121 545 0
-86 -551 552 0
-112 -550 551 0
-549 -22 550 0
-116 -121 549 0
-563 -558 562 0
-563 558 -562 0
-558 298 0
-558 557 0
-557 320 0
-557 556 0
-556 555 0
-556 235 0
-555 134 0
-555 213 0
-562 99 0
-562 561 0
-561 125 0
-561 560 0
-560 559 0
-560 31 0
-559 134 0
-559 4 0
-298 -557 558 0
-320 -556 557 0
-555 -235 556 0
-134 -213 555 0
-99 -561 562 0
-125 -560 561 0
-559 -31 560 0
-134 -4 559 0
-570 -565 569 0
-570 565 -569 0
-569 129 0
-569 568 0
-568 567 0
-568 65 0
-567 120 0
-567 566 0
-566 133 0
-566 142 0
-129 -568 569 0
-567 -65 568 0
-120 -566 567 0
-133 -142 566 0
-581 -576 580 0
-581 576 -580 0
-576 572 0
-576 575 0
-575 574 0
-575 275 0
-574 349 0
-574 573 0
-573 155 0
-573 213 0
-580 137 0
-580 579 0
-579 578 0
-579 74 0
-578 141 0
-578 577 0
-577 155 0
-577 4 0
-572 -575 576 0
-574 -275 575 0
-349 -573 574 0
-155 -213 573 0
-137 -579 580 0
-578 -74 579 0
-141 -577 578 0
-155 -4 577 0
-588 -583 587 0
-588 583 -587 0
-587 150 0
-587 586 0
-586 585 0
-586 86 0
-585 584 0
-585 22 0
-584 154 0
-584 159 0
-150 -586 587 0
-585 -86 586 0
-584 -22 585 0
-154 -159 584 0
-598 -593 597 0
-598 593 -597 0
-593 381 0
-593 592 0
-592 591 0
-592 298 0
-591 590 0
-591 235 0
-590 172 0
-590 213 0
-597 167 0
-597 596 0
-596 595 0
-596 99 0
-595 594 0
-595 31 0
-594 172 0
-594 4 0
-381 -592 593 0
-591 -298 592 0
-590 -235 591 0
-172 -213 590 0
-167 -596 597 0
-595 -99 596 0
-594 -31 595 0
-172 -4 594 0
-610 -604 609 0
-610 604 -609 0
-604 602 0
-604 603 0
-602 353 0
-602 601 0
-601 373 0
-601 600 0
-600 385 0
-600 176 0
-603 266 0
-603 331 0
-609 607 0
-609 608 0
-607 146 0
-607 606 0
-606 158 0
-606 605 0
-605 171 0
-605 176 0
-608 65 0
-608 129 0
-602 -603 604 0
-353 -601 602 0
-373 -600 601 0
-385 -176 600 0
-266 -331 603 0
-607 -608 609 0
-146 -606 607 0
-158 -605 606 0
-171 -176 605 0
-65 -129 608 0
-622 -616 621 0
-622 616 -621 0
-616 614 0
-616 615 0
-614 377 0
-614 613 0
-613 388 0
-613 612 0
-612 185 0
-612 213 0
-615 275 0
-615 572 0
-621 619 0
-621 620 0
-619 163 0
-619 618 0
-618 175 0
-618 617 0
-617 185 0
-617 4 0
-620 74 0
-620 137 0
-614 -615 616 0
-377 -613 614 0
-388 -612 613 0
-185 -213 612 0
-275 -572 615 0
-619 -620 621 0
-163 -618 619 0
-175 -617 618 0
-185 -4 617 0
-74 -137 620 0
-634 -628 633 0
-634 628 -633 0
-628 626 0
-628 627 0
-626 392 0
-626 625 0
-625 624 0
-625 227 0
-624 396 0
-624 189 0
-633 631 0
-633 632 0
-631 180 0
-631 630 0
-630 629 0
-630 22 0
-629 184 0
-629 189 0
-632 86 0
-632 150 0
-626 -627 628 0
-392 -625 626 0
-624 -227 625 0
-396 -189 624 0
-631 -632 633 0
-180 -630 631 0
-629 -22 630 0
-184 -189 629 0
-86 -150 632 0
-646 -640 645 0
-646 640 -645 0
-640 638 0
-640 639 0
-638 409 0
-638 637 0
-637 636 0
-637 235 0
-636 198 0
-636 213 0
-639 298 0
-639 381 0
-645 643 0
-645 644 0
-643 193 0
-643 642 0
-642 641 0
-642 31 0
-641 198 0
-641 4 0
-644 99 0
-644 167 0
-638 -639 640 0
-409 -637 638 0
-636 -235 637 0
-198 -213 636 0
-298 -381 639 0
-643 -644 645 0
-193 -642 643 0
-641 -31 642 0
-198 -4 641 0
-99 -167 644 0
-660 -653 659 0
-660 653 -659 0
-653 650 0
-653 652 0
-650 649 0
-650 266 0
-649 405 0
-649 648 0
-648 413 0
-648 202 0
-652 331 0
-652 651 0
-651 353 0
-651 392 0
-659 656 0
-659 658 0
-656 655 0
-656 65 0
-655 188 0
-655 654 0
-654 197 0
-654 202 0
-658 129 0
-658 657 0
-657 146 0
-657 180 0
-650 -652 653 0
-649 -266 650 0
-405 -648 649 0
-413 -202 648 0
-331 -651 652 0
-353 -392 651 0
-656 -658 659 0
-655 -65 656 0
-188 -654 655 0
-197 -202 654 0
-129 -657 658 0
-146 -180 657 0
-674 -667 673 0
-674 667 -673 0
-667 664 0
-667 666 0
-664 663 0
-664 275 0
-663 416 0
-663 662 0
-666 572 0
-666 665 0
-665 377 0
-665 409 0
-673 670 0
-673 672 0
-670 669 0
-670 74 0
-669 201 0
-669 668 0
-668 207 0
-668 4 0
-672 137 0
-672 671 0
-671 163 0
-671 193 0
-664 -666 667 0
-663 -275 664 0
-416 -662 663 0
-572 -665 666 0
-377 -409 665 0
-670 -672 673 0
-669 -74 670 0
-201 -668 669 0
-207 -4 668 0
-137 -671 672 0
-163 -193 671 0
-691 -683 690 0
-691 683 -690 0
-683 679 0
-683 682 0
-679 678 0
-679 286 0
-678 677 0
-678 227 0
-677 423 0
-677 676 0
-682 357 0
-682 681 0
-681 392 0
-681 680 0
-680 405 0
-680 416 0
-690 686 0
-690 689 0
-686 685 0
-686 86 0
-685 684 0
-685 22 0
-684 206 0
-684 676 0
-689 150 0
-689 688 0
-688 180 0
-688 687 0
-687 188 0
-687 201 0
-679 -682 683 0
-678 -286 679 0
-677 -227 678 0
-423 -676 677 0
-357 -681 682 0
-392 -680 681 0
-405 -416 680 0
-686 -689 690 0
-685 -86 686 0
-684 -22 685 0
-206 -676 684 0
-150 -688 689 0
-180 -687 688 0
-188 -201 687 0
-710 -701 709 0
-710 701 -709 0
-701 696 0
-701 700 0
-696 695 0
-696 298 0
-695 694 0
-695 235 0
-694 693 0
-694 213 0
-700 381 0
-700 699 0
-699 409 0
-699 698 0
-698 416 0
-698 697 0
-697 423 0
-697 -676 0
-709 704 0
-709 708 0
-704 703 0
-704 99 0
-703 702 0
-703 31 0
-702 693 0
-702 4 0
-708 167 0
-708 707 0
-707 193 0
-707 706 0
-706 201 0
-706 705 0
-705 206 0
-705 -676 0
-696 -700 701 0
-695 -298 696 0
-694 -235 695 0
-693 -213 694 0
-381 -699 700 0
-409 -698 699 0
-416 -697 698 0
-423 676 697 0
-704 -708 709 0
-703 -99 704 0
-702 -31 703 0
-693 -4 702 0
-167 -707 708 0
-193 -706 707 0
-201 -705 706 0
-206 676 705 0
2027 0
1 -2028 0
-5 -2028 0
-1 5 2028 0
9 -2029 0
-14 -2029 0
-9 14 2029 0
13 -2030 0
4 -2030 0
-13 -4 2030 0
18 -2031 0
-27 -2031 0
-18 27 2031 0
26 -2032 0
13 -2032 0
-26 -13 2032 0
35 -2033 0
-40 -2033 0
-35 40 2033 0
39 -2034 0
26 -2034 0
-39 -26 2034 0
48 -2035 0
-53 -2035 0
-48 53 2035 0
52 -2036 0
39 -2036 0
-52 -39 2036 0
44 -2037 0
22 -2037 0
-44 -22 2037 0
61 -2038 0
-70 -2038 0
-61 70 2038 0
57 -2039 0
31 -2039 0
-57 -31 2039 0
69 -2040 0
52 -2040 0
-69 -52 2040 0
44 -2041 0
82 -2041 0
-44 -82 2041 0
78 -2042 0
-91 -2042 0
-78 91 2042 0
69 -2043 0
90 -2043 0
-69 -90 2043 0
57 -2044 0
95 -2044 0
-57 -95 2044 0
-108 -2045 0
103 -2045 0
108 -103 2045 0
107 -2046 0
90 -2046 0
-107 -90 2046 0
-121 -2047 0
116 -2047 0
121 -116 2047 0
107 -2048 0
120 -2048 0
-107 -120 2048 0
112 -2049 0
82 -2049 0
-112 -82 2049 0
95 -2050 0
125 -2050 0
-95 -125 2050 0
-142 -2051 0
133 -2051 0
142 -133 2051 0
141 -2052 0
120 -2052 0
-141 -120 2052 0
112 -2053 0
146 -2053 0
-112 -146 2053 0
-159 -2054 0
154 -2054 0
159 -154 2054 0
158 -2055 0
141 -2055 0
-158 -141 2055 0
125 -2056 0
163 -2056 0
-125 -163 2056 0
-176 -2057 0
171 -2057 0
176 -171 2057 0
158 -2058 0
175 -2058 0
-158 -175 2058 0
-189 -2059 0
184 -2059 0
189 -184 2059 0
188 -2060 0
175 -2060 0
-188 -175 2060 0
-202 -2061 0
197 -2061 0
202 -197 2061 0
-5 -2062 0
210 -2062 0
5 -210 2062 0
-14 -2063 0
217 -2063 0
14 -217 2063 0
220 -2064 0
213 -2064 0
-220 -213 2064 0
-27 -2065 0
224 -2065 0
27 -224 2065 0
220 -2066 0
231 -2066 0
-220 -231 2066 0
-40 -2067 0
239 -2067 0
40 -239 2067 0
252 -2068 0
-53 -2068 0
-252 53 2068 0
255 -2069 0
242 -2069 0
-255 -242 2069 0
263 -2070 0
-70 -2070 0
-263 70 2070 0
259 -2071 0
235 -2071 0
-259 -235 2071 0
271 -2072 0
255 -2072 0
-271 -255 2072 0
-91 -2073 0
279 -2073 0
91 -279 2073 0
271 -2074 0
290 -2074 0
-271 -290 2074 0
259 -2075 0
294 -2075 0
-259 -294 2075 0
-108 -2076 0
302 -2076 0
108 -302 2076 0
290 -2077 0
305 -2077 0
-290 -305 2077 0
-121 -2078 0
313 -2078 0
121 -313 2078 0
316 -2079 0
305 -2079 0
-316 -305 2079 0
334 -2080 0
142 -2080 0
-334 -142 2080 0
316 -2081 0
338 -2081 0
-316 -338 2081 0
266 -2082 0
339 -2082 0
-266 -339 2082 0
334 -2083 0
-142 -2083 0
-334 142 2083 0
316 -2084 0
349 -2084 0
-316 -349 2084 0
353 -2085 0
309 -2085 0
-353 -309 2085 0
364 -2086 0
159 -2086 0
-364 -159 2086 0
227 -2087 0
368 -2087 0
-227 -368 2087 0
286 -2088 0
369 -2088 0
-286 -369 2088 0
364 -2089 0
-159 -2089 0
-364 159 2089 0
349 -2090 0
373 -2090 0
-349 -373 2090 0
377 -2091 0
320 -2091 0
-377 -320 2091 0
385 -2092 0
-176 -2092 0
-385 176 2092 0
373 -2093 0
388 -2093 0
-373 -388 2093 0
-189 -2094 0
396 -2094 0
189 -396 2094 0
405 -2095 0
388 -2095 0
-405 -388 2095 0
-202 -2096 0
413 -2096 0
202 -413 2096 0
5 -2097 0
210 -2097 0
-5 -210 2097 0
1 -2098 0
5 -2098 0
-1 -5 2098 0
10 -2099 0
213 -2099 0
-10 -213 2099 0
4 -2100 0
10 -2100 0
-4 -10 2100 0
14 -2101 0
217 -2101 0
-14 -217 2101 0
213 -2102 0
437 -2102 0
-213 -437 2102 0
9 -2103 0
14 -2103 0
-9 -14 2103 0
4 -2104 0
439 -2104 0
-4 -439 2104 0
19 -2105 0
213 -2105 0
-19 -213 2105 0
220 -2106 0
443 -2106 0
-220 -443 2106 0
4 -2107 0
19 -2107 0
-4 -19 2107 0
13 -2108 0
445 -2108 0
-13 -445 2108 0
27 -2109 0
224 -2109 0
-27 -224 2109 0
227 -2110 0
449 -2110 0
-227 -449 2110 0
18 -2111 0
27 -2111 0
-18 -27 2111 0
22 -2112 0
451 -2112 0
-22 -451 2112 0
36 -2113 0
213 -2113 0
-36 -213 2113 0
235 -2114 0
455 -2114 0
-235 -455 2114 0
4 -2115 0
36 -2115 0
-4 -36 2115 0
31 -2116 0
457 -2116 0
-31 -457 2116 0
40 -2117 0
239 -2117 0
-40 -239 2117 0
231 -2118 0
461 -2118 0
-231 -461 2118 0
227 -2119 0
462 -2119 0
-227 -462 2119 0
35 -2120 0
40 -2120 0
-35 -40 2120 0
26 -2121 0
464 -2121 0
-26 -464 2121 0
22 -2122 0
465 -2122 0
-22 -465 2122 0
49 -2123 0
213 -2123 0
-49 -213 2123 0
242 -2124 0
469 -2124 0
-242 -469 2124 0
235 -2125 0
470 -2125 0
-235 -470 2125 0
4 -2126 0
49 -2126 0
-4 -49 2126 0
39 -2127 0
472 -2127 0
-39 -472 2127 0
31 -2128 0
473 -2128 0
-31 -473 2128 0
252 -2129 0
53 -2129 0
-252 -53 2129 0
227 -2130 0
477 -2130 0
-227 -477 2130 0
268 -2131 0
478 -2131 0
-268 -478 2131 0
48 -2132 0
53 -2132 0
-48 -53 2132 0
22 -2133 0
480 -2133 0
-22 -480 2133 0
44 -2134 0
481 -2134 0
-44 -481 2134 0
62 -2135 0
213 -2135 0
-62 -213 2135 0
235 -2136 0
485 -2136 0
-235 -485 2136 0
259 -2137 0
486 -2137 0
-259 -486 2137 0
62 -2138 0
4 -2138 0
-62 -4 2138 0
31 -2139 0
488 -2139 0
-31 -488 2139 0
57 -2140 0
489 -2140 0
-57 -489 2140 0
263 -2141 0
70 -2141 0
-263 -70 2141 0
255 -2142 0
493 -2142 0
-255 -493 2142 0
266 -2143 0
494 -2143 0
-266 -494 2143 0
61 -2144 0
70 -2144 0
-61 -70 2144 0
52 -2145 0
496 -2145 0
-52 -496 2145 0
65 -2146 0
497 -2146 0
-65 -497 2146 0
79 -2147 0
213 -2147 0
-79 -213 2147 0
271 -2148 0
501 -2148 0
-271 -501 2148 0
275 -2149 0
502 -2149 0
-275 -502 2149 0
79 -2150 0
4 -2150 0
-79 -4 2150 0
69 -2151 0
504 -2151 0
-69 -504 2151 0
74 -2152 0
505 -2152 0
-74 -505 2152 0
91 -2153 0
279 -2153 0
-91 -279 2153 0
227 -2154 0
509 -2154 0
-227 -509 2154 0
286 -2155 0
510 -2155 0
-286 -510 2155 0
78 -2156 0
91 -2156 0
-78 -91 2156 0
22 -2157 0
512 -2157 0
-22 -512 2157 0
86 -2158 0
513 -2158 0
-86 -513 2158 0
104 -2159 0
213 -2159 0
-104 -213 2159 0
235 -2160 0
517 -2160 0
-235 -517 2160 0
-298 -2161 0
-518 -2161 0
298 518 2161 0
104 -2162 0
4 -2162 0
-104 -4 2162 0
31 -2163 0
520 -2163 0
-31 -520 2163 0
99 -2164 0
521 -2164 0
-99 -521 2164 0
108 -2165 0
302 -2165 0
-108 -302 2165 0
290 -2166 0
525 -2166 0
-290 -525 2166 0
282 -2167 0
526 -2167 0
-282 -526 2167 0
266 -2168 0
527 -2168 0
-266 -527 2168 0
108 -2169 0
103 -2169 0
-108 -103 2169 0
90 -2170 0
529 -2170 0
-90 -529 2170 0
82 -2171 0
530 -2171 0
-82 -530 2171 0
65 -2172 0
531 -2172 0
-65 -531 2172 0
117 -2173 0
213 -2173 0
-117 -213 2173 0
305 -2174 0
535 -2174 0
-305 -535 2174 0
294 -2175 0
536 -2175 0
-294 -536 2175 0
275 -2176 0
537 -2176 0
-275 -537 2176 0
117 -2177 0
4 -2177 0
-117 -4 2177 0
107 -2178 0
539 -2178 0
-107 -539 2178 0
95 -2179 0
540 -2179 0
-95 -540 2179 0
74 -2180 0
541 -2180 0
-74 -541 2180 0
121 -2181 0
313 -2181 0
-121 -313 2181 0
227 -2182 0
545 -2182 0
-227 -545 2182 0
309 -2183 0
546 -2183 0
-309 -546 2183 0
286 -2184 0
547 -2184 0
-286 -547 2184 0
121 -2185 0
116 -2185 0
-121 -116 2185 0
22 -2186 0
549 -2186 0
-22 -549 2186 0
112 -2187 0
550 -2187 0
-112 -550 2187 0
86 -2188 0
551 -2188 0
-86 -551 2188 0
134 -2189 0
213 -2189 0
-134 -213 2189 0
235 -2190 0
555 -2190 0
-235 -555 2190 0
320 -2191 0
556 -2191 0
-320 -556 2191 0
298 -2192 0
557 -2192 0
-298 -557 2192 0
134 -2193 0
4 -2193 0
-134 -4 2193 0
31 -2194 0
559 -2194 0
-31 -559 2194 0
125 -2195 0
560 -2195 0
-125 -560 2195 0
99 -2196 0
561 -2196 0
-99 -561 2196 0
142 -2197 0
133 -2197 0
-142 -133 2197 0
120 -2198 0
566 -2198 0
-120 -566 2198 0
65 -2199 0
567 -2199 0
-65 -567 2199 0
129 -2200 0
568 -2200 0
-129 -568 2200 0
155 -2201 0
213 -2201 0
-155 -213 2201 0
349 -2202 0
573 -2202 0
-349 -573 2202 0
275 -2203 0
574 -2203 0
-275 -574 2203 0
155 -2204 0
4 -2204 0
-155 -4 2204 0
141 -2205 0
577 -2205 0
-141 -577 2205 0
74 -2206 0
578 -2206 0
-74 -578 2206 0
137 -2207 0
579 -2207 0
-137 -579 2207 0
159 -2208 0
154 -2208 0
-159 -154 2208 0
22 -2209 0
584 -2209 0
-22 -584 2209 0
86 -2210 0
585 -2210 0
-86 -585 2210 0
150 -2211 0
586 -2211 0
-150 -586 2211 0
172 -2212 0
213 -2212 0
-172 -213 2212 0
235 -2213 0
590 -2213 0
-235 -590 2213 0
298 -2214 0
591 -2214 0
-298 -591 2214 0
381 -2215 0
592 -2215 0
-381 -592 2215 0
172 -2216 0
4 -2216 0
-172 -4 2216 0
31 -2217 0
594 -2217 0
-31 -594 2217 0
99 -2218 0
595 -2218 0
-99 -595 2218 0
167 -2219 0
596 -2219 0
-167 -596 2219 0
385 -2220 0
176 -2220 0
-385 -176 2220 0
373 -2221 0
600 -2221 0
-373 -600 2221 0
353 -2222 0
601 -2222 0
-353 -601 2222 0
602 -2223 0
603 -2223 0
-602 -603 2223 0
176 -2224 0
171 -2224 0
-176 -171 2224 0
158 -2225 0
605 -2225 0
-158 -605 2225 0
146 -2226 0
606 -2226 0
-146 -606 2226 0
65 -2227 0
129 -2227 0
-65 -129 2227 0
607 -2228 0
608 -2228 0
-607 -608 2228 0
185 -2229 0
213 -2229 0
-185 -213 2229 0
388 -2230 0
612 -2230 0
-388 -612 2230 0
377 -2231 0
613 -2231 0
-377 -613 2231 0
614 -2232 0
615 -2232 0
-614 -615 2232 0
185 -2233 0
4 -2233 0
-185 -4 2233 0
175 -2234 0
617 -2234 0
-175 -617 2234 0
163 -2235 0
618 -2235 0
-163 -618 2235 0
74 -2236 0
137 -2236 0
-74 -137 2236 0
619 -2237 0
620 -2237 0
-619 -620 2237 0
189 -2238 0
396 -2238 0
-189 -396 2238 0
227 -2239 0
624 -2239 0
-227 -624 2239 0
392 -2240 0
625 -2240 0
-392 -625 2240 0
189 -2241 0
184 -2241 0
-189 -184 2241 0
22 -2242 0
629 -2242 0
-22 -629 2242 0
180 -2243 0
630 -2243 0
-180 -630 2243 0
86 -2244 0
150 -2244 0
-86 -150 2244 0
631 -2245 0
632 -2245 0
-631 -632 2245 0
198 -2246 0
213 -2246 0
-198 -213 2246 0
235 -2247 0
636 -2247 0
-235 -636 2247 0
409 -2248 0
637 -2248 0
-409 -637 2248 0
381 -2249 0
298 -2249 0
-381 -298 2249 0
638 -2250 0
639 -2250 0
-638 -639 2250 0
198 -2251 0
4 -2251 0
-198 -4 2251 0
31 -2252 0
641 -2252 0
-31 -641 2252 0
193 -2253 0
642 -2253 0
-193 -642 2253 0
99 -2254 0
167 -2254 0
-99 -167 2254 0
643 -2255 0
644 -2255 0
-643 -644 2255 0
202 -2256 0
413 -2256 0
-202 -413 2256 0
405 -2257 0
648 -2257 0
-405 -648 2257 0
266 -2258 0
649 -2258 0
-266 -649 2258 0
353 -2259 0
392 -2259 0
-353 -392 2259 0
650 -2260 0
652 -2260 0
-650 -652 2260 0
202 -2261 0
197 -2261 0
-202 -197 2261 0
188 -2262 0
654 -2262 0
-188 -654 2262 0
65 -2263 0
655 -2263 0
-65 -655 2263 0
180 -2264 0
146 -2264 0
-180 -146 2264 0
129 -2265 0
657 -2265 0
-129 -657 2265 0
656 -2266 0
658 -2266 0
-656 -658 2266 0
275 -2267 0
663 -2267 0
-275 -663 2267 0
377 -2268 0
409 -2268 0
-377 -409 2268 0
664 -2269 0
666 -2269 0
-664 -666 2269 0
207 -2270 0
4 -2270 0
-207 -4 2270 0
201 -2271 0
668 -2271 0
-201 -668 2271 0
74 -2272 0
669 -2272 0
-74 -669 2272 0
193 -2273 0
163 -2273 0
-193 -163 2273 0
137 -2274 0
671 -2274 0
-137 -671 2274 0
670 -2275 0
672 -2275 0
-670 -672 2275 0
423 -2276 0
676 -2276 0
-423 -676 2276 0
227 -2277 0
677 -2277 0
-227 -677 2277 0
286 -2278 0
678 -2278 0
-286 -678 2278 0
416 -2279 0
405 -2279 0
-416 -405 2279 0
392 -2280 0
680 -2280 0
-392 -680 2280 0
357 -2281 0
681 -2281 0
-357 -681 2281 0
679 -2282 0
682 -2282 0
-679 -682 2282 0
676 -2283 0
206 -2283 0
-676 -206 2283 0
22 -2284 0
684 -2284 0
-22 -684 2284 0
86 -2285 0
685 -2285 0
-86 -685 2285 0
201 -2286 0
188 -2286 0
-201 -188 2286 0
180 -2287 0
687 -2287 0
-180 -687 2287 0
150 -2288 0
688 -2288 0
-150 -688 2288 0
686 -2289 0
689 -2289 0
-686 -689 2289 0
693 -2290 0
213 -2290 0
-693 -213 2290 0
235 -2291 0
694 -2291 0
-235 -694 2291 0
298 -2292 0
695 -2292 0
-298 -695 2292 0
423 -2293 0
-676 -2293 0
-423 676 2293 0
416 -2294 0
697 -2294 0
-416 -697 2294 0
409 -2295 0
698 -2295 0
-409 -698 2295 0
381 -2296 0
699 -2296 0
-381 -699 2296 0
696 -2297 0
700 -2297 0
-696 -700 2297 0
4 -2298 0
693 -2298 0
-4 -693 2298 0
31 -2299 0
702 -2299 0
-31 -702 2299 0
99 -2300 0
703 -2300 0
-99 -703 2300 0
-676 -2301 0
206 -2301 0
676 -206 2301 0
201 -2302 0
705 -2302 0
-201 -705 2302 0
193 -2303 0
706 -2303 0
-193 -706 2303 0
167 -2304 0
707 -2304 0
-167 -707 2304 0
704 -2305 0
708 -2305 0
-704 -708 2305 0
