c defined variables: 6 15 23 28 32 41 45 54 58 66 71 75 83 87 92 96 100 109 113 122 126 130 138 143 147 151 160 164 168 177 181 190 194 203 214 221 228 235 239 246 250 257 261 268 272 276 283 287 291 295 299 306 310 317 321 325 335 336 337 341 345 349 353 363 375 376 386 390 397 401 405 415 423 432 433 436 437 440 441 442 443 446 447 448 449 452 453 454 455 460 461 464 465 466 467 468 469 472 473 474 475 476 477 480 481 482 483 484 485 488 489 490 491 492 493 496 497 498 499 500 501 504 505 506 507 508 509 512 513 514 515 516 517 520 521 522 523 524 525 528 529 530 531 532 533 534 535 538 539 540 541 542 543 544 545 548 549 550 551 552 553 554 555 558 559 560 561 562 563 564 565 569 570 571 572 575 576 577 578 579 580 581 582 585 586 587 588 589 590 591 592 597 598 599 600 603 604 605 606 607 608 609 610 611 612 615 616 618 619 620 621 622 623 624 627 628 629 630 631 632 633 634 635 636 641 642 643 644 645 646 647 650 651 652 653 654 655 656 657 658 659 660 661 664 665 666 668 669 670 671 672 673 674 675 680 681 682 683 684 685 686 687 688 689 690 694 695 696 697 698 699 700 701 702 703 704 705 706 707 708 709 712 
p cnf 2310 2723
a 404 396 362 328 316 334 324 340 331 352 344 356 348 421 260 253 249 245 74 78 65 69 52 61 48 57 39 44 121 134 374 379 366 264 369 359 53 62 70 79 91 104 108 117 271 382 426 385 408 267 279 275 207 202 414 411 185 176 198 189 155 142 172 159 26 35 13 18 22 31 1 4 9 422 693 256 313 320 389 286 282 298 294 290 302 305 309 206 201 193 184 197 188 171 158 180 175 40 49 5 10 2 27 36 14 19 217 220 210 213 231 238 224 227 234 242 112 107 103 90 95 99 82 86 125 116 400 418 393 141 150 146 154 120 129 133 137 167 163 0
e 3 7 8 11 12 16 17 20 21 24 25 29 30 33 34 37 38 42 43 46 47 50 51 55 56 59 60 63 64 67 68 72 73 76 77 80 81 84 85 88 89 93 94 97 98 101 102 105 106 110 111 114 115 118 119 123 124 127 128 131 132 135 136 139 140 144 145 148 149 152 153 156 157 161 162 165 166 169 170 173 174 178 179 182 183 186 187 191 192 195 196 199 200 204 205 208 209 211 212 215 216 218 219 222 223 225 226 229 230 232 233 236 237 240 241 243 244 247 248 251 252 254 255 258 259 262 263 265 266 269 270 273 274 277 278 280 281 284 285 288 289 292 293 296 297 300 301 303 304 307 308 311 312 314 315 318 319 322 323 326 327 329 330 332 333 338 339 342 343 346 347 350 351 354 355 357 358 360 361 364 365 367 368 371 372 373 377 378 380 381 383 384 387 388 391 392 394 395 398 399 402 403 406 407 409 410 412 413 416 417 419 420 424 425 427 428 429 430 431 434 435 438 439 444 445 450 451 456 457 459 462 463 470 471 478 479 486 487 494 495 502 503 510 511 518 519 526 527 536 537 546 547 556 557 566 567 573 574 583 584 593 594 596 601 602 613 614 617 625 626 637 638 640 648 649 662 663 667 676 677 679 691 692 710 711 6 15 23 28 32 41 45 54 58 66 71 75 83 87 92 96 100 109 113 122 126 130 138 143 147 151 160 164 168 177 181 190 194 203 214 221 228 235 239 246 250 257 261 268 272 276 283 287 291 295 299 306 310 317 321 325 335 336 337 341 345 349 353 363 375 376 386 390 397 401 405 415 423 432 433 436 437 440 441 442 443 446 447 448 449 452 453 454 455 460 461 464 465 466 467 468 469 472 473 474 475 476 477 480 481 482 483 484 485 488 489 490 491 492 493 496 497 498 499 500 501 504 505 506 507 508 509 512 513 514 515 516 517 520 521 522 523 524 525 528 529 530 531 532 533 534 535 538 539 540 541 542 543 544 545 548 549 550 551 552 553 554 555 558 559 560 561 562 563 564 565 569 570 571 572 575 576 577 578 579 580 581 582 585 586 587 588 589 590 591 592 597 598 599 600 603 604 605 606 607 608 609 610 611 612 615 616 618 619 620 621 622 623 624 627 628 629 630 631 632 633 634 635 636 641 642 643 644 645 646 647 650 651 652 653 654 655 656 657 658 659 660 661 664 665 666 668 669 670 671 672 673 674 675 680 681 682 683 684 685 686 687 688 689 690 694 695 696 697 698 699 700 701 702 703 704 705 706 707 708 709 712 2029 2030 2031 2032 2033 2034 2035 2036 2037 2038 2039 2040 2041 2042 2043 2044 2045 2046 2047 2048 2049 2050 2051 2052 2053 2054 2055 2056 2057 2058 2059 2060 2061 2062 2063 2064 2065 2066 2067 2068 2069 2070 2071 2072 2073 2074 2075 2076 2077 2078 2079 2080 2081 2082 2083 2084 2085 2086 2087 2088 2089 2090 2091 2092 2093 2094 2095 2096 2097 2098 2099 2100 2101 2102 2103 2104 2105 2106 2107 2108 2109 2110 2111 2112 2113 2114 2115 2116 2117 2118 2119 2120 2121 2122 2123 2124 2125 2126 2127 2128 2129 2130 2131 2132 2133 2134 2135 2136 2137 2138 2139 2140 2141 2142 2143 2144 2145 2146 2147 2148 2149 2150 2151 2152 2153 2154 2155 2156 2157 2158 2159 2160 2161 2162 2163 2164 2165 2166 2167 2168 2169 2170 2171 2172 2173 2174 2175 2176 2177 2178 2179 2180 2181 2182 2183 2184 2185 2186 2187 2188 2189 2190 2191 2192 2193 2194 2195 2196 2197 2198 2199 2200 2201 2202 2203 2204 2205 2206 2207 2208 2209 2210 2211 2212 2213 2214 2215 2216 2217 2218 2219 2220 2221 2222 2223 2224 2225 2226 2227 2228 2229 2230 2231 2232 2233 2234 2235 2236 2237 2238 2239 2240 2241 2242 2243 2244 2245 2246 2247 2248 2249 2250 2251 2252 2253 2254 2255 2256 2257 2258 2259 2260 2261 2262 2263 2264 2265 2266 2267 2268 2269 2270 2271 2272 2273 2274 2275 2276 2277 2278 2279 2280 2281 2282 2283 2284 2285 2286 2287 2288 2289 2290 2291 2292 2293 2294 2295 2296 2297 2298 2299 2300 2301 2302 2303 2304 2305 2306 2307 2308 2309 2310 0
d 458 231 36 0
d 370 366 359 0
d 568 328 334 0
d 639 408 404 0
d 595 374 379 0
d 678 426 421 0
2030 -6 0
-2030 6 0
2031 -15 0
-2031 15 0
2032 -23 0
-2032 23 0
2033 -28 0
-2033 28 0
2034 -32 0
-2034 32 0
2035 -41 0
-2035 41 0
2036 -45 0
-2036 45 0
2037 -54 0
-2037 54 0
2038 -58 0
-2038 58 0
2039 -66 0
-2039 66 0
2040 -71 0
-2040 71 0
2041 -75 0
-2041 75 0
2042 -83 0
-2042 83 0
2043 -87 0
-2043 87 0
2044 -92 0
-2044 92 0
2045 -96 0
-2045 96 0
2046 -100 0
-2046 100 0
2047 -109 0
-2047 109 0
2048 -113 0
-2048 113 0
2049 -122 0
-2049 122 0
2050 -126 0
-2050 126 0
2051 -130 0
-2051 130 0
2052 -138 0
-2052 138 0
2053 -143 0
-2053 143 0
2054 -147 0
-2054 147 0
2055 -151 0
-2055 151 0
2056 -160 0
-2056 160 0
2057 -164 0
-2057 164 0
2058 -168 0
-2058 168 0
2059 -177 0
-2059 177 0
2060 -181 0
-2060 181 0
2061 -190 0
-2061 190 0
2062 -194 0
-2062 194 0
2063 -203 0
-2063 203 0
2064 -214 0
-2064 214 0
2065 -221 0
-2065 221 0
2066 -228 0
-2066 228 0
2067 -235 0
-2067 235 0
2068 -239 0
-2068 239 0
2069 -246 0
-2069 246 0
2070 -250 0
-2070 250 0
2071 -257 0
-2071 257 0
2072 -261 0
-2072 261 0
2073 -268 0
-2073 268 0
2074 -272 0
-2074 272 0
2075 -276 0
-2075 276 0
2076 -283 0
-2076 283 0
2077 -287 0
-2077 287 0
2078 -291 0
-2078 291 0
2079 -295 0
-2079 295 0
2080 -299 0
-2080 299 0
2081 -306 0
-2081 306 0
2082 -310 0
-2082 310 0
2083 -317 0
-2083 317 0
2084 -321 0
-2084 321 0
2085 -325 0
-2085 325 0
2086 -335 0
-2086 335 0
2087 -336 0
-2087 336 0
2088 -337 0
-2088 337 0
2089 -341 0
-2089 341 0
2090 -345 0
-2090 345 0
2091 -349 0
-2091 349 0
2092 -353 0
-2092 353 0
2093 -363 0
-2093 363 0
2094 -375 0
-2094 375 0
2095 -376 0
-2095 376 0
2096 -386 0
-2096 386 0
2097 -390 0
-2097 390 0
2098 -397 0
-2098 397 0
2099 -401 0
-2099 401 0
2100 -405 0
-2100 405 0
2101 -415 0
-2101 415 0
2102 -423 0
-2102 423 0
2103 -432 0
-2103 432 0
2104 -433 0
-2104 433 0
2105 -436 0
-2105 436 0
2106 -437 0
-2106 437 0
2107 -440 0
-2107 440 0
2108 -441 0
-2108 441 0
2109 -442 0
-2109 442 0
2110 -443 0
-2110 443 0
2111 -446 0
-2111 446 0
2112 -447 0
-2112 447 0
2113 -448 0
-2113 448 0
2114 -449 0
-2114 449 0
2115 -452 0
-2115 452 0
2116 -453 0
-2116 453 0
2117 -454 0
-2117 454 0
2118 -455 0
-2118 455 0
2119 -460 0
-2119 460 0
2120 -461 0
-2120 461 0
2121 -464 0
-2121 464 0
2122 -465 0
-2122 465 0
2123 -466 0
-2123 466 0
2124 -467 0
-2124 467 0
2125 -468 0
-2125 468 0
2126 -469 0
-2126 469 0
2127 -472 0
-2127 472 0
2128 -473 0
-2128 473 0
2129 -474 0
-2129 474 0
2130 -475 0
-2130 475 0
2131 -476 0
-2131 476 0
2132 -477 0
-2132 477 0
2133 -480 0
-2133 480 0
2134 -481 0
-2134 481 0
2135 -482 0
-2135 482 0
2136 -483 0
-2136 483 0
2137 -484 0
-2137 484 0
2138 -485 0
-2138 485 0
2139 -488 0
-2139 488 0
2140 -489 0
-2140 489 0
2141 -490 0
-2141 490 0
2142 -491 0
-2142 491 0
2143 -492 0
-2143 492 0
2144 -493 0
-2144 493 0
2145 -496 0
-2145 496 0
2146 -497 0
-2146 497 0
2147 -498 0
-2147 498 0
2148 -499 0
-2148 499 0
2149 -500 0
-2149 500 0
2150 -501 0
-2150 501 0
2151 -504 0
-2151 504 0
2152 -505 0
-2152 505 0
2153 -506 0
-2153 506 0
2154 -507 0
-2154 507 0
2155 -508 0
-2155 508 0
2156 -509 0
-2156 509 0
2157 -512 0
-2157 512 0
2158 -513 0
-2158 513 0
2159 -514 0
-2159 514 0
2160 -515 0
-2160 515 0
2161 -516 0
-2161 516 0
2162 -517 0
-2162 517 0
2163 -520 0
-2163 520 0
2164 -521 0
-2164 521 0
2165 -522 0
-2165 522 0
2166 -523 0
-2166 523 0
2167 -524 0
-2167 524 0
2168 -525 0
-2168 525 0
2169 -528 0
-2169 528 0
2170 -529 0
-2170 529 0
2171 -530 0
-2171 530 0
2172 -531 0
-2172 531 0
2173 -532 0
-2173 532 0
2174 -533 0
-2174 533 0
2175 -534 0
-2175 534 0
2176 -535 0
-2176 535 0
2177 -538 0
-2177 538 0
2178 -539 0
-2178 539 0
2179 -540 0
-2179 540 0
2180 -541 0
-2180 541 0
2181 -542 0
-2181 542 0
2182 -543 0
-2182 543 0
2183 -544 0
-2183 544 0
2184 -545 0
-2184 545 0
2185 -548 0
-2185 548 0
2186 -549 0
-2186 549 0
2187 -550 0
-2187 550 0
2188 -551 0
-2188 551 0
2189 -552 0
-2189 552 0
2190 -553 0
-2190 553 0
2191 -554 0
-2191 554 0
2192 -555 0
-2192 555 0
2193 -558 0
-2193 558 0
2194 -559 0
-2194 559 0
2195 -560 0
-2195 560 0
2196 -561 0
-2196 561 0
2197 -562 0
-2197 562 0
2198 -563 0
-2198 563 0
2199 -564 0
-2199 564 0
2200 -565 0
-2200 565 0
2201 -569 0
-2201 569 0
2202 -570 0
-2202 570 0
2203 -571 0
-2203 571 0
2204 -572 0
-2204 572 0
2205 -575 0
-2205 575 0
2206 -576 0
-2206 576 0
2207 -577 0
-2207 577 0
2208 -578 0
-2208 578 0
2209 -579 0
-2209 579 0
2210 -580 0
-2210 580 0
2211 -581 0
-2211 581 0
2212 -582 0
-2212 582 0
2213 -585 0
-2213 585 0
2214 -586 0
-2214 586 0
2215 -587 0
-2215 587 0
2216 -588 0
-2216 588 0
2217 -589 0
-2217 589 0
2218 -590 0
-2218 590 0
2219 -591 0
-2219 591 0
2220 -592 0
-2220 592 0
2221 -597 0
-2221 597 0
2222 -598 0
-2222 598 0
2223 -599 0
-2223 599 0
2224 -600 0
-2224 600 0
2225 -603 0
-2225 603 0
2226 -604 0
-2226 604 0
2227 -605 0
-2227 605 0
2228 -606 0
-2228 606 0
2229 -607 0
-2229 607 0
2230 -608 0
-2230 608 0
2231 -609 0
-2231 609 0
2232 -610 0
-2232 610 0
2233 -611 0
-2233 611 0
2234 -612 0
-2234 612 0
2235 -615 0
-2235 615 0
2236 -616 0
-2236 616 0
2237 -618 0
-2237 618 0
2238 -619 0
-2238 619 0
2239 -620 0
-2239 620 0
2240 -621 0
-2240 621 0
2241 -622 0
-2241 622 0
2242 -623 0
-2242 623 0
2243 -624 0
-2243 624 0
2244 -627 0
-2244 627 0
2245 -628 0
-2245 628 0
2246 -629 0
-2246 629 0
2247 -630 0
-2247 630 0
2248 -631 0
-2248 631 0
2249 -632 0
-2249 632 0
2250 -633 0
-2250 633 0
2251 -634 0
-2251 634 0
2252 -635 0
-2252 635 0
2253 -636 0
-2253 636 0
2254 -641 0
-2254 641 0
2255 -642 0
-2255 642 0
2256 -643 0
-2256 643 0
2257 -644 0
-2257 644 0
2258 -645 0
-2258 645 0
2259 -646 0
-2259 646 0
2260 -647 0
-2260 647 0
2261 -650 0
-2261 650 0
2262 -651 0
-2262 651 0
2263 -652 0
-2263 652 0
2264 -653 0
-2264 653 0
2265 -654 0
-2265 654 0
2266 -655 0
-2266 655 0
2267 -656 0
-2267 656 0
2268 -657 0
-2268 657 0
2269 -658 0
-2269 658 0
2270 -659 0
-2270 659 0
2271 -660 0
-2271 660 0
2272 -661 0
-2272 661 0
2273 -664 0
-2273 664 0
2274 -665 0
-2274 665 0
2275 -666 0
-2275 666 0
2276 -668 0
-2276 668 0
2277 -669 0
-2277 669 0
2278 -670 0
-2278 670 0
2279 -671 0
-2279 671 0
2280 -672 0
-2280 672 0
2281 -673 0
-2281 673 0
2282 -674 0
-2282 674 0
2283 -675 0
-2283 675 0
2284 -680 0
-2284 680 0
2285 -681 0
-2285 681 0
2286 -682 0
-2286 682 0
2287 -683 0
-2287 683 0
2288 -684 0
-2288 684 0
2289 -685 0
-2289 685 0
2290 -686 0
-2290 686 0
2291 -687 0
-2291 687 0
2292 -688 0
-2292 688 0
2293 -689 0
-2293 689 0
2294 -690 0
-2294 690 0
2295 -694 0
-2295 694 0
2296 -695 0
-2296 695 0
2297 -696 0
-2297 696 0
2298 -697 0
-2298 697 0
2299 -698 0
-2299 698 0
2300 -699 0
-2300 699 0
2301 -700 0
-2301 700 0
2302 -701 0
-2302 701 0
2303 -702 0
-2303 702 0
2304 -703 0
-2304 703 0
2305 -704 0
-2305 704 0
2306 -705 0
-2306 705 0
2307 -706 0
-2307 706 0
2308 -707 0
-2308 707 0
2309 -708 0
-2309 708 0
2310 -709 0
-2310 709 0
2029 -712 0
-2029 712 0
712 0
-712 428 711 0
-428 425 -427 0
-425 420 -424 0
-420 417 -419 0
-417 413 -416 0
-413 410 -412 0
-410 407 -409 0
-407 403 -406 0
-403 399 -402 0
-399 395 -398 0
-395 392 -394 0
-392 388 -391 0
-388 384 -387 0
-384 381 -383 0
-381 378 -380 0
-378 373 -377 0
-373 368 -372 0
-368 365 -367 0
-365 361 -364 0
-361 358 -360 0
-358 355 -357 0
-355 351 -354 0
-351 347 -350 0
-347 343 -346 0
-343 339 -342 0
-339 333 -338 0
-333 330 -332 0
-330 327 -329 0
-327 323 -326 0
-323 319 -322 0
-319 315 -318 0
-315 312 -314 0
-312 308 -311 0
-308 304 -307 0
-304 301 -303 0
-301 297 -300 0
-297 293 -296 0
-293 289 -292 0
-289 285 -288 0
-285 281 -284 0
-281 278 -280 0
-278 274 -277 0
-274 270 -273 0
-270 266 -269 0
-266 263 -265 0
-263 259 -262 0
-259 255 -258 0
-255 252 -254 0
-252 248 -251 0
-248 244 -247 0
-244 241 -243 0
-241 237 -240 0
-237 233 -236 0
-233 230 -232 0
-230 226 -229 0
-226 223 -225 0
-223 219 -222 0
-219 216 -218 0
-216 212 -215 0
-212 209 -211 0
-209 205 -208 0
-205 200 -204 0
-200 196 -199 0
-196 192 -195 0
-192 187 -191 0
-187 183 -186 0
-183 179 -182 0
-179 174 -178 0
-174 170 -173 0
-170 166 -169 0
-166 162 -165 0
-162 157 -161 0
-157 153 -156 0
-153 149 -152 0
-149 145 -148 0
-145 140 -144 0
-140 136 -139 0
-136 132 -135 0
-132 128 -131 0
-128 124 -127 0
-124 119 -123 0
-119 115 -118 0
-115 111 -114 0
-111 106 -110 0
-106 102 -105 0
-102 98 -101 0
-98 94 -97 0
-94 89 -93 0
-89 85 -88 0
-85 81 -84 0
-81 77 -80 0
-77 73 -76 0
-73 68 -72 0
-68 64 -67 0
-64 60 -63 0
-60 56 -59 0
-56 51 -55 0
-51 47 -50 0
-47 43 -46 0
-43 38 -42 0
-38 34 -37 0
-34 30 -33 0
-30 25 -29 0
-25 21 -24 0
-21 17 -20 0
-17 12 -16 0
-12 8 -11 0
-8 -3 -7 0
1 -2 3 0
-1 2 3 0
4 6 7 0
-4 -6 7 0
-1 5 6 0
-6 1 0
-6 -5 0
9 -10 11 0
-9 10 11 0
13 15 16 0
-13 -15 16 0
-9 14 15 0
-15 9 0
-15 -14 0
18 -19 20 0
-18 19 20 0
22 23 24 0
-22 -23 24 0
-4 -13 23 0
-23 4 0
-23 13 0
26 28 29 0
-26 -28 29 0
-18 27 28 0
-28 18 0
-28 -27 0
31 32 33 0
-31 -32 33 0
-13 -26 32 0
-32 13 0
-32 26 0
35 -36 37 0
-35 36 37 0
39 41 42 0
-39 -41 42 0
-35 40 41 0
-41 35 0
-41 -40 0
44 45 46 0
-44 -45 46 0
-26 -39 45 0
-45 26 0
-45 39 0
48 -49 50 0
-48 49 50 0
52 54 55 0
-52 -54 55 0
-48 53 54 0
-54 48 0
-54 -53 0
57 58 59 0
-57 -58 59 0
-39 -52 58 0
-58 39 0
-58 52 0
61 -62 63 0
-61 62 63 0
65 66 67 0
-65 -66 67 0
-22 -44 66 0
-66 22 0
-66 44 0
69 71 72 0
-69 -71 72 0
-61 70 71 0
-71 61 0
-71 -70 0
74 75 76 0
-74 -75 76 0
-31 -57 75 0
-75 31 0
-75 57 0
78 -79 80 0
-78 79 80 0
82 83 84 0
-82 -83 84 0
-52 -69 83 0
-83 52 0
-83 69 0
86 87 88 0
-86 -87 88 0
-44 -82 87 0
-87 44 0
-87 82 0
90 92 93 0
-90 -92 93 0
-78 91 92 0
-92 78 0
-92 -91 0
95 96 97 0
-95 -96 97 0
-69 -90 96 0
-96 69 0
-96 90 0
99 100 101 0
-99 -100 101 0
-57 -95 100 0
-100 57 0
-100 95 0
103 -104 105 0
-103 104 105 0
107 109 110 0
-107 -109 110 0
-103 108 109 0
-109 103 0
-109 -108 0
112 113 114 0
-112 -113 114 0
-90 -107 113 0
-113 90 0
-113 107 0
116 -117 118 0
-116 117 118 0
120 122 123 0
-120 -122 123 0
-116 121 122 0
-122 116 0
-122 -121 0
125 126 127 0
-125 -126 127 0
-107 -120 126 0
-126 107 0
-126 120 0
129 130 131 0
-129 -130 131 0
-82 -112 130 0
-130 82 0
-130 112 0
133 -134 135 0
-133 134 135 0
137 138 139 0
-137 -138 139 0
-95 -125 138 0
-138 95 0
-138 125 0
141 143 144 0
-141 -143 144 0
-133 142 143 0
-143 133 0
-143 -142 0
146 147 148 0
-146 -147 148 0
-120 -141 147 0
-147 120 0
-147 141 0
150 151 152 0
-150 -151 152 0
-112 -146 151 0
-151 112 0
-151 146 0
154 -155 156 0
-154 155 156 0
158 160 161 0
-158 -160 161 0
-154 159 160 0
-160 154 0
-160 -159 0
163 164 165 0
-163 -164 165 0
-141 -158 164 0
-164 141 0
-164 158 0
167 168 169 0
-167 -168 169 0
-125 -163 168 0
-168 125 0
-168 163 0
171 -172 173 0
-171 172 173 0
175 177 178 0
-175 -177 178 0
-171 176 177 0
-177 171 0
-177 -176 0
180 181 182 0
-180 -181 182 0
-158 -175 181 0
-181 158 0
-181 175 0
184 -185 186 0
-184 185 186 0
188 190 191 0
-188 -190 191 0
-184 189 190 0
-190 184 0
-190 -189 0
193 194 195 0
-193 -194 195 0
-175 -188 194 0
-194 175 0
-194 188 0
197 -198 199 0
-197 198 199 0
201 203 204 0
-201 -203 204 0
-197 202 203 0
-203 197 0
-203 -202 0
206 -207 208 0
-206 207 208 0
210 -2 211 0
-210 2 211 0
213 214 215 0
-213 -214 215 0
-210 5 214 0
-214 210 0
-214 -5 0
217 -10 218 0
-217 10 218 0
220 221 222 0
-220 -221 222 0
-217 14 221 0
-221 217 0
-221 -14 0
224 -19 225 0
-224 19 225 0
227 228 229 0
-227 -228 229 0
-213 -220 228 0
-228 213 0
-228 220 0
231 213 232 0
-231 -213 232 0
234 235 236 0
-234 -235 236 0
-224 27 235 0
-235 224 0
-235 -27 0
238 239 240 0
-238 -239 240 0
-220 -234 239 0
-239 220 0
-239 234 0
242 -36 243 0
-242 36 243 0
245 246 247 0
-245 -246 247 0
-242 40 246 0
-246 242 0
-246 -40 0
249 250 251 0
-249 -250 251 0
-234 -245 250 0
-250 234 0
-250 245 0
253 -49 254 0
-253 49 254 0
256 257 258 0
-256 -257 258 0
-253 53 257 0
-257 253 0
-257 -53 0
260 261 262 0
-260 -261 262 0
-245 -256 261 0
-261 245 0
-261 256 0
264 -62 265 0
-264 62 265 0
267 268 269 0
-267 -268 269 0
-227 -249 268 0
-268 227 0
-268 249 0
271 272 273 0
-271 -272 273 0
-264 70 272 0
-272 264 0
-272 -70 0
275 276 277 0
-275 -276 277 0
-238 -260 276 0
-276 238 0
-276 260 0
279 -79 280 0
-279 79 280 0
282 283 284 0
-282 -283 284 0
-256 -271 283 0
-283 256 0
-283 271 0
286 287 288 0
-286 -287 288 0
-249 -282 287 0
-287 249 0
-287 282 0
290 291 292 0
-290 -291 292 0
-279 91 291 0
-291 279 0
-291 -91 0
294 295 296 0
-294 -295 296 0
-271 -290 295 0
-295 271 0
-295 290 0
298 299 300 0
-298 -299 300 0
-260 -294 299 0
-299 260 0
-299 294 0
302 -104 303 0
-302 104 303 0
305 306 307 0
-305 -306 307 0
-302 108 306 0
-306 302 0
-306 -108 0
309 310 311 0
-309 -310 311 0
-290 -305 310 0
-310 290 0
-310 305 0
313 -117 314 0
-313 117 314 0
316 317 318 0
-316 -317 318 0
-313 121 317 0
-317 313 0
-317 -121 0
320 321 322 0
-320 -321 322 0
-305 -316 321 0
-321 305 0
-321 316 0
324 325 326 0
-324 -325 326 0
-282 -309 325 0
-325 282 0
-325 309 0
328 324 329 0
-328 -324 329 0
331 -134 332 0
-331 134 332 0
334 337 338 0
-334 -337 338 0
-336 -267 337 0
-316 -335 336 0
-331 -142 335 0
-337 336 0
-337 267 0
-336 316 0
-336 335 0
-335 331 0
-335 142 0
340 341 342 0
-340 -341 342 0
-294 -320 341 0
-341 294 0
-341 320 0
344 345 346 0
-344 -345 346 0
-331 142 345 0
-345 331 0
-345 -142 0
348 349 350 0
-348 -349 350 0
-316 -344 349 0
-349 316 0
-349 344 0
352 353 354 0
-352 -353 354 0
-309 -348 353 0
-353 309 0
-353 348 0
356 -155 357 0
-356 155 357 0
359 344 360 0
-359 -344 360 0
362 363 364 0
-362 -363 364 0
-356 159 363 0
-363 356 0
-363 -159 0
366 362 367 0
-366 -362 367 0
369 371 372 0
-369 -371 372 0
-320 -370 371 0
-371 320 0
-371 370 0
374 376 377 0
-374 -376 377 0
-375 -238 376 0
-172 -213 375 0
-376 375 0
-376 238 0
-375 172 0
-375 213 0
379 298 380 0
-379 -298 380 0
382 -172 383 0
-382 172 383 0
385 386 387 0
-385 -386 387 0
-382 176 386 0
-386 382 0
-386 -176 0
389 390 391 0
-389 -390 391 0
-362 -385 390 0
-390 362 0
-390 385 0
393 -185 394 0
-393 185 394 0
396 397 398 0
-396 -397 398 0
-393 189 397 0
-397 393 0
-397 -189 0
400 401 402 0
-400 -401 402 0
-385 -396 401 0
-401 385 0
-401 396 0
404 405 406 0
-404 -405 406 0
-198 -213 405 0
-405 198 0
-405 213 0
408 238 409 0
-408 -238 409 0
411 -198 412 0
-411 198 412 0
414 415 416 0
-414 -415 416 0
-411 202 415 0
-415 411 0
-415 -202 0
418 -207 419 0
-418 207 419 0
421 423 424 0
-421 -423 424 0
-418 -422 423 0
-423 418 0
-423 422 0
426 227 427 0
-426 -227 427 0
-711 692 0
-711 710 0
-692 677 0
-692 691 0
-677 663 0
-677 676 0
-663 649 0
-663 662 0
-649 638 0
-649 648 0
-638 626 0
-638 637 0
-626 614 0
-626 625 0
-614 602 0
-614 613 0
-602 594 0
-602 601 0
-594 584 0
-594 593 0
-584 574 0
-584 583 0
-574 567 0
-574 573 0
-567 557 0
-567 566 0
-557 547 0
-557 556 0
-547 537 0
-547 546 0
-537 527 0
-537 536 0
-527 519 0
-527 526 0
-519 511 0
-519 518 0
-511 503 0
-511 510 0
-503 495 0
-503 502 0
-495 487 0
-495 494 0
-487 479 0
-487 486 0
-479 471 0
-479 478 0
-471 463 0
-471 470 0
-463 457 0
-463 462 0
-457 451 0
-457 456 0
-451 445 0
-451 450 0
-445 439 0
-445 444 0
-439 435 0
-439 438 0
-435 431 0
-435 434 0
-431 429 0
-431 430 0
-429 -2 2 0
-429 2 -2 0
-430 -2 2 0
-430 2 -2 0
-434 -432 433 0
-434 432 -433 0
-432 210 0
-432 5 0
-433 1 0
-433 5 0
-210 -5 432 0
-1 -5 433 0
-438 -436 437 0
-438 436 -437 0
-436 10 0
-436 213 0
-437 10 0
-437 4 0
-10 -213 436 0
-10 -4 437 0
-444 -441 443 0
-444 441 -443 0
-441 213 0
-441 440 0
-440 217 0
-440 14 0
-443 4 0
-443 442 0
-442 9 0
-442 14 0
-213 -440 441 0
-217 -14 440 0
-4 -442 443 0
-9 -14 442 0
-450 -447 449 0
-450 447 -449 0
-447 220 0
-447 446 0
-446 19 0
-446 213 0
-449 13 0
-449 448 0
-448 19 0
-448 4 0
-220 -446 447 0
-19 -213 446 0
-13 -448 449 0
-19 -4 448 0
-456 -453 455 0
-456 453 -455 0
-453 452 0
-453 227 0
-452 224 0
-452 27 0
-455 454 0
-455 22 0
-454 18 0
-454 27 0
-452 -227 453 0
-224 -27 452 0
-454 -22 455 0
-18 -27 454 0
-462 -459 461 0
-462 459 -461 0
-459 458 0
-459 238 0
-461 460 0
-461 31 0
-460 36 0
-460 4 0
-458 -238 459 0
-460 -31 461 0
-36 -4 460 0
-470 -466 469 0
-470 466 -469 0
-466 227 0
-466 465 0
-465 234 0
-465 464 0
-464 242 0
-464 40 0
-469 22 0
-469 468 0
-468 26 0
-468 467 0
-467 35 0
-467 40 0
-227 -465 466 0
-234 -464 465 0
-242 -40 464 0
-22 -468 469 0
-26 -467 468 0
-35 -40 467 0
-478 -474 477 0
-478 474 -477 0
-474 238 0
-474 473 0
-473 245 0
-473 472 0
-472 49 0
-472 213 0
-477 31 0
-477 476 0
-476 39 0
-476 475 0
-475 49 0
-475 4 0
-238 -473 474 0
-245 -472 473 0
-49 -213 472 0
-31 -476 477 0
-39 -475 476 0
-49 -4 475 0
-486 -482 485 0
-486 482 -485 0
-482 249 0
-482 481 0
-481 480 0
-481 227 0
-480 253 0
-480 53 0
-485 44 0
-485 484 0
-484 483 0
-484 22 0
-483 48 0
-483 53 0
-249 -481 482 0
-480 -227 481 0
-253 -53 480 0
-44 -484 485 0
-483 -22 484 0
-48 -53 483 0
-494 -490 493 0
-494 490 -493 0
-490 260 0
-490 489 0
-489 488 0
-489 238 0
-488 62 0
-488 213 0
-493 57 0
-493 492 0
-492 491 0
-492 31 0
-491 62 0
-491 4 0
-260 -489 490 0
-488 -238 489 0
-62 -213 488 0
-57 -492 493 0
-491 -31 492 0
-62 -4 491 0
-502 -498 501 0
-502 498 -501 0
-498 497 0
-498 267 0
-497 256 0
-497 496 0
-496 264 0
-496 70 0
-501 500 0
-501 65 0
-500 52 0
-500 499 0
-499 61 0
-499 70 0
-497 -267 498 0
-256 -496 497 0
-264 -70 496 0
-500 -65 501 0
-52 -499 500 0
-61 -70 499 0
-510 -506 509 0
-510 506 -509 0
-506 505 0
-506 275 0
-505 271 0
-505 504 0
-504 79 0
-504 213 0
-509 508 0
-509 74 0
-508 69 0
-508 507 0
-507 79 0
-507 4 0
-505 -275 506 0
-271 -504 505 0
-79 -213 504 0
-508 -74 509 0
-69 -507 508 0
-79 -4 507 0
-518 -514 517 0
-518 514 -517 0
-514 513 0
-514 286 0
-513 512 0
-513 227 0
-512 279 0
-512 91 0
-517 516 0
-517 86 0
-516 515 0
-516 22 0
-515 78 0
-515 91 0
-513 -286 514 0
-512 -227 513 0
-279 -91 512 0
-516 -86 517 0
-515 -22 516 0
-78 -91 515 0
-526 -522 525 0
-526 522 -525 0
-522 521 0
-522 298 0
-521 520 0
-521 238 0
-520 104 0
-520 213 0
-525 524 0
-525 99 0
-524 523 0
-524 31 0
-523 104 0
-523 4 0
-521 -298 522 0
-520 -238 521 0
-104 -213 520 0
-524 -99 525 0
-523 -31 524 0
-104 -4 523 0
-536 -531 535 0
-536 531 -535 0
-531 267 0
-531 530 0
-530 282 0
-530 529 0
-529 290 0
-529 528 0
-528 302 0
-528 108 0
-535 65 0
-535 534 0
-534 82 0
-534 533 0
-533 90 0
-533 532 0
-532 103 0
-532 108 0
-267 -530 531 0
-282 -529 530 0
-290 -528 529 0
-302 -108 528 0
-65 -534 535 0
-82 -533 534 0
-90 -532 533 0
-103 -108 532 0
-546 -541 545 0
-546 541 -545 0
-541 275 0
-541 540 0
-540 294 0
-540 539 0
-539 305 0
-539 538 0
-538 117 0
-538 213 0
-545 74 0
-545 544 0
-544 95 0
-544 543 0
-543 107 0
-543 542 0
-542 117 0
-542 4 0
-275 -540 541 0
-294 -539 540 0
-305 -538 539 0
-117 -213 538 0
-74 -544 545 0
-95 -543 544 0
-107 -542 543 0
-117 -4 542 0
-556 -551 555 0
-556 551 -555 0
-551 286 0
-551 550 0
-550 309 0
-550 549 0
-549 548 0
-549 227 0
-548 313 0
-548 121 0
-555 86 0
-555 554 0
-554 112 0
-554 553 0
-553 552 0
-553 22 0
-552 116 0
-552 121 0
-286 -550 551 0
-309 -549 550 0
-548 -227 549 0
-313 -121 548 0
-86 -554 555 0
-112 -553 554 0
-552 -22 553 0
-116 -121 552 0
-566 -561 565 0
-566 561 -565 0
-561 298 0
-561 560 0
-560 320 0
-560 559 0
-559 558 0
-559 238 0
-558 134 0
-558 213 0
-565 99 0
-565 564 0
-564 125 0
-564 563 0
-563 562 0
-563 31 0
-562 134 0
-562 4 0
-298 -560 561 0
-320 -559 560 0
-558 -238 559 0
-134 -213 558 0
-99 -564 565 0
-125 -563 564 0
-562 -31 563 0
-134 -4 562 0
-573 -568 572 0
-573 568 -572 0
-572 129 0
-572 571 0
-571 570 0
-571 65 0
-570 120 0
-570 569 0
-569 133 0
-569 142 0
-129 -571 572 0
-570 -65 571 0
-120 -569 570 0
-133 -142 569 0
-583 -578 582 0
-583 578 -582 0
-578 340 0
-578 577 0
-577 576 0
-577 275 0
-576 344 0
-576 575 0
-575 155 0
-575 213 0
-582 137 0
-582 581 0
-581 580 0
-581 74 0
-580 141 0
-580 579 0
-579 155 0
-579 4 0
-340 -577 578 0
-576 -275 577 0
-344 -575 576 0
-155 -213 575 0
-137 -581 582 0
-580 -74 581 0
-141 -579 580 0
-155 -4 579 0
-593 -588 592 0
-593 588 -592 0
-588 352 0
-588 587 0
-587 586 0
-587 286 0
-586 585 0
-586 227 0
-585 356 0
-585 159 0
-592 150 0
-592 591 0
-591 590 0
-591 86 0
-590 589 0
-590 22 0
-589 154 0
-589 159 0
-352 -587 588 0
-586 -286 587 0
-585 -227 586 0
-356 -159 585 0
-150 -591 592 0
-590 -86 591 0
-589 -22 590 0
-154 -159 589 0
-601 -596 600 0
-601 596 -600 0
-596 369 0
-596 595 0
-600 167 0
-600 599 0
-599 598 0
-599 99 0
-598 597 0
-598 31 0
-597 172 0
-597 4 0
-369 -595 596 0
-167 -599 600 0
-598 -99 599 0
-597 -31 598 0
-172 -4 597 0
-613 -607 612 0
-613 607 -612 0
-607 605 0
-607 606 0
-605 348 0
-605 604 0
-604 362 0
-604 603 0
-603 382 0
-603 176 0
-606 267 0
-606 324 0
-612 610 0
-612 611 0
-610 146 0
-610 609 0
-609 158 0
-609 608 0
-608 171 0
-608 176 0
-611 65 0
-611 129 0
-605 -606 607 0
-348 -604 605 0
-362 -603 604 0
-382 -176 603 0
-267 -324 606 0
-610 -611 612 0
-146 -609 610 0
-158 -608 609 0
-171 -176 608 0
-65 -129 611 0
-625 -619 624 0
-625 619 -624 0
-619 617 0
-619 618 0
-617 370 0
-617 616 0
-616 385 0
-616 615 0
-615 185 0
-615 213 0
-618 275 0
-618 340 0
-624 622 0
-624 623 0
-622 163 0
-622 621 0
-621 175 0
-621 620 0
-620 185 0
-620 4 0
-623 74 0
-623 137 0
-617 -618 619 0
-370 -616 617 0
-385 -615 616 0
-185 -213 615 0
-275 -340 618 0
-622 -623 624 0
-163 -621 622 0
-175 -620 621 0
-185 -4 620 0
-74 -137 623 0
-637 -631 636 0
-637 631 -636 0
-631 629 0
-631 630 0
-629 389 0
-629 628 0
-628 627 0
-628 227 0
-627 393 0
-627 189 0
-630 286 0
-630 352 0
-636 634 0
-636 635 0
-634 180 0
-634 633 0
-633 632 0
-633 22 0
-632 184 0
-632 189 0
-635 86 0
-635 150 0
-629 -630 631 0
-389 -628 629 0
-627 -227 628 0
-393 -189 627 0
-286 -352 630 0
-634 -635 636 0
-180 -633 634 0
-632 -22 633 0
-184 -189 632 0
-86 -150 635 0
-648 -642 647 0
-648 642 -647 0
-642 640 0
-642 641 0
-640 400 0
-640 639 0
-641 298 0
-641 369 0
-647 645 0
-647 646 0
-645 193 0
-645 644 0
-644 643 0
-644 31 0
-643 198 0
-643 4 0
-646 99 0
-646 167 0
-640 -641 642 0
-400 -639 640 0
-298 -369 641 0
-645 -646 647 0
-193 -644 645 0
-643 -31 644 0
-198 -4 643 0
-99 -167 646 0
-662 -655 661 0
-662 655 -661 0
-655 652 0
-655 654 0
-652 651 0
-652 267 0
-651 396 0
-651 650 0
-650 411 0
-650 202 0
-654 324 0
-654 -653 0
-348 -389 653 0
-661 658 0
-661 660 0
-658 657 0
-658 65 0
-657 188 0
-657 656 0
-656 197 0
-656 202 0
-660 129 0
-660 659 0
-659 146 0
-659 180 0
-652 -654 655 0
-651 -267 652 0
-396 -650 651 0
-411 -202 650 0
-324 653 654 0
-653 348 0
-653 389 0
-658 -660 661 0
-657 -65 658 0
-188 -656 657 0
-197 -202 656 0
-129 -659 660 0
-146 -180 659 0
-676 -669 675 0
-676 669 -675 0
-669 666 0
-669 668 0
-666 665 0
-666 275 0
-665 414 0
-665 664 0
-664 207 0
-664 213 0
-668 340 0
-668 667 0
-667 370 0
-667 400 0
-675 672 0
-675 674 0
-672 671 0
-672 74 0
-671 201 0
-671 670 0
-670 207 0
-670 4 0
-674 137 0
-674 673 0
-673 163 0
-673 193 0
-666 -668 669 0
-665 -275 666 0
-414 -664 665 0
-207 -213 664 0
-340 -667 668 0
-370 -400 667 0
-672 -674 675 0
-671 -74 672 0
-201 -670 671 0
-207 -4 670 0
-137 -673 674 0
-163 -193 673 0
-691 -683 690 0
-691 683 -690 0
-683 679 0
-683 682 0
-679 678 0
-679 286 0
-682 352 0
-682 681 0
-681 389 0
-681 680 0
-680 396 0
-680 414 0
-690 686 0
-690 689 0
-686 685 0
-686 86 0
-685 684 0
-685 22 0
-684 206 0
-684 422 0
-689 150 0
-689 688 0
-688 180 0
-688 687 0
-687 188 0
-687 201 0
-679 -682 683 0
-678 -286 679 0
-352 -681 682 0
-389 -680 681 0
-396 -414 680 0
-686 -689 690 0
-685 -86 686 0
-684 -22 685 0
-206 -422 684 0
-150 -688 689 0
-180 -687 688 0
-188 -201 687 0
-710 -701 709 0
-710 701 -709 0
-701 696 0
-701 700 0
-696 695 0
-696 298 0
-695 694 0
-695 238 0
-694 693 0
-694 213 0
-700 369 0
-700 699 0
-699 400 0
-699 698 0
-698 414 0
-698 697 0
-697 418 0
-697 -422 0
-709 704 0
-709 708 0
-704 703 0
-704 99 0
-703 702 0
-703 31 0
-702 693 0
-702 4 0
-708 167 0
-708 707 0
-707 193 0
-707 706 0
-706 201 0
-706 705 0
-705 206 0
-705 -422 0
-696 -700 701 0
-695 -298 696 0
-694 -238 695 0
-693 -213 694 0
-369 -699 700 0
-400 -698 699 0
-414 -697 698 0
-418 422 697 0
-704 -708 709 0
-703 -99 704 0
-702 -31 703 0
-693 -4 702 0
-167 -707 708 0
-193 -706 707 0
-201 -705 706 0
-206 422 705 0
2029 0
1 -2030 0
-5 -2030 0
-1 5 2030 0
9 -2031 0
-14 -2031 0
-9 14 2031 0
13 -2032 0
4 -2032 0
-13 -4 2032 0
18 -2033 0
-27 -2033 0
-18 27 2033 0
26 -2034 0
13 -2034 0
-26 -13 2034 0
35 -2035 0
-40 -2035 0
-35 40 2035 0
39 -2036 0
26 -2036 0
-39 -26 2036 0
48 -2037 0
-53 -2037 0
-48 53 2037 0
52 -2038 0
39 -2038 0
-52 -39 2038 0
44 -2039 0
22 -2039 0
-44 -22 2039 0
61 -2040 0
-70 -2040 0
-61 70 2040 0
57 -2041 0
31 -2041 0
-57 -31 2041 0
69 -2042 0
52 -2042 0
-69 -52 2042 0
44 -2043 0
82 -2043 0
-44 -82 2043 0
78 -2044 0
-91 -2044 0
-78 91 2044 0
69 -2045 0
90 -2045 0
-69 -90 2045 0
57 -2046 0
95 -2046 0
-57 -95 2046 0
-108 -2047 0
103 -2047 0
108 -103 2047 0
107 -2048 0
90 -2048 0
-107 -90 2048 0
-121 -2049 0
116 -2049 0
121 -116 2049 0
107 -2050 0
120 -2050 0
-107 -120 2050 0
112 -2051 0
82 -2051 0
-112 -82 2051 0
95 -2052 0
125 -2052 0
-95 -125 2052 0
-142 -2053 0
133 -2053 0
142 -133 2053 0
141 -2054 0
120 -2054 0
-141 -120 2054 0
112 -2055 0
146 -2055 0
-112 -146 2055 0
-159 -2056 0
154 -2056 0
159 -154 2056 0
158 -2057 0
141 -2057 0
-158 -141 2057 0
125 -2058 0
163 -2058 0
-125 -163 2058 0
-176 -2059 0
171 -2059 0
176 -171 2059 0
158 -2060 0
175 -2060 0
-158 -175 2060 0
-189 -2061 0
184 -2061 0
189 -184 2061 0
188 -2062 0
175 -2062 0
-188 -175 2062 0
-202 -2063 0
197 -2063 0
202 -197 2063 0
-5 -2064 0
210 -2064 0
5 -210 2064 0
-14 -2065 0
217 -2065 0
14 -217 2065 0
220 -2066 0
213 -2066 0
-220 -213 2066 0
-27 -2067 0
224 -2067 0
27 -224 2067 0
220 -2068 0
234 -2068 0
-220 -234 2068 0
-40 -2069 0
242 -2069 0
40 -242 2069 0
245 -2070 0
234 -2070 0
-245 -234 2070 0
253 -2071 0
-53 -2071 0
-253 53 2071 0
245 -2072 0
256 -2072 0
-245 -256 2072 0
249 -2073 0
227 -2073 0
-249 -227 2073 0
264 -2074 0
-70 -2074 0
-264 70 2074 0
260 -2075 0
238 -2075 0
-260 -238 2075 0
271 -2076 0
256 -2076 0
-271 -256 2076 0
249 -2077 0
282 -2077 0
-249 -282 2077 0
-91 -2078 0
279 -2078 0
91 -279 2078 0
271 -2079 0
290 -2079 0
-271 -290 2079 0
260 -2080 0
294 -2080 0
-260 -294 2080 0
-108 -2081 0
302 -2081 0
108 -302 2081 0
290 -2082 0
305 -2082 0
-290 -305 2082 0
-121 -2083 0
313 -2083 0
121 -313 2083 0
316 -2084 0
305 -2084 0
-316 -305 2084 0
282 -2085 0
309 -2085 0
-282 -309 2085 0
331 -2086 0
142 -2086 0
-331 -142 2086 0
316 -2087 0
335 -2087 0
-316 -335 2087 0
267 -2088 0
336 -2088 0
-267 -336 2088 0
320 -2089 0
294 -2089 0
-320 -294 2089 0
331 -2090 0
-142 -2090 0
-331 142 2090 0
316 -2091 0
344 -2091 0
-316 -344 2091 0
348 -2092 0
309 -2092 0
-348 -309 2092 0
356 -2093 0
-159 -2093 0
-356 159 2093 0
172 -2094 0
213 -2094 0
-172 -213 2094 0
238 -2095 0
375 -2095 0
-238 -375 2095 0
382 -2096 0
-176 -2096 0
-382 176 2096 0
362 -2097 0
385 -2097 0
-362 -385 2097 0
-189 -2098 0
393 -2098 0
189 -393 2098 0
396 -2099 0
385 -2099 0
-396 -385 2099 0
198 -2100 0
213 -2100 0
-198 -213 2100 0
-202 -2101 0
411 -2101 0
202 -411 2101 0
422 -2102 0
418 -2102 0
-422 -418 2102 0
5 -2103 0
210 -2103 0
-5 -210 2103 0
1 -2104 0
5 -2104 0
-1 -5 2104 0
10 -2105 0
213 -2105 0
-10 -213 2105 0
4 -2106 0
10 -2106 0
-4 -10 2106 0
14 -2107 0
217 -2107 0
-14 -217 2107 0
213 -2108 0
440 -2108 0
-213 -440 2108 0
9 -2109 0
14 -2109 0
-9 -14 2109 0
4 -2110 0
442 -2110 0
-4 -442 2110 0
19 -2111 0
213 -2111 0
-19 -213 2111 0
220 -2112 0
446 -2112 0
-220 -446 2112 0
4 -2113 0
19 -2113 0
-4 -19 2113 0
13 -2114 0
448 -2114 0
-13 -448 2114 0
27 -2115 0
224 -2115 0
-27 -224 2115 0
227 -2116 0
452 -2116 0
-227 -452 2116 0
18 -2117 0
27 -2117 0
-18 -27 2117 0
22 -2118 0
454 -2118 0
-22 -454 2118 0
4 -2119 0
36 -2119 0
-4 -36 2119 0
31 -2120 0
460 -2120 0
-31 -460 2120 0
40 -2121 0
242 -2121 0
-40 -242 2121 0
234 -2122 0
464 -2122 0
-234 -464 2122 0
227 -2123 0
465 -2123 0
-227 -465 2123 0
35 -2124 0
40 -2124 0
-35 -40 2124 0
26 -2125 0
467 -2125 0
-26 -467 2125 0
22 -2126 0
468 -2126 0
-22 -468 2126 0
49 -2127 0
213 -2127 0
-49 -213 2127 0
245 -2128 0
472 -2128 0
-245 -472 2128 0
238 -2129 0
473 -2129 0
-238 -473 2129 0
4 -2130 0
49 -2130 0
-4 -49 2130 0
39 -2131 0
475 -2131 0
-39 -475 2131 0
31 -2132 0
476 -2132 0
-31 -476 2132 0
253 -2133 0
53 -2133 0
-253 -53 2133 0
227 -2134 0
480 -2134 0
-227 -480 2134 0
249 -2135 0
481 -2135 0
-249 -481 2135 0
48 -2136 0
53 -2136 0
-48 -53 2136 0
22 -2137 0
483 -2137 0
-22 -483 2137 0
44 -2138 0
484 -2138 0
-44 -484 2138 0
62 -2139 0
213 -2139 0
-62 -213 2139 0
238 -2140 0
488 -2140 0
-238 -488 2140 0
260 -2141 0
489 -2141 0
-260 -489 2141 0
62 -2142 0
4 -2142 0
-62 -4 2142 0
31 -2143 0
491 -2143 0
-31 -491 2143 0
57 -2144 0
492 -2144 0
-57 -492 2144 0
264 -2145 0
70 -2145 0
-264 -70 2145 0
256 -2146 0
496 -2146 0
-256 -496 2146 0
267 -2147 0
497 -2147 0
-267 -497 2147 0
61 -2148 0
70 -2148 0
-61 -70 2148 0
52 -2149 0
499 -2149 0
-52 -499 2149 0
65 -2150 0
500 -2150 0
-65 -500 2150 0
79 -2151 0
213 -2151 0
-79 -213 2151 0
271 -2152 0
504 -2152 0
-271 -504 2152 0
275 -2153 0
505 -2153 0
-275 -505 2153 0
79 -2154 0
4 -2154 0
-79 -4 2154 0
69 -2155 0
507 -2155 0
-69 -507 2155 0
74 -2156 0
508 -2156 0
-74 -508 2156 0
91 -2157 0
279 -2157 0
-91 -279 2157 0
227 -2158 0
512 -2158 0
-227 -512 2158 0
286 -2159 0
513 -2159 0
-286 -513 2159 0
78 -2160 0
91 -2160 0
-78 -91 2160 0
22 -2161 0
515 -2161 0
-22 -515 2161 0
86 -2162 0
516 -2162 0
-86 -516 2162 0
104 -2163 0
213 -2163 0
-104 -213 2163 0
238 -2164 0
520 -2164 0
-238 -520 2164 0
298 -2165 0
521 -2165 0
-298 -521 2165 0
104 -2166 0
4 -2166 0
-104 -4 2166 0
31 -2167 0
523 -2167 0
-31 -523 2167 0
99 -2168 0
524 -2168 0
-99 -524 2168 0
108 -2169 0
302 -2169 0
-108 -302 2169 0
290 -2170 0
528 -2170 0
-290 -528 2170 0
282 -2171 0
529 -2171 0
-282 -529 2171 0
267 -2172 0
530 -2172 0
-267 -530 2172 0
108 -2173 0
103 -2173 0
-108 -103 2173 0
90 -2174 0
532 -2174 0
-90 -532 2174 0
82 -2175 0
533 -2175 0
-82 -533 2175 0
65 -2176 0
534 -2176 0
-65 -534 2176 0
117 -2177 0
213 -2177 0
-117 -213 2177 0
305 -2178 0
538 -2178 0
-305 -538 2178 0
294 -2179 0
539 -2179 0
-294 -539 2179 0
275 -2180 0
540 -2180 0
-275 -540 2180 0
117 -2181 0
4 -2181 0
-117 -4 2181 0
107 -2182 0
542 -2182 0
-107 -542 2182 0
95 -2183 0
543 -2183 0
-95 -543 2183 0
74 -2184 0
544 -2184 0
-74 -544 2184 0
121 -2185 0
313 -2185 0
-121 -313 2185 0
227 -2186 0
548 -2186 0
-227 -548 2186 0
309 -2187 0
549 -2187 0
-309 -549 2187 0
286 -2188 0
550 -2188 0
-286 -550 2188 0
121 -2189 0
116 -2189 0
-121 -116 2189 0
22 -2190 0
552 -2190 0
-22 -552 2190 0
112 -2191 0
553 -2191 0
-112 -553 2191 0
86 -2192 0
554 -2192 0
-86 -554 2192 0
134 -2193 0
213 -2193 0
-134 -213 2193 0
238 -2194 0
558 -2194 0
-238 -558 2194 0
320 -2195 0
559 -2195 0
-320 -559 2195 0
298 -2196 0
560 -2196 0
-298 -560 2196 0
134 -2197 0
4 -2197 0
-134 -4 2197 0
31 -2198 0
562 -2198 0
-31 -562 2198 0
125 -2199 0
563 -2199 0
-125 -563 2199 0
99 -2200 0
564 -2200 0
-99 -564 2200 0
142 -2201 0
133 -2201 0
-142 -133 2201 0
120 -2202 0
569 -2202 0
-120 -569 2202 0
65 -2203 0
570 -2203 0
-65 -570 2203 0
129 -2204 0
571 -2204 0
-129 -571 2204 0
155 -2205 0
213 -2205 0
-155 -213 2205 0
344 -2206 0
575 -2206 0
-344 -575 2206 0
275 -2207 0
576 -2207 0
-275 -576 2207 0
340 -2208 0
577 -2208 0
-340 -577 2208 0
155 -2209 0
4 -2209 0
-155 -4 2209 0
141 -2210 0
579 -2210 0
-141 -579 2210 0
74 -2211 0
580 -2211 0
-74 -580 2211 0
137 -2212 0
581 -2212 0
-137 -581 2212 0
356 -2213 0
159 -2213 0
-356 -159 2213 0
227 -2214 0
585 -2214 0
-227 -585 2214 0
286 -2215 0
586 -2215 0
-286 -586 2215 0
352 -2216 0
587 -2216 0
-352 -587 2216 0
159 -2217 0
154 -2217 0
-159 -154 2217 0
22 -2218 0
589 -2218 0
-22 -589 2218 0
86 -2219 0
590 -2219 0
-86 -590 2219 0
150 -2220 0
591 -2220 0
-150 -591 2220 0
172 -2221 0
4 -2221 0
-172 -4 2221 0
31 -2222 0
597 -2222 0
-31 -597 2222 0
99 -2223 0
598 -2223 0
-99 -598 2223 0
167 -2224 0
599 -2224 0
-167 -599 2224 0
382 -2225 0
176 -2225 0
-382 -176 2225 0
362 -2226 0
603 -2226 0
-362 -603 2226 0
348 -2227 0
604 -2227 0
-348 -604 2227 0
324 -2228 0
267 -2228 0
-324 -267 2228 0
605 -2229 0
606 -2229 0
-605 -606 2229 0
176 -2230 0
171 -2230 0
-176 -171 2230 0
158 -2231 0
608 -2231 0
-158 -608 2231 0
146 -2232 0
609 -2232 0
-146 -609 2232 0
65 -2233 0
129 -2233 0
-65 -129 2233 0
610 -2234 0
611 -2234 0
-610 -611 2234 0
185 -2235 0
213 -2235 0
-185 -213 2235 0
385 -2236 0
615 -2236 0
-385 -615 2236 0
340 -2237 0
275 -2237 0
-340 -275 2237 0
617 -2238 0
618 -2238 0
-617 -618 2238 0
185 -2239 0
4 -2239 0
-185 -4 2239 0
175 -2240 0
620 -2240 0
-175 -620 2240 0
163 -2241 0
621 -2241 0
-163 -621 2241 0
74 -2242 0
137 -2242 0
-74 -137 2242 0
622 -2243 0
623 -2243 0
-622 -623 2243 0
189 -2244 0
393 -2244 0
-189 -393 2244 0
227 -2245 0
627 -2245 0
-227 -627 2245 0
389 -2246 0
628 -2246 0
-389 -628 2246 0
352 -2247 0
286 -2247 0
-352 -286 2247 0
629 -2248 0
630 -2248 0
-629 -630 2248 0
189 -2249 0
184 -2249 0
-189 -184 2249 0
22 -2250 0
632 -2250 0
-22 -632 2250 0
180 -2251 0
633 -2251 0
-180 -633 2251 0
86 -2252 0
150 -2252 0
-86 -150 2252 0
634 -2253 0
635 -2253 0
-634 -635 2253 0
369 -2254 0
298 -2254 0
-369 -298 2254 0
640 -2255 0
641 -2255 0
-640 -641 2255 0
198 -2256 0
4 -2256 0
-198 -4 2256 0
31 -2257 0
643 -2257 0
-31 -643 2257 0
193 -2258 0
644 -2258 0
-193 -644 2258 0
99 -2259 0
167 -2259 0
-99 -167 2259 0
645 -2260 0
646 -2260 0
-645 -646 2260 0
202 -2261 0
411 -2261 0
-202 -411 2261 0
396 -2262 0
650 -2262 0
-396 -650 2262 0
267 -2263 0
651 -2263 0
-267 -651 2263 0
348 -2264 0
389 -2264 0
-348 -389 2264 0
324 -2265 0
-653 -2265 0
-324 653 2265 0
652 -2266 0
654 -2266 0
-652 -654 2266 0
202 -2267 0
197 -2267 0
-202 -197 2267 0
188 -2268 0
656 -2268 0
-188 -656 2268 0
65 -2269 0
657 -2269 0
-65 -657 2269 0
180 -2270 0
146 -2270 0
-180 -146 2270 0
129 -2271 0
659 -2271 0
-129 -659 2271 0
658 -2272 0
660 -2272 0
-658 -660 2272 0
207 -2273 0
213 -2273 0
-207 -213 2273 0
414 -2274 0
664 -2274 0
-414 -664 2274 0
275 -2275 0
665 -2275 0
-275 -665 2275 0
340 -2276 0
667 -2276 0
-340 -667 2276 0
666 -2277 0
668 -2277 0
-666 -668 2277 0
207 -2278 0
4 -2278 0
-207 -4 2278 0
201 -2279 0
670 -2279 0
-201 -670 2279 0
74 -2280 0
671 -2280 0
-74 -671 2280 0
193 -2281 0
163 -2281 0
-193 -163 2281 0
137 -2282 0
673 -2282 0
-137 -673 2282 0
672 -2283 0
674 -2283 0
-672 -674 2283 0
396 -2284 0
414 -2284 0
-396 -414 2284 0
389 -2285 0
680 -2285 0
-389 -680 2285 0
352 -2286 0
681 -2286 0
-352 -681 2286 0
679 -2287 0
682 -2287 0
-679 -682 2287 0
422 -2288 0
206 -2288 0
-422 -206 2288 0
22 -2289 0
684 -2289 0
-22 -684 2289 0
86 -2290 0
685 -2290 0
-86 -685 2290 0
201 -2291 0
188 -2291 0
-201 -188 2291 0
180 -2292 0
687 -2292 0
-180 -687 2292 0
150 -2293 0
688 -2293 0
-150 -688 2293 0
686 -2294 0
689 -2294 0
-686 -689 2294 0
693 -2295 0
213 -2295 0
-693 -213 2295 0
238 -2296 0
694 -2296 0
-238 -694 2296 0
298 -2297 0
695 -2297 0
-298 -695 2297 0
-422 -2298 0
418 -2298 0
422 -418 2298 0
414 -2299 0
697 -2299 0
-414 -697 2299 0
400 -2300 0
698 -2300 0
-400 -698 2300 0
369 -2301 0
699 -2301 0
-369 -699 2301 0
696 -2302 0
700 -2302 0
-696 -700 2302 0
4 -2303 0
693 -2303 0
-4 -693 2303 0
31 -2304 0
702 -2304 0
-31 -702 2304 0
99 -2305 0
703 -2305 0
-99 -703 2305 0
-422 -2306 0
206 -2306 0
422 -206 2306 0
201 -2307 0
705 -2307 0
-201 -705 2307 0
193 -2308 0
706 -2308 0
-193 -706 2308 0
167 -2309 0
707 -2309 0
-167 -707 2309 0
704 -2310 0
708 -2310 0
-704 -708 2310 0
