c defined variables: 6 15 23 28 32 41 45 54 58 66 71 75 83 87 92 96 100 109 113 122 126 130 138 143 147 151 160 164 168 177 181 190 194 203 214 221 228 232 236 243 247 254 258 265 269 273 280 284 288 292 296 303 307 314 318 322 329 333 337 341 348 355 359 363 370 374 381 385 392 393 394 409 423 424 425 430 431 432 433 439 440 443 444 447 448 449 450 453 454 455 456 459 460 461 462 465 466 467 468 471 472 473 474 475 476 479 480 481 482 483 484 487 488 489 490 491 492 495 496 497 498 499 500 503 504 505 506 507 508 511 512 513 514 515 516 519 520 521 522 523 524 527 528 529 530 531 532 535 536 537 538 539 540 541 542 545 546 547 548 549 550 551 552 555 556 557 558 559 560 561 562 565 566 567 568 569 570 571 572 575 576 577 578 579 580 581 582 585 586 587 588 589 590 591 592 597 598 599 600 601 604 605 606 607 608 609 610 611 614 615 616 617 618 619 620 621 622 623 626 627 628 629 630 631 632 633 634 635 638 639 640 641 642 643 644 645 646 647 650 651 652 653 654 655 656 657 658 659 663 664 665 666 667 668 671 672 673 676 677 678 679 680 681 682 685 686 687 688 689 690 691 692 693 694 695 696 697 698 702 703 704 705 706 707 708 709 712 
p cnf 2319 2752
a 400 397 369 325 321 332 328 336 340 344 347 362 351 418 253 257 250 246 74 78 65 69 52 61 48 57 39 44 121 134 373 377 366 264 358 354 53 62 70 79 91 104 108 117 272 384 428 380 408 268 283 276 207 202 415 412 185 176 198 189 155 142 172 159 26 35 13 18 22 31 1 4 9 429 422 261 317 313 391 279 295 291 287 299 302 306 310 206 201 193 184 197 188 171 158 180 175 40 49 5 10 2 27 36 14 19 217 220 210 213 235 231 224 227 239 242 112 107 103 90 95 99 82 86 125 116 403 421 388 141 150 146 154 120 129 133 137 167 163 0
e 3 7 8 11 12 16 17 20 21 24 25 29 30 33 34 37 38 42 43 46 47 50 51 55 56 59 60 63 64 67 68 72 73 76 77 80 81 84 85 88 89 93 94 97 98 101 102 105 106 110 111 114 115 118 119 123 124 127 128 131 132 135 136 139 140 144 145 148 149 152 153 156 157 161 162 165 166 169 170 173 174 178 179 182 183 186 187 191 192 195 196 199 200 204 205 208 209 211 212 215 216 218 219 222 223 225 226 229 230 233 234 237 238 240 241 244 245 248 249 251 252 255 256 259 260 262 263 266 267 270 271 274 275 277 278 281 282 285 286 289 290 293 294 297 298 300 301 304 305 308 309 311 312 315 316 319 320 323 324 326 327 330 331 334 335 338 339 342 343 345 346 349 350 352 353 356 357 360 361 364 365 367 368 371 372 375 376 378 379 382 383 386 387 389 390 395 396 398 399 401 402 405 406 407 410 411 413 414 416 417 419 420 426 427 434 435 436 437 438 441 442 445 446 451 452 457 458 463 464 469 470 477 478 485 486 493 494 501 502 509 510 517 518 525 526 533 534 543 544 553 554 563 564 573 574 583 584 593 594 596 602 603 612 613 624 625 636 637 648 649 660 661 669 670 675 683 684 699 700 710 711 6 15 23 28 32 41 45 54 58 66 71 75 83 87 92 96 100 109 113 122 126 130 138 143 147 151 160 164 168 177 181 190 194 203 214 221 228 232 236 243 247 254 258 265 269 273 280 284 288 292 296 303 307 314 318 322 329 333 337 341 348 355 359 363 370 374 381 385 392 393 394 409 423 424 425 430 431 432 433 439 440 443 444 447 448 449 450 453 454 455 456 459 460 461 462 465 466 467 468 471 472 473 474 475 476 479 480 481 482 483 484 487 488 489 490 491 492 495 496 497 498 499 500 503 504 505 506 507 508 511 512 513 514 515 516 519 520 521 522 523 524 527 528 529 530 531 532 535 536 537 538 539 540 541 542 545 546 547 548 549 550 551 552 555 556 557 558 559 560 561 562 565 566 567 568 569 570 571 572 575 576 577 578 579 580 581 582 585 586 587 588 589 590 591 592 597 598 599 600 601 604 605 606 607 608 609 610 611 614 615 616 617 618 619 620 621 622 623 626 627 628 629 630 631 632 633 634 635 638 639 640 641 642 643 644 645 646 647 650 651 652 653 654 655 656 657 658 659 663 664 665 666 667 668 671 672 673 676 677 678 679 680 681 682 685 686 687 688 689 690 691 692 693 694 695 696 697 698 702 703 704 705 706 707 708 709 712 2033 2034 2035 2036 2037 2038 2039 2040 2041 2042 2043 2044 2045 2046 2047 2048 2049 2050 2051 2052 2053 2054 2055 2056 2057 2058 2059 2060 2061 2062 2063 2064 2065 2066 2067 2068 2069 2070 2071 2072 2073 2074 2075 2076 2077 2078 2079 2080 2081 2082 2083 2084 2085 2086 2087 2088 2089 2090 2091 2092 2093 2094 2095 2096 2097 2098 2099 2100 2101 2102 2103 2104 2105 2106 2107 2108 2109 2110 2111 2112 2113 2114 2115 2116 2117 2118 2119 2120 2121 2122 2123 2124 2125 2126 2127 2128 2129 2130 2131 2132 2133 2134 2135 2136 2137 2138 2139 2140 2141 2142 2143 2144 2145 2146 2147 2148 2149 2150 2151 2152 2153 2154 2155 2156 2157 2158 2159 2160 2161 2162 2163 2164 2165 2166 2167 2168 2169 2170 2171 2172 2173 2174 2175 2176 2177 2178 2179 2180 2181 2182 2183 2184 2185 2186 2187 2188 2189 2190 2191 2192 2193 2194 2195 2196 2197 2198 2199 2200 2201 2202 2203 2204 2205 2206 2207 2208 2209 2210 2211 2212 2213 2214 2215 2216 2217 2218 2219 2220 2221 2222 2223 2224 2225 2226 2227 2228 2229 2230 2231 2232 2233 2234 2235 2236 2237 2238 2239 2240 2241 2242 2243 2244 2245 2246 2247 2248 2249 2250 2251 2252 2253 2254 2255 2256 2257 2258 2259 2260 2261 2262 2263 2264 2265 2266 2267 2268 2269 2270 2271 2272 2273 2274 2275 2276 2277 2278 2279 2280 2281 2282 2283 2284 2285 2286 2287 2288 2289 2290 2291 2292 2293 2294 2295 2296 2297 2298 2299 2300 2301 2302 2303 2304 2305 2306 2307 2308 2309 2310 2311 2312 2313 2314 2315 2316 2317 2318 2319 0
d 595 351 347 0
d 404 400 397 0
d 662 403 391 0
d 701 428 421 0
d 674 415 412 0
2034 -6 0
-2034 6 0
2035 -15 0
-2035 15 0
2036 -23 0
-2036 23 0
2037 -28 0
-2037 28 0
2038 -32 0
-2038 32 0
2039 -41 0
-2039 41 0
2040 -45 0
-2040 45 0
2041 -54 0
-2041 54 0
2042 -58 0
-2042 58 0
2043 -66 0
-2043 66 0
2044 -71 0
-2044 71 0
2045 -75 0
-2045 75 0
2046 -83 0
-2046 83 0
2047 -87 0
-2047 87 0
2048 -92 0
-2048 92 0
2049 -96 0
-2049 96 0
2050 -100 0
-2050 100 0
2051 -109 0
-2051 109 0
2052 -113 0
-2052 113 0
2053 -122 0
-2053 122 0
2054 -126 0
-2054 126 0
2055 -130 0
-2055 130 0
2056 -138 0
-2056 138 0
2057 -143 0
-2057 143 0
2058 -147 0
-2058 147 0
2059 -151 0
-2059 151 0
2060 -160 0
-2060 160 0
2061 -164 0
-2061 164 0
2062 -168 0
-2062 168 0
2063 -177 0
-2063 177 0
2064 -181 0
-2064 181 0
2065 -190 0
-2065 190 0
2066 -194 0
-2066 194 0
2067 -203 0
-2067 203 0
2068 -214 0
-2068 214 0
2069 -221 0
-2069 221 0
2070 -228 0
-2070 228 0
2071 -232 0
-2071 232 0
2072 -236 0
-2072 236 0
2073 -243 0
-2073 243 0
2074 -247 0
-2074 247 0
2075 -254 0
-2075 254 0
2076 -258 0
-2076 258 0
2077 -265 0
-2077 265 0
2078 -269 0
-2078 269 0
2079 -273 0
-2079 273 0
2080 -280 0
-2080 280 0
2081 -284 0
-2081 284 0
2082 -288 0
-2082 288 0
2083 -292 0
-2083 292 0
2084 -296 0
-2084 296 0
2085 -303 0
-2085 303 0
2086 -307 0
-2086 307 0
2087 -314 0
-2087 314 0
2088 -318 0
-2088 318 0
2089 -322 0
-2089 322 0
2090 -329 0
-2090 329 0
2091 -333 0
-2091 333 0
2092 -337 0
-2092 337 0
2093 -341 0
-2093 341 0
2094 -348 0
-2094 348 0
2095 -355 0
-2095 355 0
2096 -359 0
-2096 359 0
2097 -363 0
-2097 363 0
2098 -370 0
-2098 370 0
2099 -374 0
-2099 374 0
2100 -381 0
-2100 381 0
2101 -385 0
-2101 385 0
2102 -392 0
-2102 392 0
2103 -393 0
-2103 393 0
2104 -394 0
-2104 394 0
2105 -409 0
-2105 409 0
2106 -423 0
-2106 423 0
2107 -424 0
-2107 424 0
2108 -425 0
-2108 425 0
2109 -430 0
-2109 430 0
2110 -431 0
-2110 431 0
2111 -432 0
-2111 432 0
2112 -433 0
-2112 433 0
2113 -439 0
-2113 439 0
2114 -440 0
-2114 440 0
2115 -443 0
-2115 443 0
2116 -444 0
-2116 444 0
2117 -447 0
-2117 447 0
2118 -448 0
-2118 448 0
2119 -449 0
-2119 449 0
2120 -450 0
-2120 450 0
2121 -453 0
-2121 453 0
2122 -454 0
-2122 454 0
2123 -455 0
-2123 455 0
2124 -456 0
-2124 456 0
2125 -459 0
-2125 459 0
2126 -460 0
-2126 460 0
2127 -461 0
-2127 461 0
2128 -462 0
-2128 462 0
2129 -465 0
-2129 465 0
2130 -466 0
-2130 466 0
2131 -467 0
-2131 467 0
2132 -468 0
-2132 468 0
2133 -471 0
-2133 471 0
2134 -472 0
-2134 472 0
2135 -473 0
-2135 473 0
2136 -474 0
-2136 474 0
2137 -475 0
-2137 475 0
2138 -476 0
-2138 476 0
2139 -479 0
-2139 479 0
2140 -480 0
-2140 480 0
2141 -481 0
-2141 481 0
2142 -482 0
-2142 482 0
2143 -483 0
-2143 483 0
2144 -484 0
-2144 484 0
2145 -487 0
-2145 487 0
2146 -488 0
-2146 488 0
2147 -489 0
-2147 489 0
2148 -490 0
-2148 490 0
2149 -491 0
-2149 491 0
2150 -492 0
-2150 492 0
2151 -495 0
-2151 495 0
2152 -496 0
-2152 496 0
2153 -497 0
-2153 497 0
2154 -498 0
-2154 498 0
2155 -499 0
-2155 499 0
2156 -500 0
-2156 500 0
2157 -503 0
-2157 503 0
2158 -504 0
-2158 504 0
2159 -505 0
-2159 505 0
2160 -506 0
-2160 506 0
2161 -507 0
-2161 507 0
2162 -508 0
-2162 508 0
2163 -511 0
-2163 511 0
2164 -512 0
-2164 512 0
2165 -513 0
-2165 513 0
2166 -514 0
-2166 514 0
2167 -515 0
-2167 515 0
2168 -516 0
-2168 516 0
2169 -519 0
-2169 519 0
2170 -520 0
-2170 520 0
2171 -521 0
-2171 521 0
2172 -522 0
-2172 522 0
2173 -523 0
-2173 523 0
2174 -524 0
-2174 524 0
2175 -527 0
-2175 527 0
2176 -528 0
-2176 528 0
2177 -529 0
-2177 529 0
2178 -530 0
-2178 530 0
2179 -531 0
-2179 531 0
2180 -532 0
-2180 532 0
2181 -535 0
-2181 535 0
2182 -536 0
-2182 536 0
2183 -537 0
-2183 537 0
2184 -538 0
-2184 538 0
2185 -539 0
-2185 539 0
2186 -540 0
-2186 540 0
2187 -541 0
-2187 541 0
2188 -542 0
-2188 542 0
2189 -545 0
-2189 545 0
2190 -546 0
-2190 546 0
2191 -547 0
-2191 547 0
2192 -548 0
-2192 548 0
2193 -549 0
-2193 549 0
2194 -550 0
-2194 550 0
2195 -551 0
-2195 551 0
2196 -552 0
-2196 552 0
2197 -555 0
-2197 555 0
2198 -556 0
-2198 556 0
2199 -557 0
-2199 557 0
2200 -558 0
-2200 558 0
2201 -559 0
-2201 559 0
2202 -560 0
-2202 560 0
2203 -561 0
-2203 561 0
2204 -562 0
-2204 562 0
2205 -565 0
-2205 565 0
2206 -566 0
-2206 566 0
2207 -567 0
-2207 567 0
2208 -568 0
-2208 568 0
2209 -569 0
-2209 569 0
2210 -570 0
-2210 570 0
2211 -571 0
-2211 571 0
2212 -572 0
-2212 572 0
2213 -575 0
-2213 575 0
2214 -576 0
-2214 576 0
2215 -577 0
-2215 577 0
2216 -578 0
-2216 578 0
2217 -579 0
-2217 579 0
2218 -580 0
-2218 580 0
2219 -581 0
-2219 581 0
2220 -582 0
-2220 582 0
2221 -585 0
-2221 585 0
2222 -586 0
-2222 586 0
2223 -587 0
-2223 587 0
2224 -588 0
-2224 588 0
2225 -589 0
-2225 589 0
2226 -590 0
-2226 590 0
2227 -591 0
-2227 591 0
2228 -592 0
-2228 592 0
2229 -597 0
-2229 597 0
2230 -598 0
-2230 598 0
2231 -599 0
-2231 599 0
2232 -600 0
-2232 600 0
2233 -601 0
-2233 601 0
2234 -604 0
-2234 604 0
2235 -605 0
-2235 605 0
2236 -606 0
-2236 606 0
2237 -607 0
-2237 607 0
2238 -608 0
-2238 608 0
2239 -609 0
-2239 609 0
2240 -610 0
-2240 610 0
2241 -611 0
-2241 611 0
2242 -614 0
-2242 614 0
2243 -615 0
-2243 615 0
2244 -616 0
-2244 616 0
2245 -617 0
-2245 617 0
2246 -618 0
-2246 618 0
2247 -619 0
-2247 619 0
2248 -620 0
-2248 620 0
2249 -621 0
-2249 621 0
2250 -622 0
-2250 622 0
2251 -623 0
-2251 623 0
2252 -626 0
-2252 626 0
2253 -627 0
-2253 627 0
2254 -628 0
-2254 628 0
2255 -629 0
-2255 629 0
2256 -630 0
-2256 630 0
2257 -631 0
-2257 631 0
2258 -632 0
-2258 632 0
2259 -633 0
-2259 633 0
2260 -634 0
-2260 634 0
2261 -635 0
-2261 635 0
2262 -638 0
-2262 638 0
2263 -639 0
-2263 639 0
2264 -640 0
-2264 640 0
2265 -641 0
-2265 641 0
2266 -642 0
-2266 642 0
2267 -643 0
-2267 643 0
2268 -644 0
-2268 644 0
2269 -645 0
-2269 645 0
2270 -646 0
-2270 646 0
2271 -647 0
-2271 647 0
2272 -650 0
-2272 650 0
2273 -651 0
-2273 651 0
2274 -652 0
-2274 652 0
2275 -653 0
-2275 653 0
2276 -654 0
-2276 654 0
2277 -655 0
-2277 655 0
2278 -656 0
-2278 656 0
2279 -657 0
-2279 657 0
2280 -658 0
-2280 658 0
2281 -659 0
-2281 659 0
2282 -663 0
-2282 663 0
2283 -664 0
-2283 664 0
2284 -665 0
-2284 665 0
2285 -666 0
-2285 666 0
2286 -667 0
-2286 667 0
2287 -668 0
-2287 668 0
2288 -671 0
-2288 671 0
2289 -672 0
-2289 672 0
2290 -673 0
-2290 673 0
2291 -676 0
-2291 676 0
2292 -677 0
-2292 677 0
2293 -678 0
-2293 678 0
2294 -679 0
-2294 679 0
2295 -680 0
-2295 680 0
2296 -681 0
-2296 681 0
2297 -682 0
-2297 682 0
2298 -685 0
-2298 685 0
2299 -686 0
-2299 686 0
2300 -687 0
-2300 687 0
2301 -688 0
-2301 688 0
2302 -689 0
-2302 689 0
2303 -690 0
-2303 690 0
2304 -691 0
-2304 691 0
2305 -692 0
-2305 692 0
2306 -693 0
-2306 693 0
2307 -694 0
-2307 694 0
2308 -695 0
-2308 695 0
2309 -696 0
-2309 696 0
2310 -697 0
-2310 697 0
2311 -698 0
-2311 698 0
2312 -702 0
-2312 702 0
2313 -703 0
-2313 703 0
2314 -704 0
-2314 704 0
2315 -705 0
-2315 705 0
2316 -706 0
-2316 706 0
2317 -707 0
-2317 707 0
2318 -708 0
-2318 708 0
2319 -709 0
-2319 709 0
2033 -712 0
-2033 712 0
712 0
-712 435 711 0
-435 427 -434 0
-427 420 -426 0
-420 417 -419 0
-417 414 -416 0
-414 411 -413 0
-411 407 -410 0
-407 402 -406 0
-402 399 -401 0
-399 396 -398 0
-396 390 -395 0
-390 387 -389 0
-387 383 -386 0
-383 379 -382 0
-379 376 -378 0
-376 372 -375 0
-372 368 -371 0
-368 365 -367 0
-365 361 -364 0
-361 357 -360 0
-357 353 -356 0
-353 350 -352 0
-350 346 -349 0
-346 343 -345 0
-343 339 -342 0
-339 335 -338 0
-335 331 -334 0
-331 327 -330 0
-327 324 -326 0
-324 320 -323 0
-320 316 -319 0
-316 312 -315 0
-312 309 -311 0
-309 305 -308 0
-305 301 -304 0
-301 298 -300 0
-298 294 -297 0
-294 290 -293 0
-290 286 -289 0
-286 282 -285 0
-282 278 -281 0
-278 275 -277 0
-275 271 -274 0
-271 267 -270 0
-267 263 -266 0
-263 260 -262 0
-260 256 -259 0
-256 252 -255 0
-252 249 -251 0
-249 245 -248 0
-245 241 -244 0
-241 238 -240 0
-238 234 -237 0
-234 230 -233 0
-230 226 -229 0
-226 223 -225 0
-223 219 -222 0
-219 216 -218 0
-216 212 -215 0
-212 209 -211 0
-209 205 -208 0
-205 200 -204 0
-200 196 -199 0
-196 192 -195 0
-192 187 -191 0
-187 183 -186 0
-183 179 -182 0
-179 174 -178 0
-174 170 -173 0
-170 166 -169 0
-166 162 -165 0
-162 157 -161 0
-157 153 -156 0
-153 149 -152 0
-149 145 -148 0
-145 140 -144 0
-140 136 -139 0
-136 132 -135 0
-132 128 -131 0
-128 124 -127 0
-124 119 -123 0
-119 115 -118 0
-115 111 -114 0
-111 106 -110 0
-106 102 -105 0
-102 98 -101 0
-98 94 -97 0
-94 89 -93 0
-89 85 -88 0
-85 81 -84 0
-81 77 -80 0
-77 73 -76 0
-73 68 -72 0
-68 64 -67 0
-64 60 -63 0
-60 56 -59 0
-56 51 -55 0
-51 47 -50 0
-47 43 -46 0
-43 38 -42 0
-38 34 -37 0
-34 30 -33 0
-30 25 -29 0
-25 21 -24 0
-21 17 -20 0
-17 12 -16 0
-12 8 -11 0
-8 -3 -7 0
1 -2 3 0
-1 2 3 0
4 6 7 0
-4 -6 7 0
-1 5 6 0
-6 1 0
-6 -5 0
9 -10 11 0
-9 10 11 0
13 15 16 0
-13 -15 16 0
-9 14 15 0
-15 9 0
-15 -14 0
18 -19 20 0
-18 19 20 0
22 23 24 0
-22 -23 24 0
-4 -13 23 0
-23 4 0
-23 13 0
26 28 29 0
-26 -28 29 0
-18 27 28 0
-28 18 0
-28 -27 0
31 32 33 0
-31 -32 33 0
-13 -26 32 0
-32 13 0
-32 26 0
35 -36 37 0
-35 36 37 0
39 41 42 0
-39 -41 42 0
-35 40 41 0
-41 35 0
-41 -40 0
44 45 46 0
-44 -45 46 0
-26 -39 45 0
-45 26 0
-45 39 0
48 -49 50 0
-48 49 50 0
52 54 55 0
-52 -54 55 0
-48 53 54 0
-54 48 0
-54 -53 0
57 58 59 0
-57 -58 59 0
-39 -52 58 0
-58 39 0
-58 52 0
61 -62 63 0
-61 62 63 0
65 66 67 0
-65 -66 67 0
-22 -44 66 0
-66 22 0
-66 44 0
69 71 72 0
-69 -71 72 0
-61 70 71 0
-71 61 0
-71 -70 0
74 75 76 0
-74 -75 76 0
-31 -57 75 0
-75 31 0
-75 57 0
78 -79 80 0
-78 79 80 0
82 83 84 0
-82 -83 84 0
-52 -69 83 0
-83 52 0
-83 69 0
86 87 88 0
-86 -87 88 0
-44 -82 87 0
-87 44 0
-87 82 0
90 92 93 0
-90 -92 93 0
-78 91 92 0
-92 78 0
-92 -91 0
95 96 97 0
-95 -96 97 0
-69 -90 96 0
-96 69 0
-96 90 0
99 100 101 0
-99 -100 101 0
-57 -95 100 0
-100 57 0
-100 95 0
103 -104 105 0
-103 104 105 0
107 109 110 0
-107 -109 110 0
-103 108 109 0
-109 103 0
-109 -108 0
112 113 114 0
-112 -113 114 0
-90 -107 113 0
-113 90 0
-113 107 0
116 -117 118 0
-116 117 118 0
120 122 123 0
-120 -122 123 0
-116 121 122 0
-122 116 0
-122 -121 0
125 126 127 0
-125 -126 127 0
-107 -120 126 0
-126 107 0
-126 120 0
129 130 131 0
-129 -130 131 0
-82 -112 130 0
-130 82 0
-130 112 0
133 -134 135 0
-133 134 135 0
137 138 139 0
-137 -138 139 0
-95 -125 138 0
-138 95 0
-138 125 0
141 143 144 0
-141 -143 144 0
-133 142 143 0
-143 133 0
-143 -142 0
146 147 148 0
-146 -147 148 0
-120 -141 147 0
-147 120 0
-147 141 0
150 151 152 0
-150 -151 152 0
-112 -146 151 0
-151 112 0
-151 146 0
154 -155 156 0
-154 155 156 0
158 160 161 0
-158 -160 161 0
-154 159 160 0
-160 154 0
-160 -159 0
163 164 165 0
-163 -164 165 0
-141 -158 164 0
-164 141 0
-164 158 0
167 168 169 0
-167 -168 169 0
-125 -163 168 0
-168 125 0
-168 163 0
171 -172 173 0
-171 172 173 0
175 177 178 0
-175 -177 178 0
-171 176 177 0
-177 171 0
-177 -176 0
180 181 182 0
-180 -181 182 0
-158 -175 181 0
-181 158 0
-181 175 0
184 -185 186 0
-184 185 186 0
188 190 191 0
-188 -190 191 0
-184 189 190 0
-190 184 0
-190 -189 0
193 194 195 0
-193 -194 195 0
-175 -188 194 0
-194 175 0
-194 188 0
197 -198 199 0
-197 198 199 0
201 203 204 0
-201 -203 204 0
-197 202 203 0
-203 197 0
-203 -202 0
206 -207 208 0
-206 207 208 0
210 -2 211 0
-210 2 211 0
213 214 215 0
-213 -214 215 0
-210 5 214 0
-214 210 0
-214 -5 0
217 -10 218 0
-217 10 218 0
220 221 222 0
-220 -221 222 0
-217 14 221 0
-221 217 0
-221 -14 0
224 -19 225 0
-224 19 225 0
227 228 229 0
-227 -228 229 0
-213 -220 228 0
-228 213 0
-228 220 0
231 232 233 0
-231 -232 233 0
-224 27 232 0
-232 224 0
-232 -27 0
235 236 237 0
-235 -236 237 0
-220 -231 236 0
-236 220 0
-236 231 0
239 -36 240 0
-239 36 240 0
242 243 244 0
-242 -243 244 0
-239 40 243 0
-243 239 0
-243 -40 0
246 247 248 0
-246 -247 248 0
-231 -242 247 0
-247 231 0
-247 242 0
250 -49 251 0
-250 49 251 0
253 254 255 0
-253 -254 255 0
-250 53 254 0
-254 250 0
-254 -53 0
257 258 259 0
-257 -258 259 0
-242 -253 258 0
-258 242 0
-258 253 0
261 -62 262 0
-261 62 262 0
264 265 266 0
-264 -265 266 0
-227 -246 265 0
-265 227 0
-265 246 0
268 269 270 0
-268 -269 270 0
-261 70 269 0
-269 261 0
-269 -70 0
272 273 274 0
-272 -273 274 0
-235 -257 273 0
-273 235 0
-273 257 0
276 -79 277 0
-276 79 277 0
279 280 281 0
-279 -280 281 0
-253 -268 280 0
-280 253 0
-280 268 0
283 284 285 0
-283 -284 285 0
-246 -279 284 0
-284 246 0
-284 279 0
287 288 289 0
-287 -288 289 0
-276 91 288 0
-288 276 0
-288 -91 0
291 292 293 0
-291 -292 293 0
-268 -287 292 0
-292 268 0
-292 287 0
295 296 297 0
-295 -296 297 0
-257 -291 296 0
-296 257 0
-296 291 0
299 -104 300 0
-299 104 300 0
302 303 304 0
-302 -303 304 0
-299 108 303 0
-303 299 0
-303 -108 0
306 307 308 0
-306 -307 308 0
-287 -302 307 0
-307 287 0
-307 302 0
310 -117 311 0
-310 117 311 0
313 314 315 0
-313 -314 315 0
-310 121 314 0
-314 310 0
-314 -121 0
317 318 319 0
-317 -318 319 0
-302 -313 318 0
-318 302 0
-318 313 0
321 322 323 0
-321 -322 323 0
-279 -306 322 0
-322 279 0
-322 306 0
325 -134 326 0
-325 134 326 0
328 329 330 0
-328 -329 330 0
-291 -317 329 0
-329 291 0
-329 317 0
332 333 334 0
-332 -333 334 0
-325 142 333 0
-333 325 0
-333 -142 0
336 337 338 0
-336 -337 338 0
-313 -332 337 0
-337 313 0
-337 332 0
340 341 342 0
-340 -341 342 0
-306 -336 341 0
-341 306 0
-341 336 0
344 -155 345 0
-344 155 345 0
347 348 349 0
-347 -348 349 0
-344 -159 348 0
-348 344 0
-348 159 0
351 227 352 0
-351 -227 352 0
354 355 356 0
-354 -355 356 0
-344 159 355 0
-355 344 0
-355 -159 0
358 359 360 0
-358 -359 360 0
-332 -354 359 0
-359 332 0
-359 354 0
362 363 364 0
-362 -363 364 0
-317 -358 363 0
-363 317 0
-363 358 0
366 -172 367 0
-366 172 367 0
369 370 371 0
-369 -370 371 0
-366 176 370 0
-370 366 0
-370 -176 0
373 374 375 0
-373 -374 375 0
-354 -369 374 0
-374 354 0
-374 369 0
377 -185 378 0
-377 185 378 0
380 381 382 0
-380 -381 382 0
-377 189 381 0
-381 377 0
-381 -189 0
384 385 386 0
-384 -385 386 0
-369 -380 385 0
-385 369 0
-385 380 0
388 -198 389 0
-388 198 389 0
391 394 395 0
-391 -394 395 0
-393 -264 394 0
-380 -392 393 0
-388 -202 392 0
-394 393 0
-394 264 0
-393 380 0
-393 392 0
-392 388 0
-392 202 0
397 336 398 0
-397 -336 398 0
400 373 401 0
-400 -373 401 0
403 405 406 0
-403 -405 406 0
-321 -404 405 0
-405 321 0
-405 404 0
408 409 410 0
-408 -409 410 0
-388 202 409 0
-409 388 0
-409 -202 0
412 358 413 0
-412 -358 413 0
415 384 416 0
-415 -384 416 0
418 -207 419 0
-418 207 419 0
421 425 426 0
-421 -425 426 0
-424 -295 425 0
-423 -235 424 0
-422 -213 423 0
-425 424 0
-425 295 0
-424 423 0
-424 235 0
-423 422 0
-423 213 0
428 433 434 0
-428 -433 434 0
-362 -432 433 0
-384 -431 432 0
-408 -430 431 0
-418 429 430 0
-433 362 0
-433 432 0
-432 384 0
-432 431 0
-431 408 0
-431 430 0
-430 418 0
-430 -429 0
-711 700 0
-711 710 0
-700 684 0
-700 699 0
-684 670 0
-684 683 0
-670 661 0
-670 669 0
-661 649 0
-661 660 0
-649 637 0
-649 648 0
-637 625 0
-637 636 0
-625 613 0
-625 624 0
-613 603 0
-613 612 0
-603 594 0
-603 602 0
-594 584 0
-594 593 0
-584 574 0
-584 583 0
-574 564 0
-574 573 0
-564 554 0
-564 563 0
-554 544 0
-554 553 0
-544 534 0
-544 543 0
-534 526 0
-534 533 0
-526 518 0
-526 525 0
-518 510 0
-518 517 0
-510 502 0
-510 509 0
-502 494 0
-502 501 0
-494 486 0
-494 493 0
-486 478 0
-486 485 0
-478 470 0
-478 477 0
-470 464 0
-470 469 0
-464 458 0
-464 463 0
-458 452 0
-458 457 0
-452 446 0
-452 451 0
-446 442 0
-446 445 0
-442 438 0
-442 441 0
-438 436 0
-438 437 0
-436 -2 2 0
-436 2 -2 0
-437 -2 2 0
-437 2 -2 0
-441 -439 440 0
-441 439 -440 0
-439 210 0
-439 5 0
-440 1 0
-440 5 0
-210 -5 439 0
-1 -5 440 0
-445 -443 444 0
-445 443 -444 0
-443 10 0
-443 213 0
-444 10 0
-444 4 0
-10 -213 443 0
-10 -4 444 0
-451 -448 450 0
-451 448 -450 0
-448 213 0
-448 447 0
-447 217 0
-447 14 0
-450 4 0
-450 449 0
-449 9 0
-449 14 0
-213 -447 448 0
-217 -14 447 0
-4 -449 450 0
-9 -14 449 0
-457 -454 456 0
-457 454 -456 0
-454 220 0
-454 453 0
-453 19 0
-453 213 0
-456 13 0
-456 455 0
-455 19 0
-455 4 0
-220 -453 454 0
-19 -213 453 0
-13 -455 456 0
-19 -4 455 0
-463 -460 462 0
-463 460 -462 0
-460 459 0
-460 227 0
-459 224 0
-459 27 0
-462 461 0
-462 22 0
-461 18 0
-461 27 0
-459 -227 460 0
-224 -27 459 0
-461 -22 462 0
-18 -27 461 0
-469 -466 468 0
-469 466 -468 0
-466 465 0
-466 235 0
-465 36 0
-465 213 0
-468 467 0
-468 31 0
-467 36 0
-467 4 0
-465 -235 466 0
-36 -213 465 0
-467 -31 468 0
-36 -4 467 0
-477 -473 476 0
-477 473 -476 0
-473 227 0
-473 472 0
-472 231 0
-472 471 0
-471 239 0
-471 40 0
-476 22 0
-476 475 0
-475 26 0
-475 474 0
-474 35 0
-474 40 0
-227 -472 473 0
-231 -471 472 0
-239 -40 471 0
-22 -475 476 0
-26 -474 475 0
-35 -40 474 0
-485 -481 484 0
-485 481 -484 0
-481 235 0
-481 480 0
-480 242 0
-480 479 0
-479 49 0
-479 213 0
-484 31 0
-484 483 0
-483 39 0
-483 482 0
-482 49 0
-482 4 0
-235 -480 481 0
-242 -479 480 0
-49 -213 479 0
-31 -483 484 0
-39 -482 483 0
-49 -4 482 0
-493 -489 492 0
-493 489 -492 0
-489 246 0
-489 488 0
-488 487 0
-488 227 0
-487 250 0
-487 53 0
-492 44 0
-492 491 0
-491 490 0
-491 22 0
-490 48 0
-490 53 0
-246 -488 489 0
-487 -227 488 0
-250 -53 487 0
-44 -491 492 0
-490 -22 491 0
-48 -53 490 0
-501 -497 500 0
-501 497 -500 0
-497 257 0
-497 496 0
-496 495 0
-496 235 0
-495 62 0
-495 213 0
-500 57 0
-500 499 0
-499 498 0
-499 31 0
-498 62 0
-498 4 0
-257 -496 497 0
-495 -235 496 0
-62 -213 495 0
-57 -499 500 0
-498 -31 499 0
-62 -4 498 0
-509 -505 508 0
-509 505 -508 0
-505 504 0
-505 264 0
-504 253 0
-504 503 0
-503 261 0
-503 70 0
-508 507 0
-508 65 0
-507 52 0
-507 506 0
-506 61 0
-506 70 0
-504 -264 505 0
-253 -503 504 0
-261 -70 503 0
-507 -65 508 0
-52 -506 507 0
-61 -70 506 0
-517 -513 516 0
-517 513 -516 0
-513 512 0
-513 272 0
-512 268 0
-512 511 0
-511 79 0
-511 213 0
-516 515 0
-516 74 0
-515 69 0
-515 514 0
-514 79 0
-514 4 0
-512 -272 513 0
-268 -511 512 0
-79 -213 511 0
-515 -74 516 0
-69 -514 515 0
-79 -4 514 0
-525 -521 524 0
-525 521 -524 0
-521 520 0
-521 283 0
-520 519 0
-520 227 0
-519 276 0
-519 91 0
-524 523 0
-524 86 0
-523 522 0
-523 22 0
-522 78 0
-522 91 0
-520 -283 521 0
-519 -227 520 0
-276 -91 519 0
-523 -86 524 0
-522 -22 523 0
-78 -91 522 0
-533 -529 532 0
-533 529 -532 0
-529 528 0
-529 295 0
-528 527 0
-528 235 0
-527 104 0
-527 213 0
-532 531 0
-532 99 0
-531 530 0
-531 31 0
-530 104 0
-530 4 0
-528 -295 529 0
-527 -235 528 0
-104 -213 527 0
-531 -99 532 0
-530 -31 531 0
-104 -4 530 0
-543 -538 542 0
-543 538 -542 0
-538 264 0
-538 537 0
-537 279 0
-537 536 0
-536 287 0
-536 535 0
-535 299 0
-535 108 0
-542 65 0
-542 541 0
-541 82 0
-541 540 0
-540 90 0
-540 539 0
-539 103 0
-539 108 0
-264 -537 538 0
-279 -536 537 0
-287 -535 536 0
-299 -108 535 0
-65 -541 542 0
-82 -540 541 0
-90 -539 540 0
-103 -108 539 0
-553 -548 552 0
-553 548 -552 0
-548 272 0
-548 547 0
-547 291 0
-547 546 0
-546 302 0
-546 545 0
-545 117 0
-545 213 0
-552 74 0
-552 551 0
-551 95 0
-551 550 0
-550 107 0
-550 549 0
-549 117 0
-549 4 0
-272 -547 548 0
-291 -546 547 0
-302 -545 546 0
-117 -213 545 0
-74 -551 552 0
-95 -550 551 0
-107 -549 550 0
-117 -4 549 0
-563 -558 562 0
-563 558 -562 0
-558 283 0
-558 557 0
-557 306 0
-557 556 0
-556 555 0
-556 227 0
-555 310 0
-555 121 0
-562 86 0
-562 561 0
-561 112 0
-561 560 0
-560 559 0
-560 22 0
-559 116 0
-559 121 0
-283 -557 558 0
-306 -556 557 0
-555 -227 556 0
-310 -121 555 0
-86 -561 562 0
-112 -560 561 0
-559 -22 560 0
-116 -121 559 0
-573 -568 572 0
-573 568 -572 0
-568 295 0
-568 567 0
-567 317 0
-567 566 0
-566 565 0
-566 235 0
-565 134 0
-565 213 0
-572 99 0
-572 571 0
-571 125 0
-571 570 0
-570 569 0
-570 31 0
-569 134 0
-569 4 0
-295 -567 568 0
-317 -566 567 0
-565 -235 566 0
-134 -213 565 0
-99 -571 572 0
-125 -570 571 0
-569 -31 570 0
-134 -4 569 0
-583 -578 582 0
-583 578 -582 0
-578 321 0
-578 577 0
-577 576 0
-577 264 0
-576 313 0
-576 575 0
-575 325 0
-575 142 0
-582 129 0
-582 581 0
-581 580 0
-581 65 0
-580 120 0
-580 579 0
-579 133 0
-579 142 0
-321 -577 578 0
-576 -264 577 0
-313 -575 576 0
-325 -142 575 0
-129 -581 582 0
-580 -65 581 0
-120 -579 580 0
-133 -142 579 0
-593 -588 592 0
-593 588 -592 0
-588 328 0
-588 587 0
-587 586 0
-587 272 0
-586 332 0
-586 585 0
-585 155 0
-585 213 0
-592 137 0
-592 591 0
-591 590 0
-591 74 0
-590 141 0
-590 589 0
-589 155 0
-589 4 0
-328 -587 588 0
-586 -272 587 0
-332 -585 586 0
-155 -213 585 0
-137 -591 592 0
-590 -74 591 0
-141 -589 590 0
-155 -4 589 0
-602 -597 601 0
-602 597 -601 0
-597 340 0
-597 596 0
-596 595 283 0
-601 150 0
-601 600 0
-600 599 0
-600 86 0
-599 598 0
-599 22 0
-598 154 0
-598 159 0
-340 -596 597 0
-595 283 596 0
595 -283 596 0
-595 -283 596 0
-150 -600 601 0
-599 -86 600 0
-598 -22 599 0
-154 -159 598 0
-612 -607 611 0
-612 607 -611 0
-607 362 0
-607 606 0
-606 605 0
-606 295 0
-605 604 0
-605 235 0
-604 172 0
-604 213 0
-611 167 0
-611 610 0
-610 609 0
-610 99 0
-609 608 0
-609 31 0
-608 172 0
-608 4 0
-362 -606 607 0
-605 -295 606 0
-604 -235 605 0
-172 -213 604 0
-167 -610 611 0
-609 -99 610 0
-608 -31 609 0
-172 -4 608 0
-624 -618 623 0
-624 618 -623 0
-618 616 0
-618 617 0
-616 336 0
-616 615 0
-615 354 0
-615 614 0
-614 366 0
-614 176 0
-617 264 0
-617 321 0
-623 621 0
-623 622 0
-621 146 0
-621 620 0
-620 158 0
-620 619 0
-619 171 0
-619 176 0
-622 65 0
-622 129 0
-616 -617 618 0
-336 -615 616 0
-354 -614 615 0
-366 -176 614 0
-264 -321 617 0
-621 -622 623 0
-146 -620 621 0
-158 -619 620 0
-171 -176 619 0
-65 -129 622 0
-636 -630 635 0
-636 630 -635 0
-630 628 0
-630 629 0
-628 358 0
-628 627 0
-627 369 0
-627 626 0
-626 185 0
-626 213 0
-629 272 0
-629 328 0
-635 633 0
-635 634 0
-633 163 0
-633 632 0
-632 175 0
-632 631 0
-631 185 0
-631 4 0
-634 74 0
-634 137 0
-628 -629 630 0
-358 -627 628 0
-369 -626 627 0
-185 -213 626 0
-272 -328 629 0
-633 -634 635 0
-163 -632 633 0
-175 -631 632 0
-185 -4 631 0
-74 -137 634 0
-648 -642 647 0
-648 642 -647 0
-642 640 0
-642 641 0
-640 373 0
-640 639 0
-639 638 0
-639 227 0
-638 377 0
-638 189 0
-641 283 0
-641 340 0
-647 645 0
-647 646 0
-645 180 0
-645 644 0
-644 643 0
-644 22 0
-643 184 0
-643 189 0
-646 86 0
-646 150 0
-640 -641 642 0
-373 -639 640 0
-638 -227 639 0
-377 -189 638 0
-283 -340 641 0
-645 -646 647 0
-180 -644 645 0
-643 -22 644 0
-184 -189 643 0
-86 -150 646 0
-660 -654 659 0
-660 654 -659 0
-654 652 0
-654 653 0
-652 384 0
-652 651 0
-651 650 0
-651 235 0
-650 198 0
-650 213 0
-653 295 0
-653 362 0
-659 657 0
-659 658 0
-657 193 0
-657 656 0
-656 655 0
-656 31 0
-655 198 0
-655 4 0
-658 99 0
-658 167 0
-652 -653 654 0
-384 -651 652 0
-650 -235 651 0
-198 -213 650 0
-295 -362 653 0
-657 -658 659 0
-193 -656 657 0
-655 -31 656 0
-198 -4 655 0
-99 -167 658 0
-669 -662 668 0
-669 662 -668 0
-668 665 0
-668 667 0
-665 664 0
-665 65 0
-664 188 0
-664 663 0
-663 197 0
-663 202 0
-667 129 0
-667 666 0
-666 146 0
-666 180 0
-665 -667 668 0
-664 -65 665 0
-188 -663 664 0
-197 -202 663 0
-129 -666 667 0
-146 -180 666 0
-683 -676 682 0
-683 676 -682 0
-676 673 0
-676 675 0
-673 672 0
-673 272 0
-672 408 0
-672 671 0
-671 207 0
-671 213 0
-675 328 0
-675 674 0
-682 679 0
-682 681 0
-679 678 0
-679 74 0
-678 201 0
-678 677 0
-677 207 0
-677 4 0
-681 137 0
-681 680 0
-680 163 0
-680 193 0
-673 -675 676 0
-672 -272 673 0
-408 -671 672 0
-207 -213 671 0
-328 -674 675 0
-679 -681 682 0
-678 -74 679 0
-201 -677 678 0
-207 -4 677 0
-137 -680 681 0
-163 -193 680 0
-699 -691 698 0
-699 691 -698 0
-691 687 0
-691 690 0
-687 686 0
-687 283 0
-686 685 0
-686 227 0
-685 418 0
-685 429 0
-690 340 0
-690 689 0
-689 373 0
-689 688 0
-688 380 0
-688 408 0
-698 694 0
-698 697 0
-694 693 0
-694 86 0
-693 692 0
-693 22 0
-692 206 0
-692 429 0
-697 150 0
-697 696 0
-696 180 0
-696 695 0
-695 188 0
-695 201 0
-687 -690 691 0
-686 -283 687 0
-685 -227 686 0
-418 -429 685 0
-340 -689 690 0
-373 -688 689 0
-380 -408 688 0
-694 -697 698 0
-693 -86 694 0
-692 -22 693 0
-206 -429 692 0
-150 -696 697 0
-180 -695 696 0
-188 -201 695 0
-710 -701 709 0
-710 701 -709 0
-709 704 0
-709 708 0
-704 703 0
-704 99 0
-703 702 0
-703 31 0
-702 422 0
-702 4 0
-708 167 0
-708 707 0
-707 193 0
-707 706 0
-706 201 0
-706 705 0
-705 206 0
-705 -429 0
-704 -708 709 0
-703 -99 704 0
-702 -31 703 0
-422 -4 702 0
-167 -707 708 0
-193 -706 707 0
-201 -705 706 0
-206 429 705 0
2033 0
1 -2034 0
-5 -2034 0
-1 5 2034 0
9 -2035 0
-14 -2035 0
-9 14 2035 0
13 -2036 0
4 -2036 0
-13 -4 2036 0
18 -2037 0
-27 -2037 0
-18 27 2037 0
26 -2038 0
13 -2038 0
-26 -13 2038 0
35 -2039 0
-40 -2039 0
-35 40 2039 0
39 -2040 0
26 -2040 0
-39 -26 2040 0
48 -2041 0
-53 -2041 0
-48 53 2041 0
52 -2042 0
39 -2042 0
-52 -39 2042 0
44 -2043 0
22 -2043 0
-44 -22 2043 0
61 -2044 0
-70 -2044 0
-61 70 2044 0
57 -2045 0
31 -2045 0
-57 -31 2045 0
69 -2046 0
52 -2046 0
-69 -52 2046 0
44 -2047 0
82 -2047 0
-44 -82 2047 0
78 -2048 0
-91 -2048 0
-78 91 2048 0
69 -2049 0
90 -2049 0
-69 -90 2049 0
57 -2050 0
95 -2050 0
-57 -95 2050 0
-108 -2051 0
103 -2051 0
108 -103 2051 0
107 -2052 0
90 -2052 0
-107 -90 2052 0
-121 -2053 0
116 -2053 0
121 -116 2053 0
107 -2054 0
120 -2054 0
-107 -120 2054 0
112 -2055 0
82 -2055 0
-112 -82 2055 0
95 -2056 0
125 -2056 0
-95 -125 2056 0
-142 -2057 0
133 -2057 0
142 -133 2057 0
141 -2058 0
120 -2058 0
-141 -120 2058 0
112 -2059 0
146 -2059 0
-112 -146 2059 0
-159 -2060 0
154 -2060 0
159 -154 2060 0
158 -2061 0
141 -2061 0
-158 -141 2061 0
125 -2062 0
163 -2062 0
-125 -163 2062 0
-176 -2063 0
171 -2063 0
176 -171 2063 0
158 -2064 0
175 -2064 0
-158 -175 2064 0
-189 -2065 0
184 -2065 0
189 -184 2065 0
188 -2066 0
175 -2066 0
-188 -175 2066 0
-202 -2067 0
197 -2067 0
202 -197 2067 0
-5 -2068 0
210 -2068 0
5 -210 2068 0
-14 -2069 0
217 -2069 0
14 -217 2069 0
220 -2070 0
213 -2070 0
-220 -213 2070 0
-27 -2071 0
224 -2071 0
27 -224 2071 0
220 -2072 0
231 -2072 0
-220 -231 2072 0
-40 -2073 0
239 -2073 0
40 -239 2073 0
231 -2074 0
242 -2074 0
-231 -242 2074 0
250 -2075 0
-53 -2075 0
-250 53 2075 0
253 -2076 0
242 -2076 0
-253 -242 2076 0
246 -2077 0
227 -2077 0
-246 -227 2077 0
-70 -2078 0
261 -2078 0
70 -261 2078 0
257 -2079 0
235 -2079 0
-257 -235 2079 0
253 -2080 0
268 -2080 0
-253 -268 2080 0
246 -2081 0
279 -2081 0
-246 -279 2081 0
-91 -2082 0
276 -2082 0
91 -276 2082 0
268 -2083 0
287 -2083 0
-268 -287 2083 0
257 -2084 0
291 -2084 0
-257 -291 2084 0
-108 -2085 0
299 -2085 0
108 -299 2085 0
287 -2086 0
302 -2086 0
-287 -302 2086 0
-121 -2087 0
310 -2087 0
121 -310 2087 0
313 -2088 0
302 -2088 0
-313 -302 2088 0
279 -2089 0
306 -2089 0
-279 -306 2089 0
317 -2090 0
291 -2090 0
-317 -291 2090 0
325 -2091 0
-142 -2091 0
-325 142 2091 0
332 -2092 0
313 -2092 0
-332 -313 2092 0
336 -2093 0
306 -2093 0
-336 -306 2093 0
344 -2094 0
159 -2094 0
-344 -159 2094 0
344 -2095 0
-159 -2095 0
-344 159 2095 0
332 -2096 0
354 -2096 0
-332 -354 2096 0
358 -2097 0
317 -2097 0
-358 -317 2097 0
366 -2098 0
-176 -2098 0
-366 176 2098 0
369 -2099 0
354 -2099 0
-369 -354 2099 0
377 -2100 0
-189 -2100 0
-377 189 2100 0
369 -2101 0
380 -2101 0
-369 -380 2101 0
202 -2102 0
388 -2102 0
-202 -388 2102 0
380 -2103 0
392 -2103 0
-380 -392 2103 0
264 -2104 0
393 -2104 0
-264 -393 2104 0
-202 -2105 0
388 -2105 0
202 -388 2105 0
422 -2106 0
213 -2106 0
-422 -213 2106 0
235 -2107 0
423 -2107 0
-235 -423 2107 0
295 -2108 0
424 -2108 0
-295 -424 2108 0
418 -2109 0
-429 -2109 0
-418 429 2109 0
408 -2110 0
430 -2110 0
-408 -430 2110 0
384 -2111 0
431 -2111 0
-384 -431 2111 0
362 -2112 0
432 -2112 0
-362 -432 2112 0
5 -2113 0
210 -2113 0
-5 -210 2113 0
1 -2114 0
5 -2114 0
-1 -5 2114 0
10 -2115 0
213 -2115 0
-10 -213 2115 0
4 -2116 0
10 -2116 0
-4 -10 2116 0
14 -2117 0
217 -2117 0
-14 -217 2117 0
213 -2118 0
447 -2118 0
-213 -447 2118 0
9 -2119 0
14 -2119 0
-9 -14 2119 0
4 -2120 0
449 -2120 0
-4 -449 2120 0
19 -2121 0
213 -2121 0
-19 -213 2121 0
220 -2122 0
453 -2122 0
-220 -453 2122 0
4 -2123 0
19 -2123 0
-4 -19 2123 0
13 -2124 0
455 -2124 0
-13 -455 2124 0
27 -2125 0
224 -2125 0
-27 -224 2125 0
227 -2126 0
459 -2126 0
-227 -459 2126 0
18 -2127 0
27 -2127 0
-18 -27 2127 0
22 -2128 0
461 -2128 0
-22 -461 2128 0
36 -2129 0
213 -2129 0
-36 -213 2129 0
235 -2130 0
465 -2130 0
-235 -465 2130 0
4 -2131 0
36 -2131 0
-4 -36 2131 0
31 -2132 0
467 -2132 0
-31 -467 2132 0
40 -2133 0
239 -2133 0
-40 -239 2133 0
231 -2134 0
471 -2134 0
-231 -471 2134 0
227 -2135 0
472 -2135 0
-227 -472 2135 0
35 -2136 0
40 -2136 0
-35 -40 2136 0
26 -2137 0
474 -2137 0
-26 -474 2137 0
22 -2138 0
475 -2138 0
-22 -475 2138 0
49 -2139 0
213 -2139 0
-49 -213 2139 0
242 -2140 0
479 -2140 0
-242 -479 2140 0
235 -2141 0
480 -2141 0
-235 -480 2141 0
4 -2142 0
49 -2142 0
-4 -49 2142 0
39 -2143 0
482 -2143 0
-39 -482 2143 0
31 -2144 0
483 -2144 0
-31 -483 2144 0
250 -2145 0
53 -2145 0
-250 -53 2145 0
227 -2146 0
487 -2146 0
-227 -487 2146 0
246 -2147 0
488 -2147 0
-246 -488 2147 0
48 -2148 0
53 -2148 0
-48 -53 2148 0
22 -2149 0
490 -2149 0
-22 -490 2149 0
44 -2150 0
491 -2150 0
-44 -491 2150 0
62 -2151 0
213 -2151 0
-62 -213 2151 0
235 -2152 0
495 -2152 0
-235 -495 2152 0
257 -2153 0
496 -2153 0
-257 -496 2153 0
62 -2154 0
4 -2154 0
-62 -4 2154 0
31 -2155 0
498 -2155 0
-31 -498 2155 0
57 -2156 0
499 -2156 0
-57 -499 2156 0
70 -2157 0
261 -2157 0
-70 -261 2157 0
253 -2158 0
503 -2158 0
-253 -503 2158 0
264 -2159 0
504 -2159 0
-264 -504 2159 0
61 -2160 0
70 -2160 0
-61 -70 2160 0
52 -2161 0
506 -2161 0
-52 -506 2161 0
65 -2162 0
507 -2162 0
-65 -507 2162 0
79 -2163 0
213 -2163 0
-79 -213 2163 0
268 -2164 0
511 -2164 0
-268 -511 2164 0
272 -2165 0
512 -2165 0
-272 -512 2165 0
79 -2166 0
4 -2166 0
-79 -4 2166 0
69 -2167 0
514 -2167 0
-69 -514 2167 0
74 -2168 0
515 -2168 0
-74 -515 2168 0
91 -2169 0
276 -2169 0
-91 -276 2169 0
227 -2170 0
519 -2170 0
-227 -519 2170 0
283 -2171 0
520 -2171 0
-283 -520 2171 0
78 -2172 0
91 -2172 0
-78 -91 2172 0
22 -2173 0
522 -2173 0
-22 -522 2173 0
86 -2174 0
523 -2174 0
-86 -523 2174 0
104 -2175 0
213 -2175 0
-104 -213 2175 0
235 -2176 0
527 -2176 0
-235 -527 2176 0
295 -2177 0
528 -2177 0
-295 -528 2177 0
104 -2178 0
4 -2178 0
-104 -4 2178 0
31 -2179 0
530 -2179 0
-31 -530 2179 0
99 -2180 0
531 -2180 0
-99 -531 2180 0
108 -2181 0
299 -2181 0
-108 -299 2181 0
287 -2182 0
535 -2182 0
-287 -535 2182 0
279 -2183 0
536 -2183 0
-279 -536 2183 0
264 -2184 0
537 -2184 0
-264 -537 2184 0
108 -2185 0
103 -2185 0
-108 -103 2185 0
90 -2186 0
539 -2186 0
-90 -539 2186 0
82 -2187 0
540 -2187 0
-82 -540 2187 0
65 -2188 0
541 -2188 0
-65 -541 2188 0
117 -2189 0
213 -2189 0
-117 -213 2189 0
302 -2190 0
545 -2190 0
-302 -545 2190 0
291 -2191 0
546 -2191 0
-291 -546 2191 0
272 -2192 0
547 -2192 0
-272 -547 2192 0
117 -2193 0
4 -2193 0
-117 -4 2193 0
107 -2194 0
549 -2194 0
-107 -549 2194 0
95 -2195 0
550 -2195 0
-95 -550 2195 0
74 -2196 0
551 -2196 0
-74 -551 2196 0
121 -2197 0
310 -2197 0
-121 -310 2197 0
227 -2198 0
555 -2198 0
-227 -555 2198 0
306 -2199 0
556 -2199 0
-306 -556 2199 0
283 -2200 0
557 -2200 0
-283 -557 2200 0
121 -2201 0
116 -2201 0
-121 -116 2201 0
22 -2202 0
559 -2202 0
-22 -559 2202 0
112 -2203 0
560 -2203 0
-112 -560 2203 0
86 -2204 0
561 -2204 0
-86 -561 2204 0
134 -2205 0
213 -2205 0
-134 -213 2205 0
235 -2206 0
565 -2206 0
-235 -565 2206 0
317 -2207 0
566 -2207 0
-317 -566 2207 0
295 -2208 0
567 -2208 0
-295 -567 2208 0
134 -2209 0
4 -2209 0
-134 -4 2209 0
31 -2210 0
569 -2210 0
-31 -569 2210 0
125 -2211 0
570 -2211 0
-125 -570 2211 0
99 -2212 0
571 -2212 0
-99 -571 2212 0
325 -2213 0
142 -2213 0
-325 -142 2213 0
313 -2214 0
575 -2214 0
-313 -575 2214 0
264 -2215 0
576 -2215 0
-264 -576 2215 0
321 -2216 0
577 -2216 0
-321 -577 2216 0
142 -2217 0
133 -2217 0
-142 -133 2217 0
120 -2218 0
579 -2218 0
-120 -579 2218 0
65 -2219 0
580 -2219 0
-65 -580 2219 0
129 -2220 0
581 -2220 0
-129 -581 2220 0
155 -2221 0
213 -2221 0
-155 -213 2221 0
332 -2222 0
585 -2222 0
-332 -585 2222 0
272 -2223 0
586 -2223 0
-272 -586 2223 0
328 -2224 0
587 -2224 0
-328 -587 2224 0
155 -2225 0
4 -2225 0
-155 -4 2225 0
141 -2226 0
589 -2226 0
-141 -589 2226 0
74 -2227 0
590 -2227 0
-74 -590 2227 0
137 -2228 0
591 -2228 0
-137 -591 2228 0
340 -2229 0
596 -2229 0
-340 -596 2229 0
159 -2230 0
154 -2230 0
-159 -154 2230 0
22 -2231 0
598 -2231 0
-22 -598 2231 0
86 -2232 0
599 -2232 0
-86 -599 2232 0
150 -2233 0
600 -2233 0
-150 -600 2233 0
172 -2234 0
213 -2234 0
-172 -213 2234 0
235 -2235 0
604 -2235 0
-235 -604 2235 0
295 -2236 0
605 -2236 0
-295 -605 2236 0
362 -2237 0
606 -2237 0
-362 -606 2237 0
172 -2238 0
4 -2238 0
-172 -4 2238 0
31 -2239 0
608 -2239 0
-31 -608 2239 0
99 -2240 0
609 -2240 0
-99 -609 2240 0
167 -2241 0
610 -2241 0
-167 -610 2241 0
366 -2242 0
176 -2242 0
-366 -176 2242 0
354 -2243 0
614 -2243 0
-354 -614 2243 0
336 -2244 0
615 -2244 0
-336 -615 2244 0
321 -2245 0
264 -2245 0
-321 -264 2245 0
616 -2246 0
617 -2246 0
-616 -617 2246 0
176 -2247 0
171 -2247 0
-176 -171 2247 0
158 -2248 0
619 -2248 0
-158 -619 2248 0
146 -2249 0
620 -2249 0
-146 -620 2249 0
65 -2250 0
129 -2250 0
-65 -129 2250 0
621 -2251 0
622 -2251 0
-621 -622 2251 0
185 -2252 0
213 -2252 0
-185 -213 2252 0
369 -2253 0
626 -2253 0
-369 -626 2253 0
358 -2254 0
627 -2254 0
-358 -627 2254 0
328 -2255 0
272 -2255 0
-328 -272 2255 0
628 -2256 0
629 -2256 0
-628 -629 2256 0
185 -2257 0
4 -2257 0
-185 -4 2257 0
175 -2258 0
631 -2258 0
-175 -631 2258 0
163 -2259 0
632 -2259 0
-163 -632 2259 0
74 -2260 0
137 -2260 0
-74 -137 2260 0
633 -2261 0
634 -2261 0
-633 -634 2261 0
377 -2262 0
189 -2262 0
-377 -189 2262 0
227 -2263 0
638 -2263 0
-227 -638 2263 0
373 -2264 0
639 -2264 0
-373 -639 2264 0
340 -2265 0
283 -2265 0
-340 -283 2265 0
640 -2266 0
641 -2266 0
-640 -641 2266 0
189 -2267 0
184 -2267 0
-189 -184 2267 0
22 -2268 0
643 -2268 0
-22 -643 2268 0
180 -2269 0
644 -2269 0
-180 -644 2269 0
86 -2270 0
150 -2270 0
-86 -150 2270 0
645 -2271 0
646 -2271 0
-645 -646 2271 0
198 -2272 0
213 -2272 0
-198 -213 2272 0
235 -2273 0
650 -2273 0
-235 -650 2273 0
384 -2274 0
651 -2274 0
-384 -651 2274 0
362 -2275 0
295 -2275 0
-362 -295 2275 0
652 -2276 0
653 -2276 0
-652 -653 2276 0
198 -2277 0
4 -2277 0
-198 -4 2277 0
31 -2278 0
655 -2278 0
-31 -655 2278 0
193 -2279 0
656 -2279 0
-193 -656 2279 0
99 -2280 0
167 -2280 0
-99 -167 2280 0
657 -2281 0
658 -2281 0
-657 -658 2281 0
202 -2282 0
197 -2282 0
-202 -197 2282 0
188 -2283 0
663 -2283 0
-188 -663 2283 0
65 -2284 0
664 -2284 0
-65 -664 2284 0
180 -2285 0
146 -2285 0
-180 -146 2285 0
129 -2286 0
666 -2286 0
-129 -666 2286 0
665 -2287 0
667 -2287 0
-665 -667 2287 0
207 -2288 0
213 -2288 0
-207 -213 2288 0
408 -2289 0
671 -2289 0
-408 -671 2289 0
272 -2290 0
672 -2290 0
-272 -672 2290 0
673 -2291 0
675 -2291 0
-673 -675 2291 0
207 -2292 0
4 -2292 0
-207 -4 2292 0
201 -2293 0
677 -2293 0
-201 -677 2293 0
74 -2294 0
678 -2294 0
-74 -678 2294 0
193 -2295 0
163 -2295 0
-193 -163 2295 0
137 -2296 0
680 -2296 0
-137 -680 2296 0
679 -2297 0
681 -2297 0
-679 -681 2297 0
418 -2298 0
429 -2298 0
-418 -429 2298 0
227 -2299 0
685 -2299 0
-227 -685 2299 0
283 -2300 0
686 -2300 0
-283 -686 2300 0
380 -2301 0
408 -2301 0
-380 -408 2301 0
373 -2302 0
688 -2302 0
-373 -688 2302 0
340 -2303 0
689 -2303 0
-340 -689 2303 0
687 -2304 0
690 -2304 0
-687 -690 2304 0
429 -2305 0
206 -2305 0
-429 -206 2305 0
22 -2306 0
692 -2306 0
-22 -692 2306 0
86 -2307 0
693 -2307 0
-86 -693 2307 0
201 -2308 0
188 -2308 0
-201 -188 2308 0
180 -2309 0
695 -2309 0
-180 -695 2309 0
150 -2310 0
696 -2310 0
-150 -696 2310 0
694 -2311 0
697 -2311 0
-694 -697 2311 0
4 -2312 0
422 -2312 0
-4 -422 2312 0
31 -2313 0
702 -2313 0
-31 -702 2313 0
99 -2314 0
703 -2314 0
-99 -703 2314 0
-429 -2315 0
206 -2315 0
429 -206 2315 0
201 -2316 0
705 -2316 0
-201 -705 2316 0
193 -2317 0
706 -2317 0
-193 -706 2317 0
167 -2318 0
707 -2318 0
-167 -707 2318 0
704 -2319 0
708 -2319 0
-704 -708 2319 0
