c defined variables: 6 15 23 28 32 41 45 54 58 66 71 75 83 87 92 96 100 109 113 122 126 130 138 143 147 151 160 164 168 177 181 190 194 203 214 221 228 232 236 246 250 257 261 268 272 276 283 287 291 295 299 320 331 332 336 343 347 351 355 362 366 370 397 408 416 417 418 422 423 424 430 431 434 435 438 439 440 441 444 445 446 447 450 451 452 453 456 457 458 459 464 465 466 467 470 471 472 473 474 475 478 479 480 481 482 483 486 487 488 489 490 491 494 495 496 497 498 499 502 503 504 505 506 507 510 511 512 513 514 515 518 519 520 521 522 523 526 527 528 529 530 531 532 533 536 538 539 540 541 542 543 546 547 548 549 550 551 552 553 558 559 560 561 564 565 566 567 568 569 570 571 574 575 576 577 578 579 580 581 584 585 586 587 588 589 590 591 594 595 596 597 598 599 600 601 604 605 606 609 610 611 612 613 616 618 619 620 621 622 623 624 625 628 629 630 631 632 633 634 635 636 637 640 641 642 643 644 645 646 647 648 649 652 653 654 655 656 657 658 659 660 661 662 663 666 667 668 669 670 671 672 673 674 675 676 677 681 682 683 684 685 686 687 691 692 693 694 695 696 697 698 699 700 701 702 703 704 705 706 709 
p cnf 2305 2717
a 396 400 361 323 327 330 319 339 335 346 342 350 354 411 260 253 249 245 74 78 65 69 52 61 48 57 39 44 121 134 373 376 365 264 358 369 53 62 70 79 91 104 108 117 271 379 382 404 267 279 275 207 202 414 407 185 176 198 189 155 142 172 159 26 35 13 18 22 31 1 4 9 415 690 256 311 316 385 286 282 298 294 290 302 305 308 206 201 193 184 197 188 171 158 180 175 40 49 5 10 2 27 36 14 19 217 220 210 213 235 231 224 227 242 239 112 107 103 90 95 99 82 86 125 116 393 421 388 141 150 146 154 120 129 133 137 167 163 0
e 3 7 8 11 12 16 17 20 21 24 25 29 30 33 34 37 38 42 43 46 47 50 51 55 56 59 60 63 64 67 68 72 73 76 77 80 81 84 85 88 89 93 94 97 98 101 102 105 106 110 111 114 115 118 119 123 124 127 128 131 132 135 136 139 140 144 145 148 149 152 153 156 157 161 162 165 166 169 170 173 174 178 179 182 183 186 187 191 192 195 196 199 200 204 205 208 209 211 212 215 216 218 219 222 223 225 226 229 230 233 234 237 238 240 241 243 244 247 248 251 252 254 255 258 259 262 263 265 266 269 270 273 274 277 278 280 281 284 285 288 289 292 293 296 297 300 301 303 304 306 307 309 310 313 314 315 317 318 321 322 324 325 326 328 329 333 334 337 338 340 341 344 345 348 349 352 353 356 357 359 360 363 364 367 368 371 372 374 375 377 378 380 381 383 384 386 387 390 391 392 394 395 398 399 401 402 403 405 406 409 410 412 413 419 420 425 426 427 428 429 432 433 436 437 442 443 448 449 454 455 460 461 463 468 469 476 477 484 485 492 493 500 501 508 509 516 517 524 525 534 535 537 544 545 554 555 557 562 563 572 573 582 583 592 593 602 603 608 614 615 617 626 627 638 639 650 651 664 665 678 679 688 689 707 708 6 15 23 28 32 41 45 54 58 66 71 75 83 87 92 96 100 109 113 122 126 130 138 143 147 151 160 164 168 177 181 190 194 203 214 221 228 232 236 246 250 257 261 268 272 276 283 287 291 295 299 320 331 332 336 343 347 351 355 362 366 370 397 408 416 417 418 422 423 424 430 431 434 435 438 439 440 441 444 445 446 447 450 451 452 453 456 457 458 459 464 465 466 467 470 471 472 473 474 475 478 479 480 481 482 483 486 487 488 489 490 491 494 495 496 497 498 499 502 503 504 505 506 507 510 511 512 513 514 515 518 519 520 521 522 523 526 527 528 529 530 531 532 533 536 538 539 540 541 542 543 546 547 548 549 550 551 552 553 558 559 560 561 564 565 566 567 568 569 570 571 574 575 576 577 578 579 580 581 584 585 586 587 588 589 590 591 594 595 596 597 598 599 600 601 604 605 606 609 610 611 612 613 616 618 619 620 621 622 623 624 625 628 629 630 631 632 633 634 635 636 637 640 641 642 643 644 645 646 647 648 649 652 653 654 655 656 657 658 659 660 661 662 663 666 667 668 669 670 671 672 673 674 675 676 677 681 682 683 684 685 686 687 691 692 693 694 695 696 697 698 699 700 701 702 703 704 705 706 709 2024 2025 2026 2027 2028 2029 2030 2031 2032 2033 2034 2035 2036 2037 2038 2039 2040 2041 2042 2043 2044 2045 2046 2047 2048 2049 2050 2051 2052 2053 2054 2055 2056 2057 2058 2059 2060 2061 2062 2063 2064 2065 2066 2067 2068 2069 2070 2071 2072 2073 2074 2075 2076 2077 2078 2079 2080 2081 2082 2083 2084 2085 2086 2087 2088 2089 2090 2091 2092 2093 2094 2095 2096 2097 2098 2099 2100 2101 2102 2103 2104 2105 2106 2107 2108 2109 2110 2111 2112 2113 2114 2115 2116 2117 2118 2119 2120 2121 2122 2123 2124 2125 2126 2127 2128 2129 2130 2131 2132 2133 2134 2135 2136 2137 2138 2139 2140 2141 2142 2143 2144 2145 2146 2147 2148 2149 2150 2151 2152 2153 2154 2155 2156 2157 2158 2159 2160 2161 2162 2163 2164 2165 2166 2167 2168 2169 2170 2171 2172 2173 2174 2175 2176 2177 2178 2179 2180 2181 2182 2183 2184 2185 2186 2187 2188 2189 2190 2191 2192 2193 2194 2195 2196 2197 2198 2199 2200 2201 2202 2203 2204 2205 2206 2207 2208 2209 2210 2211 2212 2213 2214 2215 2216 2217 2218 2219 2220 2221 2222 2223 2224 2225 2226 2227 2228 2229 2230 2231 2232 2233 2234 2235 2236 2237 2238 2239 2240 2241 2242 2243 2244 2245 2246 2247 2248 2249 2250 2251 2252 2253 2254 2255 2256 2257 2258 2259 2260 2261 2262 2263 2264 2265 2266 2267 2268 2269 2270 2271 2272 2273 2274 2275 2276 2277 2278 2279 2280 2281 2282 2283 2284 2285 2286 2287 2288 2289 2290 2291 2292 2293 2294 2295 2296 2297 2298 2299 2300 2301 2302 2303 2304 2305 0
d 462 242 40 0
d 556 327 330 0
d 312 305 308 0
d 389 382 385 0
d 607 379 376 0
d 680 421 414 0
2025 -6 0
-2025 6 0
2026 -15 0
-2026 15 0
2027 -23 0
-2027 23 0
2028 -28 0
-2028 28 0
2029 -32 0
-2029 32 0
2030 -41 0
-2030 41 0
2031 -45 0
-2031 45 0
2032 -54 0
-2032 54 0
2033 -58 0
-2033 58 0
2034 -66 0
-2034 66 0
2035 -71 0
-2035 71 0
2036 -75 0
-2036 75 0
2037 -83 0
-2037 83 0
2038 -87 0
-2038 87 0
2039 -92 0
-2039 92 0
2040 -96 0
-2040 96 0
2041 -100 0
-2041 100 0
2042 -109 0
-2042 109 0
2043 -113 0
-2043 113 0
2044 -122 0
-2044 122 0
2045 -126 0
-2045 126 0
2046 -130 0
-2046 130 0
2047 -138 0
-2047 138 0
2048 -143 0
-2048 143 0
2049 -147 0
-2049 147 0
2050 -151 0
-2050 151 0
2051 -160 0
-2051 160 0
2052 -164 0
-2052 164 0
2053 -168 0
-2053 168 0
2054 -177 0
-2054 177 0
2055 -181 0
-2055 181 0
2056 -190 0
-2056 190 0
2057 -194 0
-2057 194 0
2058 -203 0
-2058 203 0
2059 -214 0
-2059 214 0
2060 -221 0
-2060 221 0
2061 -228 0
-2061 228 0
2062 -232 0
-2062 232 0
2063 -236 0
-2063 236 0
2064 -246 0
-2064 246 0
2065 -250 0
-2065 250 0
2066 -257 0
-2066 257 0
2067 -261 0
-2067 261 0
2068 -268 0
-2068 268 0
2069 -272 0
-2069 272 0
2070 -276 0
-2070 276 0
2071 -283 0
-2071 283 0
2072 -287 0
-2072 287 0
2073 -291 0
-2073 291 0
2074 -295 0
-2074 295 0
2075 -299 0
-2075 299 0
2076 -320 0
-2076 320 0
2077 -331 0
-2077 331 0
2078 -332 0
-2078 332 0
2079 -336 0
-2079 336 0
2080 -343 0
-2080 343 0
2081 -347 0
-2081 347 0
2082 -351 0
-2082 351 0
2083 -355 0
-2083 355 0
2084 -362 0
-2084 362 0
2085 -366 0
-2085 366 0
2086 -370 0
-2086 370 0
2087 -397 0
-2087 397 0
2088 -408 0
-2088 408 0
2089 -416 0
-2089 416 0
2090 -417 0
-2090 417 0
2091 -418 0
-2091 418 0
2092 -422 0
-2092 422 0
2093 -423 0
-2093 423 0
2094 -424 0
-2094 424 0
2095 -430 0
-2095 430 0
2096 -431 0
-2096 431 0
2097 -434 0
-2097 434 0
2098 -435 0
-2098 435 0
2099 -438 0
-2099 438 0
2100 -439 0
-2100 439 0
2101 -440 0
-2101 440 0
2102 -441 0
-2102 441 0
2103 -444 0
-2103 444 0
2104 -445 0
-2104 445 0
2105 -446 0
-2105 446 0
2106 -447 0
-2106 447 0
2107 -450 0
-2107 450 0
2108 -451 0
-2108 451 0
2109 -452 0
-2109 452 0
2110 -453 0
-2110 453 0
2111 -456 0
-2111 456 0
2112 -457 0
-2112 457 0
2113 -458 0
-2113 458 0
2114 -459 0
-2114 459 0
2115 -464 0
-2115 464 0
2116 -465 0
-2116 465 0
2117 -466 0
-2117 466 0
2118 -467 0
-2118 467 0
2119 -470 0
-2119 470 0
2120 -471 0
-2120 471 0
2121 -472 0
-2121 472 0
2122 -473 0
-2122 473 0
2123 -474 0
-2123 474 0
2124 -475 0
-2124 475 0
2125 -478 0
-2125 478 0
2126 -479 0
-2126 479 0
2127 -480 0
-2127 480 0
2128 -481 0
-2128 481 0
2129 -482 0
-2129 482 0
2130 -483 0
-2130 483 0
2133 -486 0
-2133 486 0
2134 -487 0
-2134 487 0
2135 -488 0
-2135 488 0
2136 -489 0
-2136 489 0
2137 -490 0
-2137 490 0
2138 -491 0
-2138 491 0
2139 -494 0
-2139 494 0
2140 -495 0
-2140 495 0
2141 -496 0
-2141 496 0
2142 -497 0
-2142 497 0
2143 -498 0
-2143 498 0
2144 -499 0
-2144 499 0
2145 -502 0
-2145 502 0
2146 -503 0
-2146 503 0
2147 -504 0
-2147 504 0
2148 -505 0
-2148 505 0
2149 -506 0
-2149 506 0
2150 -507 0
-2150 507 0
2151 -510 0
-2151 510 0
2152 -511 0
-2152 511 0
2153 -512 0
-2153 512 0
2154 -513 0
-2154 513 0
2155 -514 0
-2155 514 0
2156 -515 0
-2156 515 0
2157 -518 0
-2157 518 0
2158 -519 0
-2158 519 0
2159 -520 0
-2159 520 0
2160 -521 0
-2160 521 0
2161 -522 0
-2161 522 0
2162 -523 0
-2162 523 0
2163 -526 0
-2163 526 0
2164 -527 0
-2164 527 0
2165 -528 0
-2165 528 0
2166 -529 0
-2166 529 0
2167 -530 0
-2167 530 0
2168 -531 0
-2168 531 0
2169 -532 0
-2169 532 0
2170 -533 0
-2170 533 0
2171 -536 0
-2171 536 0
2172 -538 0
-2172 538 0
2173 -539 0
-2173 539 0
2174 -540 0
-2174 540 0
2175 -541 0
-2175 541 0
2176 -542 0
-2176 542 0
2177 -543 0
-2177 543 0
2178 -546 0
-2178 546 0
2179 -547 0
-2179 547 0
2180 -548 0
-2180 548 0
2181 -549 0
-2181 549 0
2182 -550 0
-2182 550 0
2183 -551 0
-2183 551 0
2184 -552 0
-2184 552 0
2185 -553 0
-2185 553 0
2186 -558 0
-2186 558 0
2187 -559 0
-2187 559 0
2188 -560 0
-2188 560 0
2189 -561 0
-2189 561 0
2190 -564 0
-2190 564 0
2191 -565 0
-2191 565 0
2192 -566 0
-2192 566 0
2193 -567 0
-2193 567 0
2194 -568 0
-2194 568 0
2195 -569 0
-2195 569 0
2196 -570 0
-2196 570 0
2197 -571 0
-2197 571 0
2198 -574 0
-2198 574 0
2199 -575 0
-2199 575 0
2200 -576 0
-2200 576 0
2201 -577 0
-2201 577 0
2202 -578 0
-2202 578 0
2203 -579 0
-2203 579 0
2204 -580 0
-2204 580 0
2205 -581 0
-2205 581 0
2206 -584 0
-2206 584 0
2207 -585 0
-2207 585 0
2208 -586 0
-2208 586 0
2209 -587 0
-2209 587 0
2210 -588 0
-2210 588 0
2211 -589 0
-2211 589 0
2212 -590 0
-2212 590 0
2213 -591 0
-2213 591 0
2214 -594 0
-2214 594 0
2215 -595 0
-2215 595 0
2216 -596 0
-2216 596 0
2217 -597 0
-2217 597 0
2218 -598 0
-2218 598 0
2219 -599 0
-2219 599 0
2220 -600 0
-2220 600 0
2221 -601 0
-2221 601 0
2222 -604 0
-2222 604 0
2223 -605 0
-2223 605 0
2224 -606 0
-2224 606 0
2225 -609 0
-2225 609 0
2226 -610 0
-2226 610 0
2227 -611 0
-2227 611 0
2228 -612 0
-2228 612 0
2229 -613 0
-2229 613 0
2230 -616 0
-2230 616 0
2231 -618 0
-2231 618 0
2232 -619 0
-2232 619 0
2233 -620 0
-2233 620 0
2234 -621 0
-2234 621 0
2235 -622 0
-2235 622 0
2236 -623 0
-2236 623 0
2237 -624 0
-2237 624 0
2238 -625 0
-2238 625 0
2239 -628 0
-2239 628 0
2240 -629 0
-2240 629 0
2241 -630 0
-2241 630 0
2242 -631 0
-2242 631 0
2243 -632 0
-2243 632 0
2244 -633 0
-2244 633 0
2245 -634 0
-2245 634 0
2246 -635 0
-2246 635 0
2247 -636 0
-2247 636 0
2248 -637 0
-2248 637 0
2249 -640 0
-2249 640 0
2250 -641 0
-2250 641 0
2251 -642 0
-2251 642 0
2252 -643 0
-2252 643 0
2253 -644 0
-2253 644 0
2254 -645 0
-2254 645 0
2255 -646 0
-2255 646 0
2256 -647 0
-2256 647 0
2257 -648 0
-2257 648 0
2258 -649 0
-2258 649 0
2259 -652 0
-2259 652 0
2260 -653 0
-2260 653 0
2261 -654 0
-2261 654 0
2262 -655 0
-2262 655 0
2263 -656 0
-2263 656 0
2264 -657 0
-2264 657 0
2265 -658 0
-2265 658 0
2266 -659 0
-2266 659 0
2267 -660 0
-2267 660 0
2268 -661 0
-2268 661 0
2269 -662 0
-2269 662 0
2270 -663 0
-2270 663 0
2271 -666 0
-2271 666 0
2272 -667 0
-2272 667 0
2273 -668 0
-2273 668 0
2274 -669 0
-2274 669 0
2275 -670 0
-2275 670 0
2276 -671 0
-2276 671 0
2277 -672 0
-2277 672 0
2278 -673 0
-2278 673 0
2279 -674 0
-2279 674 0
2280 -675 0
-2280 675 0
2281 -676 0
-2281 676 0
2282 -677 0
-2282 677 0
2283 -681 0
-2283 681 0
2284 -682 0
-2284 682 0
2285 -683 0
-2285 683 0
2286 -684 0
-2286 684 0
2287 -685 0
-2287 685 0
2288 -686 0
-2288 686 0
2289 -687 0
-2289 687 0
2290 -691 0
-2290 691 0
2291 -692 0
-2291 692 0
2292 -693 0
-2292 693 0
2293 -694 0
-2293 694 0
2294 -695 0
-2294 695 0
2295 -696 0
-2295 696 0
2296 -697 0
-2296 697 0
2297 -698 0
-2297 698 0
2298 -699 0
-2298 699 0
2299 -700 0
-2299 700 0
2300 -701 0
-2300 701 0
2301 -702 0
-2301 702 0
2302 -703 0
-2302 703 0
2303 -704 0
-2303 704 0
2304 -705 0
-2304 705 0
2305 -706 0
-2305 706 0
2024 -709 0
-2024 709 0
709 0
-709 426 708 0
-426 420 -425 0
-420 413 -419 0
-413 410 -412 0
-410 406 -409 0
-406 403 -405 0
-403 399 -402 0
-399 395 -398 0
-395 392 -394 0
-392 387 -391 0
-387 384 -386 0
-384 381 -383 0
-381 378 -380 0
-378 375 -377 0
-375 372 -374 0
-372 368 -371 0
-368 364 -367 0
-364 360 -363 0
-360 357 -359 0
-357 353 -356 0
-353 349 -352 0
-349 345 -348 0
-345 341 -344 0
-341 338 -340 0
-338 334 -337 0
-334 329 -333 0
-329 326 -328 0
-326 322 -325 0
-322 318 -321 0
-318 315 -317 0
-315 310 -314 0
-310 307 -309 0
-307 304 -306 0
-304 301 -303 0
-301 297 -300 0
-297 293 -296 0
-293 289 -292 0
-289 285 -288 0
-285 281 -284 0
-281 278 -280 0
-278 274 -277 0
-274 270 -273 0
-270 266 -269 0
-266 263 -265 0
-263 259 -262 0
-259 255 -258 0
-255 252 -254 0
-252 248 -251 0
-248 244 -247 0
-244 241 -243 0
-241 238 -240 0
-238 234 -237 0
-234 230 -233 0
-230 226 -229 0
-226 223 -225 0
-223 219 -222 0
-219 216 -218 0
-216 212 -215 0
-212 209 -211 0
-209 205 -208 0
-205 200 -204 0
-200 196 -199 0
-196 192 -195 0
-192 187 -191 0
-187 183 -186 0
-183 179 -182 0
-179 174 -178 0
-174 170 -173 0
-170 166 -169 0
-166 162 -165 0
-162 157 -161 0
-157 153 -156 0
-153 149 -152 0
-149 145 -148 0
-145 140 -144 0
-140 136 -139 0
-136 132 -135 0
-132 128 -131 0
-128 124 -127 0
-124 119 -123 0
-119 115 -118 0
-115 111 -114 0
-111 106 -110 0
-106 102 -105 0
-102 98 -101 0
-98 94 -97 0
-94 89 -93 0
-89 85 -88 0
-85 81 -84 0
-81 77 -80 0
-77 73 -76 0
-73 68 -72 0
-68 64 -67 0
-64 60 -63 0
-60 56 -59 0
-56 51 -55 0
-51 47 -50 0
-47 43 -46 0
-43 38 -42 0
-38 34 -37 0
-34 30 -33 0
-30 25 -29 0
-25 21 -24 0
-21 17 -20 0
-17 12 -16 0
-12 8 -11 0
-8 -3 -7 0
1 -2 3 0
-1 2 3 0
4 6 7 0
-4 -6 7 0
-1 5 6 0
-6 1 0
-6 -5 0
9 -10 11 0
-9 10 11 0
13 15 16 0
-13 -15 16 0
-9 14 15 0
-15 9 0
-15 -14 0
18 -19 20 0
-18 19 20 0
22 23 24 0
-22 -23 24 0
-4 -13 23 0
-23 4 0
-23 13 0
26 28 29 0
-26 -28 29 0
-18 27 28 0
-28 18 0
-28 -27 0
31 32 33 0
-31 -32 33 0
-13 -26 32 0
-32 13 0
-32 26 0
35 -36 37 0
-35 36 37 0
39 41 42 0
-39 -41 42 0
-35 40 41 0
-41 35 0
-41 -40 0
44 45 46 0
-44 -45 46 0
-26 -39 45 0
-45 26 0
-45 39 0
48 -49 50 0
-48 49 50 0
52 54 55 0
-52 -54 55 0
-48 53 54 0
-54 48 0
-54 -53 0
57 58 59 0
-57 -58 59 0
-39 -52 58 0
-58 39 0
-58 52 0
61 -62 63 0
-61 62 63 0
65 66 67 0
-65 -66 67 0
-22 -44 66 0
-66 22 0
-66 44 0
69 71 72 0
-69 -71 72 0
-61 70 71 0
-71 61 0
-71 -70 0
74 75 76 0
-74 -75 76 0
-31 -57 75 0
-75 31 0
-75 57 0
78 -79 80 0
-78 79 80 0
82 83 84 0
-82 -83 84 0
-52 -69 83 0
-83 52 0
-83 69 0
86 87 88 0
-86 -87 88 0
-44 -82 87 0
-87 44 0
-87 82 0
90 92 93 0
-90 -92 93 0
-78 91 92 0
-92 78 0
-92 -91 0
95 96 97 0
-95 -96 97 0
-69 -90 96 0
-96 69 0
-96 90 0
99 100 101 0
-99 -100 101 0
-57 -95 100 0
-100 57 0
-100 95 0
103 -104 105 0
-103 104 105 0
107 109 110 0
-107 -109 110 0
-103 108 109 0
-109 103 0
-109 -108 0
112 113 114 0
-112 -113 114 0
-90 -107 113 0
-113 90 0
-113 107 0
116 -117 118 0
-116 117 118 0
120 122 123 0
-120 -122 123 0
-116 121 122 0
-122 116 0
-122 -121 0
125 126 127 0
-125 -126 127 0
-107 -120 126 0
-126 107 0
-126 120 0
129 130 131 0
-129 -130 131 0
-82 -112 130 0
-130 82 0
-130 112 0
133 -134 135 0
-133 134 135 0
137 138 139 0
-137 -138 139 0
-95 -125 138 0
-138 95 0
-138 125 0
141 143 144 0
-141 -143 144 0
-133 142 143 0
-143 133 0
-143 -142 0
146 147 148 0
-146 -147 148 0
-120 -141 147 0
-147 120 0
-147 141 0
150 151 152 0
-150 -151 152 0
-112 -146 151 0
-151 112 0
-151 146 0
154 -155 156 0
-154 155 156 0
158 160 161 0
-158 -160 161 0
-154 159 160 0
-160 154 0
-160 -159 0
163 164 165 0
-163 -164 165 0
-141 -158 164 0
-164 141 0
-164 158 0
167 168 169 0
-167 -168 169 0
-125 -163 168 0
-168 125 0
-168 163 0
171 -172 173 0
-171 172 173 0
175 177 178 0
-175 -177 178 0
-171 176 177 0
-177 171 0
-177 -176 0
180 181 182 0
-180 -181 182 0
-158 -175 181 0
-181 158 0
-181 175 0
184 -185 186 0
-184 185 186 0
188 190 191 0
-188 -190 191 0
-184 189 190 0
-190 184 0
-190 -189 0
193 194 195 0
-193 -194 195 0
-175 -188 194 0
-194 175 0
-194 188 0
197 -198 199 0
-197 198 199 0
201 203 204 0
-201 -203 204 0
-197 202 203 0
-203 197 0
-203 -202 0
206 -207 208 0
-206 207 208 0
210 -2 211 0
-210 2 211 0
213 214 215 0
-213 -214 215 0
-210 5 214 0
-214 210 0
-214 -5 0
217 -10 218 0
-217 10 218 0
220 221 222 0
-220 -221 222 0
-217 14 221 0
-221 217 0
-221 -14 0
224 -19 225 0
-224 19 225 0
227 228 229 0
-227 -228 229 0
-213 -220 228 0
-228 213 0
-228 220 0
231 232 233 0
-231 -232 233 0
-224 27 232 0
-232 224 0
-232 -27 0
235 236 237 0
-235 -236 237 0
-220 -231 236 0
-236 220 0
-236 231 0
239 -36 240 0
-239 36 240 0
242 239 243 0
-242 -239 243 0
245 246 247 0
-245 -246 247 0
-239 40 246 0
-246 239 0
-246 -40 0
249 250 251 0
-249 -250 251 0
-231 -245 250 0
-250 231 0
-250 245 0
253 -49 254 0
-253 49 254 0
256 257 258 0
-256 -257 258 0
-253 53 257 0
-257 253 0
-257 -53 0
260 261 262 0
-260 -261 262 0
-245 -256 261 0
-261 245 0
-261 256 0
264 -62 265 0
-264 62 265 0
267 268 269 0
-267 -268 269 0
-227 -249 268 0
-268 227 0
-268 249 0
271 272 273 0
-271 -272 273 0
-264 70 272 0
-272 264 0
-272 -70 0
275 276 277 0
-275 -276 277 0
-235 -260 276 0
-276 235 0
-276 260 0
279 -79 280 0
-279 79 280 0
282 283 284 0
-282 -283 284 0
-256 -271 283 0
-283 256 0
-283 271 0
286 287 288 0
-286 -287 288 0
-249 -282 287 0
-287 249 0
-287 282 0
290 291 292 0
-290 -291 292 0
-279 91 291 0
-291 279 0
-291 -91 0
294 295 296 0
-294 -295 296 0
-271 -290 295 0
-295 271 0
-295 290 0
298 299 300 0
-298 -299 300 0
-260 -294 299 0
-299 260 0
-299 294 0
302 -104 303 0
-302 104 303 0
305 302 306 0
-305 -302 306 0
308 -108 309 0
-308 108 309 0
311 313 314 0
-311 -313 314 0
-290 -312 313 0
-313 290 0
-313 312 0
316 -117 317 0
-316 117 317 0
319 320 321 0
-319 -320 321 0
-316 121 320 0
-320 316 0
-320 -121 0
323 324 325 0
-323 -324 325 0
-312 -319 324 0
-324 312 0
-324 319 0
327 323 328 0
-327 -323 328 0
330 332 333 0
-330 -332 333 0
-331 -235 332 0
-134 -213 331 0
-332 331 0
-332 235 0
-331 134 0
-331 213 0
335 336 337 0
-335 -336 337 0
-282 -311 336 0
-336 282 0
-336 311 0
339 -134 340 0
-339 134 340 0
342 343 344 0
-342 -343 344 0
-294 -323 343 0
-343 294 0
-343 323 0
346 347 348 0
-346 -347 348 0
-339 142 347 0
-347 339 0
-347 -142 0
350 351 352 0
-350 -351 352 0
-319 -346 351 0
-351 319 0
-351 346 0
354 355 356 0
-354 -355 356 0
-311 -350 355 0
-355 311 0
-355 350 0
358 -155 359 0
-358 155 359 0
361 362 363 0
-361 -362 363 0
-358 159 362 0
-362 358 0
-362 -159 0
365 366 367 0
-365 -366 367 0
-346 -361 366 0
-366 346 0
-366 361 0
369 370 371 0
-369 -370 371 0
-323 -365 370 0
-370 323 0
-370 365 0
373 -172 374 0
-373 172 374 0
376 267 377 0
-376 -267 377 0
379 335 380 0
-379 -335 380 0
382 373 383 0
-382 -373 383 0
385 -176 386 0
-385 176 386 0
388 390 391 0
-388 -390 391 0
-361 -389 390 0
-390 361 0
-390 389 0
393 -185 394 0
-393 185 394 0
396 397 398 0
-396 -397 398 0
-393 189 397 0
-397 393 0
-397 -189 0
400 401 402 0
-400 -401 402 0
-389 -396 401 0
-401 389 0
-401 396 0
404 -198 405 0
-404 198 405 0
407 408 409 0
-407 -408 409 0
-404 202 408 0
-408 404 0
-408 -202 0
411 -207 412 0
-411 207 412 0
414 418 419 0
-414 -418 419 0
-417 -286 418 0
-416 -227 417 0
-411 -415 416 0
-418 417 0
-418 286 0
-417 416 0
-417 227 0
-416 411 0
-416 415 0
421 424 425 0
-421 -424 425 0
-354 -423 424 0
-388 -422 423 0
-396 -407 422 0
-424 354 0
-424 423 0
-423 388 0
-423 422 0
-422 396 0
-422 407 0
-708 689 0
-708 707 0
-689 679 0
-689 688 0
-679 665 0
-679 678 0
-665 651 0
-665 664 0
-651 639 0
-651 650 0
-639 627 0
-639 638 0
-627 615 0
-627 626 0
-615 603 0
-615 614 0
-603 593 0
-603 602 0
-593 583 0
-593 592 0
-583 573 0
-583 582 0
-573 563 0
-573 572 0
-563 555 0
-563 562 0
-555 545 0
-555 554 0
-545 535 0
-545 544 0
-535 525 0
-535 534 0
-525 517 0
-525 524 0
-517 509 0
-517 516 0
-509 501 0
-509 508 0
-501 493 0
-501 500 0
-493 485 0
-493 492 0
-485 477 0
-485 484 0
-477 469 0
-477 476 0
-469 461 0
-469 468 0
-461 455 0
-461 460 0
-455 449 0
-455 454 0
-449 443 0
-449 448 0
-443 437 0
-443 442 0
-437 433 0
-437 436 0
-433 429 0
-433 432 0
-429 427 0
-429 428 0
-427 -2 2 0
-427 2 -2 0
-428 -2 2 0
-428 2 -2 0
-432 -430 431 0
-432 430 -431 0
-430 210 0
-430 5 0
-431 1 0
-431 5 0
-210 -5 430 0
-1 -5 431 0
-436 -434 435 0
-436 434 -435 0
-434 10 0
-434 213 0
-435 10 0
-435 4 0
-10 -213 434 0
-10 -4 435 0
-442 -439 441 0
-442 439 -441 0
-439 213 0
-439 438 0
-438 217 0
-438 14 0
-441 4 0
-441 440 0
-440 9 0
-440 14 0
-213 -438 439 0
-217 -14 438 0
-4 -440 441 0
-9 -14 440 0
-448 -445 447 0
-448 445 -447 0
-445 220 0
-445 444 0
-444 19 0
-444 213 0
-447 13 0
-447 446 0
-446 19 0
-446 4 0
-220 -444 445 0
-19 -213 444 0
-13 -446 447 0
-19 -4 446 0
-454 -451 453 0
-454 451 -453 0
-451 450 0
-451 227 0
-450 224 0
-450 27 0
-453 452 0
-453 22 0
-452 18 0
-452 27 0
-450 -227 451 0
-224 -27 450 0
-452 -22 453 0
-18 -27 452 0
-460 -457 459 0
-460 457 -459 0
-457 456 0
-457 235 0
-456 36 0
-456 213 0
-459 458 0
-459 31 0
-458 36 0
-458 4 0
-456 -235 457 0
-36 -213 456 0
-458 -31 459 0
-36 -4 458 0
-468 -464 467 0
-468 464 -467 0
-464 227 0
-464 463 0
-463 231 0
-463 462 0
-467 22 0
-467 466 0
-466 26 0
-466 465 0
-465 35 0
-465 40 0
-227 -463 464 0
-231 -462 463 0
-22 -466 467 0
-26 -465 466 0
-35 -40 465 0
-476 -472 475 0
-476 472 -475 0
-472 235 0
-472 471 0
-471 245 0
-471 470 0
-470 49 0
-470 213 0
-475 31 0
-475 474 0
-474 39 0
-474 473 0
-473 49 0
-473 4 0
-235 -471 472 0
-245 -470 471 0
-49 -213 470 0
-31 -474 475 0
-39 -473 474 0
-49 -4 473 0
-484 -480 483 0
-484 480 -483 0
-480 249 0
-480 479 0
-479 478 0
-479 227 0
-478 253 0
-478 53 0
-483 44 0
-483 482 0
-482 481 0
-482 22 0
-481 48 0
-481 53 0
-249 -479 480 0
-478 -227 479 0
-253 -53 478 0
-44 -482 483 0
-481 -22 482 0
-48 -53 481 0
-492 -488 491 0
-492 488 -491 0
-488 260 0
-488 487 0
-487 486 0
-487 235 0
-486 -62 213 0
-486 62 -213 0
-491 57 0
-491 490 0
-490 489 0
-490 31 0
-489 62 0
-489 4 0
-260 -487 488 0
-486 -235 487 0
62 213 486 0
-62 -213 486 0
-57 -490 491 0
-489 -31 490 0
-62 -4 489 0
-500 -496 499 0
-500 496 -499 0
-496 495 0
-496 267 0
-495 256 0
-495 494 0
-494 264 0
-494 70 0
-499 498 0
-499 65 0
-498 52 0
-498 497 0
-497 61 0
-497 70 0
-495 -267 496 0
-256 -494 495 0
-264 -70 494 0
-498 -65 499 0
-52 -497 498 0
-61 -70 497 0
-508 -504 507 0
-508 504 -507 0
-504 503 0
-504 275 0
-503 271 0
-503 502 0
-502 79 0
-502 213 0
-507 506 0
-507 74 0
-506 69 0
-506 505 0
-505 79 0
-505 4 0
-503 -275 504 0
-271 -502 503 0
-79 -213 502 0
-506 -74 507 0
-69 -505 506 0
-79 -4 505 0
-516 -512 515 0
-516 512 -515 0
-512 511 0
-512 286 0
-511 510 0
-511 227 0
-510 279 0
-510 91 0
-515 514 0
-515 86 0
-514 513 0
-514 22 0
-513 78 0
-513 91 0
-511 -286 512 0
-510 -227 511 0
-279 -91 510 0
-514 -86 515 0
-513 -22 514 0
-78 -91 513 0
-524 -520 523 0
-524 520 -523 0
-520 519 0
-520 298 0
-519 518 0
-519 235 0
-518 104 0
-518 213 0
-523 522 0
-523 99 0
-522 521 0
-522 31 0
-521 104 0
-521 4 0
-519 -298 520 0
-518 -235 519 0
-104 -213 518 0
-522 -99 523 0
-521 -31 522 0
-104 -4 521 0
-534 -529 533 0
-534 529 -533 0
-529 267 0
-529 528 0
-528 282 0
-528 527 0
-527 290 0
-527 526 0
-526 302 0
-526 108 0
-533 65 0
-533 532 0
-532 82 0
-532 531 0
-531 90 0
-531 530 0
-530 103 0
-530 108 0
-267 -528 529 0
-282 -527 528 0
-290 -526 527 0
-302 -108 526 0
-65 -532 533 0
-82 -531 532 0
-90 -530 531 0
-103 -108 530 0
-544 -539 543 0
-544 539 -543 0
-539 275 0
-539 538 0
-538 294 0
-538 537 0
-537 312 0
-537 536 0
-536 117 0
-536 213 0
-543 74 0
-543 542 0
-542 95 0
-542 541 0
-541 107 0
-541 540 0
-540 117 0
-540 4 0
-275 -538 539 0
-294 -537 538 0
-312 -536 537 0
-117 -213 536 0
-74 -542 543 0
-95 -541 542 0
-107 -540 541 0
-117 -4 540 0
-554 -549 553 0
-554 549 -553 0
-549 286 0
-549 548 0
-548 311 0
-548 547 0
-547 546 0
-547 227 0
-546 316 0
-546 121 0
-553 86 0
-553 552 0
-552 112 0
-552 551 0
-551 550 0
-551 22 0
-550 116 0
-550 121 0
-286 -548 549 0
-311 -547 548 0
-546 -227 547 0
-316 -121 546 0
-86 -552 553 0
-112 -551 552 0
-550 -22 551 0
-116 -121 550 0
-562 -557 561 0
-562 557 -561 0
-557 298 0
-557 556 0
-561 99 0
-561 560 0
-560 125 0
-560 559 0
-559 558 0
-559 31 0
-558 134 0
-558 4 0
-298 -556 557 0
-99 -560 561 0
-125 -559 560 0
-558 -31 559 0
-134 -4 558 0
-572 -567 571 0
-572 567 -571 0
-567 335 0
-567 566 0
-566 565 0
-566 267 0
-565 319 0
-565 564 0
-564 339 0
-564 142 0
-571 129 0
-571 570 0
-570 569 0
-570 65 0
-569 120 0
-569 568 0
-568 133 0
-568 142 0
-335 -566 567 0
-565 -267 566 0
-319 -564 565 0
-339 -142 564 0
-129 -570 571 0
-569 -65 570 0
-120 -568 569 0
-133 -142 568 0
-582 -577 581 0
-582 577 -581 0
-577 342 0
-577 576 0
-576 575 0
-576 275 0
-575 346 0
-575 574 0
-574 155 0
-574 213 0
-581 137 0
-581 580 0
-580 579 0
-580 74 0
-579 141 0
-579 578 0
-578 155 0
-578 4 0
-342 -576 577 0
-575 -275 576 0
-346 -574 575 0
-155 -213 574 0
-137 -580 581 0
-579 -74 580 0
-141 -578 579 0
-155 -4 578 0
-592 -587 591 0
-592 587 -591 0
-587 354 0
-587 586 0
-586 585 0
-586 286 0
-585 584 0
-585 227 0
-584 358 0
-584 159 0
-591 150 0
-591 590 0
-590 589 0
-590 86 0
-589 588 0
-589 22 0
-588 154 0
-588 159 0
-354 -586 587 0
-585 -286 586 0
-584 -227 585 0
-358 -159 584 0
-150 -590 591 0
-589 -86 590 0
-588 -22 589 0
-154 -159 588 0
-602 -597 601 0
-602 597 -601 0
-597 369 0
-597 596 0
-596 595 0
-596 298 0
-595 594 0
-595 235 0
-594 172 0
-594 213 0
-601 167 0
-601 600 0
-600 599 0
-600 99 0
-599 598 0
-599 31 0
-598 172 0
-598 4 0
-369 -596 597 0
-595 -298 596 0
-594 -235 595 0
-172 -213 594 0
-167 -600 601 0
-599 -99 600 0
-598 -31 599 0
-172 -4 598 0
-614 -608 613 0
-614 608 -613 0
-608 606 0
-608 607 0
-606 350 0
-606 605 0
-605 361 0
-605 604 0
-604 373 0
-604 176 0
-613 611 0
-613 612 0
-611 146 0
-611 610 0
-610 158 0
-610 609 0
-609 171 0
-609 176 0
-612 65 0
-612 129 0
-606 -607 608 0
-350 -605 606 0
-361 -604 605 0
-373 -176 604 0
-611 -612 613 0
-146 -610 611 0
-158 -609 610 0
-171 -176 609 0
-65 -129 612 0
-626 -620 625 0
-626 620 -625 0
-620 618 0
-620 619 0
-618 365 0
-618 617 0
-617 389 0
-617 616 0
-616 185 0
-616 213 0
-619 275 0
-619 342 0
-625 623 0
-625 624 0
-623 163 0
-623 622 0
-622 175 0
-622 621 0
-621 185 0
-621 4 0
-624 74 0
-624 137 0
-618 -619 620 0
-365 -617 618 0
-389 -616 617 0
-185 -213 616 0
-275 -342 619 0
-623 -624 625 0
-163 -622 623 0
-175 -621 622 0
-185 -4 621 0
-74 -137 624 0
-638 -632 637 0
-638 632 -637 0
-632 630 0
-632 631 0
-630 388 0
-630 629 0
-629 628 0
-629 227 0
-628 393 0
-628 189 0
-631 286 0
-631 354 0
-637 635 0
-637 636 0
-635 180 0
-635 634 0
-634 633 0
-634 22 0
-633 184 0
-633 189 0
-636 86 0
-636 150 0
-630 -631 632 0
-388 -629 630 0
-628 -227 629 0
-393 -189 628 0
-286 -354 631 0
-635 -636 637 0
-180 -634 635 0
-633 -22 634 0
-184 -189 633 0
-86 -150 636 0
-650 -644 649 0
-650 644 -649 0
-644 642 0
-644 643 0
-642 400 0
-642 641 0
-641 640 0
-641 235 0
-640 198 0
-640 213 0
-643 298 0
-643 369 0
-649 647 0
-649 648 0
-647 193 0
-647 646 0
-646 645 0
-646 31 0
-645 198 0
-645 4 0
-648 99 0
-648 167 0
-642 -643 644 0
-400 -641 642 0
-640 -235 641 0
-198 -213 640 0
-298 -369 643 0
-647 -648 649 0
-193 -646 647 0
-645 -31 646 0
-198 -4 645 0
-99 -167 648 0
-664 -657 663 0
-664 657 -663 0
-657 654 0
-657 656 0
-654 653 0
-654 267 0
-653 396 0
-653 652 0
-652 404 0
-652 202 0
-656 335 0
-656 655 0
-655 350 0
-655 388 0
-663 660 0
-663 662 0
-660 659 0
-660 65 0
-659 188 0
-659 658 0
-658 197 0
-658 202 0
-662 129 0
-662 661 0
-661 146 0
-661 180 0
-654 -656 657 0
-653 -267 654 0
-396 -652 653 0
-404 -202 652 0
-335 -655 656 0
-350 -388 655 0
-660 -662 663 0
-659 -65 660 0
-188 -658 659 0
-197 -202 658 0
-129 -661 662 0
-146 -180 661 0
-678 -671 677 0
-678 671 -677 0
-671 668 0
-671 670 0
-668 667 0
-668 275 0
-667 407 0
-667 666 0
-666 207 0
-666 213 0
-670 342 0
-670 669 0
-669 365 0
-669 400 0
-677 674 0
-677 676 0
-674 673 0
-674 74 0
-673 201 0
-673 672 0
-672 207 0
-672 4 0
-676 137 0
-676 675 0
-675 163 0
-675 193 0
-668 -670 671 0
-667 -275 668 0
-407 -666 667 0
-207 -213 666 0
-342 -669 670 0
-365 -400 669 0
-674 -676 677 0
-673 -74 674 0
-201 -672 673 0
-207 -4 672 0
-137 -675 676 0
-163 -193 675 0
-688 -680 687 0
-688 680 -687 0
-687 683 0
-687 686 0
-683 682 0
-683 86 0
-682 681 0
-682 22 0
-681 206 0
-681 415 0
-686 150 0
-686 685 0
-685 180 0
-685 684 0
-684 188 0
-684 201 0
-683 -686 687 0
-682 -86 683 0
-681 -22 682 0
-206 -415 681 0
-150 -685 686 0
-180 -684 685 0
-188 -201 684 0
-707 -698 706 0
-707 698 -706 0
-698 693 0
-698 697 0
-693 692 0
-693 298 0
-692 691 0
-692 235 0
-691 690 0
-691 213 0
-697 369 0
-697 696 0
-696 400 0
-696 695 0
-695 407 0
-695 694 0
-694 411 0
-694 -415 0
-706 701 0
-706 705 0
-701 700 0
-701 99 0
-700 699 0
-700 31 0
-699 690 0
-699 4 0
-705 167 0
-705 704 0
-704 193 0
-704 703 0
-703 201 0
-703 702 0
-702 206 0
-702 -415 0
-693 -697 698 0
-692 -298 693 0
-691 -235 692 0
-690 -213 691 0
-369 -696 697 0
-400 -695 696 0
-407 -694 695 0
-411 415 694 0
-701 -705 706 0
-700 -99 701 0
-699 -31 700 0
-690 -4 699 0
-167 -704 705 0
-193 -703 704 0
-201 -702 703 0
-206 415 702 0
2024 0
1 -2025 0
-5 -2025 0
-1 5 2025 0
9 -2026 0
-14 -2026 0
-9 14 2026 0
13 -2027 0
4 -2027 0
-13 -4 2027 0
18 -2028 0
-27 -2028 0
-18 27 2028 0
26 -2029 0
13 -2029 0
-26 -13 2029 0
35 -2030 0
-40 -2030 0
-35 40 2030 0
39 -2031 0
26 -2031 0
-39 -26 2031 0
48 -2032 0
-53 -2032 0
-48 53 2032 0
52 -2033 0
39 -2033 0
-52 -39 2033 0
44 -2034 0
22 -2034 0
-44 -22 2034 0
61 -2035 0
-70 -2035 0
-61 70 2035 0
57 -2036 0
31 -2036 0
-57 -31 2036 0
69 -2037 0
52 -2037 0
-69 -52 2037 0
44 -2038 0
82 -2038 0
-44 -82 2038 0
78 -2039 0
-91 -2039 0
-78 91 2039 0
69 -2040 0
90 -2040 0
-69 -90 2040 0
57 -2041 0
95 -2041 0
-57 -95 2041 0
-108 -2042 0
103 -2042 0
108 -103 2042 0
107 -2043 0
90 -2043 0
-107 -90 2043 0
-121 -2044 0
116 -2044 0
121 -116 2044 0
107 -2045 0
120 -2045 0
-107 -120 2045 0
112 -2046 0
82 -2046 0
-112 -82 2046 0
95 -2047 0
125 -2047 0
-95 -125 2047 0
-142 -2048 0
133 -2048 0
142 -133 2048 0
141 -2049 0
120 -2049 0
-141 -120 2049 0
112 -2050 0
146 -2050 0
-112 -146 2050 0
-159 -2051 0
154 -2051 0
159 -154 2051 0
158 -2052 0
141 -2052 0
-158 -141 2052 0
125 -2053 0
163 -2053 0
-125 -163 2053 0
-176 -2054 0
171 -2054 0
176 -171 2054 0
158 -2055 0
175 -2055 0
-158 -175 2055 0
-189 -2056 0
184 -2056 0
189 -184 2056 0
188 -2057 0
175 -2057 0
-188 -175 2057 0
-202 -2058 0
197 -2058 0
202 -197 2058 0
-5 -2059 0
210 -2059 0
5 -210 2059 0
-14 -2060 0
217 -2060 0
14 -217 2060 0
220 -2061 0
213 -2061 0
-220 -213 2061 0
-27 -2062 0
224 -2062 0
27 -224 2062 0
220 -2063 0
231 -2063 0
-220 -231 2063 0
-40 -2064 0
239 -2064 0
40 -239 2064 0
245 -2065 0
231 -2065 0
-245 -231 2065 0
253 -2066 0
-53 -2066 0
-253 53 2066 0
245 -2067 0
256 -2067 0
-245 -256 2067 0
249 -2068 0
227 -2068 0
-249 -227 2068 0
264 -2069 0
-70 -2069 0
-264 70 2069 0
260 -2070 0
235 -2070 0
-260 -235 2070 0
271 -2071 0
256 -2071 0
-271 -256 2071 0
249 -2072 0
282 -2072 0
-249 -282 2072 0
-91 -2073 0
279 -2073 0
91 -279 2073 0
271 -2074 0
290 -2074 0
-271 -290 2074 0
260 -2075 0
294 -2075 0
-260 -294 2075 0
-121 -2076 0
316 -2076 0
121 -316 2076 0
134 -2077 0
213 -2077 0
-134 -213 2077 0
235 -2078 0
331 -2078 0
-235 -331 2078 0
311 -2079 0
282 -2079 0
-311 -282 2079 0
323 -2080 0
294 -2080 0
-323 -294 2080 0
339 -2081 0
-142 -2081 0
-339 142 2081 0
319 -2082 0
346 -2082 0
-319 -346 2082 0
350 -2083 0
311 -2083 0
-350 -311 2083 0
358 -2084 0
-159 -2084 0
-358 159 2084 0
361 -2085 0
346 -2085 0
-361 -346 2085 0
323 -2086 0
365 -2086 0
-323 -365 2086 0
-189 -2087 0
393 -2087 0
189 -393 2087 0
404 -2088 0
-202 -2088 0
-404 202 2088 0
411 -2089 0
415 -2089 0
-411 -415 2089 0
227 -2090 0
416 -2090 0
-227 -416 2090 0
286 -2091 0
417 -2091 0
-286 -417 2091 0
396 -2092 0
407 -2092 0
-396 -407 2092 0
388 -2093 0
422 -2093 0
-388 -422 2093 0
354 -2094 0
423 -2094 0
-354 -423 2094 0
5 -2095 0
210 -2095 0
-5 -210 2095 0
1 -2096 0
5 -2096 0
-1 -5 2096 0
10 -2097 0
213 -2097 0
-10 -213 2097 0
4 -2098 0
10 -2098 0
-4 -10 2098 0
14 -2099 0
217 -2099 0
-14 -217 2099 0
213 -2100 0
438 -2100 0
-213 -438 2100 0
9 -2101 0
14 -2101 0
-9 -14 2101 0
4 -2102 0
440 -2102 0
-4 -440 2102 0
19 -2103 0
213 -2103 0
-19 -213 2103 0
220 -2104 0
444 -2104 0
-220 -444 2104 0
4 -2105 0
19 -2105 0
-4 -19 2105 0
13 -2106 0
446 -2106 0
-13 -446 2106 0
27 -2107 0
224 -2107 0
-27 -224 2107 0
227 -2108 0
450 -2108 0
-227 -450 2108 0
18 -2109 0
27 -2109 0
-18 -27 2109 0
22 -2110 0
452 -2110 0
-22 -452 2110 0
36 -2111 0
213 -2111 0
-36 -213 2111 0
235 -2112 0
456 -2112 0
-235 -456 2112 0
4 -2113 0
36 -2113 0
-4 -36 2113 0
31 -2114 0
458 -2114 0
-31 -458 2114 0
227 -2115 0
463 -2115 0
-227 -463 2115 0
35 -2116 0
40 -2116 0
-35 -40 2116 0
26 -2117 0
465 -2117 0
-26 -465 2117 0
22 -2118 0
466 -2118 0
-22 -466 2118 0
49 -2119 0
213 -2119 0
-49 -213 2119 0
245 -2120 0
470 -2120 0
-245 -470 2120 0
235 -2121 0
471 -2121 0
-235 -471 2121 0
4 -2122 0
49 -2122 0
-4 -49 2122 0
39 -2123 0
473 -2123 0
-39 -473 2123 0
31 -2124 0
474 -2124 0
-31 -474 2124 0
253 -2125 0
53 -2125 0
-253 -53 2125 0
227 -2126 0
478 -2126 0
-227 -478 2126 0
249 -2127 0
479 -2127 0
-249 -479 2127 0
48 -2128 0
53 -2128 0
-48 -53 2128 0
22 -2129 0
481 -2129 0
-22 -481 2129 0
44 -2130 0
482 -2130 0
-44 -482 2130 0
62 -2131 0
-213 -2131 0
-62 213 2131 0
-62 -2132 0
213 -2132 0
62 -213 2132 0
-2131 -2133 0
-2132 -2133 0
2131 2132 2133 0
235 -2134 0
486 -2134 0
-235 -486 2134 0
260 -2135 0
487 -2135 0
-260 -487 2135 0
62 -2136 0
4 -2136 0
-62 -4 2136 0
31 -2137 0
489 -2137 0
-31 -489 2137 0
57 -2138 0
490 -2138 0
-57 -490 2138 0
264 -2139 0
70 -2139 0
-264 -70 2139 0
256 -2140 0
494 -2140 0
-256 -494 2140 0
267 -2141 0
495 -2141 0
-267 -495 2141 0
61 -2142 0
70 -2142 0
-61 -70 2142 0
52 -2143 0
497 -2143 0
-52 -497 2143 0
65 -2144 0
498 -2144 0
-65 -498 2144 0
79 -2145 0
213 -2145 0
-79 -213 2145 0
271 -2146 0
502 -2146 0
-271 -502 2146 0
275 -2147 0
503 -2147 0
-275 -503 2147 0
79 -2148 0
4 -2148 0
-79 -4 2148 0
69 -2149 0
505 -2149 0
-69 -505 2149 0
74 -2150 0
506 -2150 0
-74 -506 2150 0
91 -2151 0
279 -2151 0
-91 -279 2151 0
227 -2152 0
510 -2152 0
-227 -510 2152 0
286 -2153 0
511 -2153 0
-286 -511 2153 0
78 -2154 0
91 -2154 0
-78 -91 2154 0
22 -2155 0
513 -2155 0
-22 -513 2155 0
86 -2156 0
514 -2156 0
-86 -514 2156 0
104 -2157 0
213 -2157 0
-104 -213 2157 0
235 -2158 0
518 -2158 0
-235 -518 2158 0
298 -2159 0
519 -2159 0
-298 -519 2159 0
104 -2160 0
4 -2160 0
-104 -4 2160 0
31 -2161 0
521 -2161 0
-31 -521 2161 0
99 -2162 0
522 -2162 0
-99 -522 2162 0
108 -2163 0
302 -2163 0
-108 -302 2163 0
290 -2164 0
526 -2164 0
-290 -526 2164 0
282 -2165 0
527 -2165 0
-282 -527 2165 0
267 -2166 0
528 -2166 0
-267 -528 2166 0
108 -2167 0
103 -2167 0
-108 -103 2167 0
90 -2168 0
530 -2168 0
-90 -530 2168 0
82 -2169 0
531 -2169 0
-82 -531 2169 0
65 -2170 0
532 -2170 0
-65 -532 2170 0
117 -2171 0
213 -2171 0
-117 -213 2171 0
294 -2172 0
537 -2172 0
-294 -537 2172 0
275 -2173 0
538 -2173 0
-275 -538 2173 0
117 -2174 0
4 -2174 0
-117 -4 2174 0
107 -2175 0
540 -2175 0
-107 -540 2175 0
95 -2176 0
541 -2176 0
-95 -541 2176 0
74 -2177 0
542 -2177 0
-74 -542 2177 0
121 -2178 0
316 -2178 0
-121 -316 2178 0
227 -2179 0
546 -2179 0
-227 -546 2179 0
311 -2180 0
547 -2180 0
-311 -547 2180 0
286 -2181 0
548 -2181 0
-286 -548 2181 0
121 -2182 0
116 -2182 0
-121 -116 2182 0
22 -2183 0
550 -2183 0
-22 -550 2183 0
112 -2184 0
551 -2184 0
-112 -551 2184 0
86 -2185 0
552 -2185 0
-86 -552 2185 0
134 -2186 0
4 -2186 0
-134 -4 2186 0
31 -2187 0
558 -2187 0
-31 -558 2187 0
125 -2188 0
559 -2188 0
-125 -559 2188 0
99 -2189 0
560 -2189 0
-99 -560 2189 0
339 -2190 0
142 -2190 0
-339 -142 2190 0
319 -2191 0
564 -2191 0
-319 -564 2191 0
267 -2192 0
565 -2192 0
-267 -565 2192 0
335 -2193 0
566 -2193 0
-335 -566 2193 0
142 -2194 0
133 -2194 0
-142 -133 2194 0
120 -2195 0
568 -2195 0
-120 -568 2195 0
65 -2196 0
569 -2196 0
-65 -569 2196 0
129 -2197 0
570 -2197 0
-129 -570 2197 0
155 -2198 0
213 -2198 0
-155 -213 2198 0
346 -2199 0
574 -2199 0
-346 -574 2199 0
275 -2200 0
575 -2200 0
-275 -575 2200 0
342 -2201 0
576 -2201 0
-342 -576 2201 0
155 -2202 0
4 -2202 0
-155 -4 2202 0
141 -2203 0
578 -2203 0
-141 -578 2203 0
74 -2204 0
579 -2204 0
-74 -579 2204 0
137 -2205 0
580 -2205 0
-137 -580 2205 0
358 -2206 0
159 -2206 0
-358 -159 2206 0
227 -2207 0
584 -2207 0
-227 -584 2207 0
286 -2208 0
585 -2208 0
-286 -585 2208 0
354 -2209 0
586 -2209 0
-354 -586 2209 0
159 -2210 0
154 -2210 0
-159 -154 2210 0
22 -2211 0
588 -2211 0
-22 -588 2211 0
86 -2212 0
589 -2212 0
-86 -589 2212 0
150 -2213 0
590 -2213 0
-150 -590 2213 0
172 -2214 0
213 -2214 0
-172 -213 2214 0
235 -2215 0
594 -2215 0
-235 -594 2215 0
298 -2216 0
595 -2216 0
-298 -595 2216 0
369 -2217 0
596 -2217 0
-369 -596 2217 0
172 -2218 0
4 -2218 0
-172 -4 2218 0
31 -2219 0
598 -2219 0
-31 -598 2219 0
99 -2220 0
599 -2220 0
-99 -599 2220 0
167 -2221 0
600 -2221 0
-167 -600 2221 0
373 -2222 0
176 -2222 0
-373 -176 2222 0
361 -2223 0
604 -2223 0
-361 -604 2223 0
350 -2224 0
605 -2224 0
-350 -605 2224 0
176 -2225 0
171 -2225 0
-176 -171 2225 0
158 -2226 0
609 -2226 0
-158 -609 2226 0
146 -2227 0
610 -2227 0
-146 -610 2227 0
65 -2228 0
129 -2228 0
-65 -129 2228 0
611 -2229 0
612 -2229 0
-611 -612 2229 0
185 -2230 0
213 -2230 0
-185 -213 2230 0
365 -2231 0
617 -2231 0
-365 -617 2231 0
342 -2232 0
275 -2232 0
-342 -275 2232 0
618 -2233 0
619 -2233 0
-618 -619 2233 0
185 -2234 0
4 -2234 0
-185 -4 2234 0
175 -2235 0
621 -2235 0
-175 -621 2235 0
163 -2236 0
622 -2236 0
-163 -622 2236 0
74 -2237 0
137 -2237 0
-74 -137 2237 0
623 -2238 0
624 -2238 0
-623 -624 2238 0
189 -2239 0
393 -2239 0
-189 -393 2239 0
227 -2240 0
628 -2240 0
-227 -628 2240 0
388 -2241 0
629 -2241 0
-388 -629 2241 0
354 -2242 0
286 -2242 0
-354 -286 2242 0
630 -2243 0
631 -2243 0
-630 -631 2243 0
189 -2244 0
184 -2244 0
-189 -184 2244 0
22 -2245 0
633 -2245 0
-22 -633 2245 0
180 -2246 0
634 -2246 0
-180 -634 2246 0
86 -2247 0
150 -2247 0
-86 -150 2247 0
635 -2248 0
636 -2248 0
-635 -636 2248 0
198 -2249 0
213 -2249 0
-198 -213 2249 0
235 -2250 0
640 -2250 0
-235 -640 2250 0
400 -2251 0
641 -2251 0
-400 -641 2251 0
369 -2252 0
298 -2252 0
-369 -298 2252 0
642 -2253 0
643 -2253 0
-642 -643 2253 0
198 -2254 0
4 -2254 0
-198 -4 2254 0
31 -2255 0
645 -2255 0
-31 -645 2255 0
193 -2256 0
646 -2256 0
-193 -646 2256 0
99 -2257 0
167 -2257 0
-99 -167 2257 0
647 -2258 0
648 -2258 0
-647 -648 2258 0
404 -2259 0
202 -2259 0
-404 -202 2259 0
396 -2260 0
652 -2260 0
-396 -652 2260 0
267 -2261 0
653 -2261 0
-267 -653 2261 0
350 -2262 0
388 -2262 0
-350 -388 2262 0
335 -2263 0
655 -2263 0
-335 -655 2263 0
654 -2264 0
656 -2264 0
-654 -656 2264 0
202 -2265 0
197 -2265 0
-202 -197 2265 0
188 -2266 0
658 -2266 0
-188 -658 2266 0
65 -2267 0
659 -2267 0
-65 -659 2267 0
180 -2268 0
146 -2268 0
-180 -146 2268 0
129 -2269 0
661 -2269 0
-129 -661 2269 0
660 -2270 0
662 -2270 0
-660 -662 2270 0
207 -2271 0
213 -2271 0
-207 -213 2271 0
407 -2272 0
666 -2272 0
-407 -666 2272 0
275 -2273 0
667 -2273 0
-275 -667 2273 0
400 -2274 0
365 -2274 0
-400 -365 2274 0
342 -2275 0
669 -2275 0
-342 -669 2275 0
668 -2276 0
670 -2276 0
-668 -670 2276 0
207 -2277 0
4 -2277 0
-207 -4 2277 0
201 -2278 0
672 -2278 0
-201 -672 2278 0
74 -2279 0
673 -2279 0
-74 -673 2279 0
193 -2280 0
163 -2280 0
-193 -163 2280 0
137 -2281 0
675 -2281 0
-137 -675 2281 0
674 -2282 0
676 -2282 0
-674 -676 2282 0
415 -2283 0
206 -2283 0
-415 -206 2283 0
22 -2284 0
681 -2284 0
-22 -681 2284 0
86 -2285 0
682 -2285 0
-86 -682 2285 0
201 -2286 0
188 -2286 0
-201 -188 2286 0
180 -2287 0
684 -2287 0
-180 -684 2287 0
150 -2288 0
685 -2288 0
-150 -685 2288 0
683 -2289 0
686 -2289 0
-683 -686 2289 0
690 -2290 0
213 -2290 0
-690 -213 2290 0
235 -2291 0
691 -2291 0
-235 -691 2291 0
298 -2292 0
692 -2292 0
-298 -692 2292 0
411 -2293 0
-415 -2293 0
-411 415 2293 0
407 -2294 0
694 -2294 0
-407 -694 2294 0
400 -2295 0
695 -2295 0
-400 -695 2295 0
369 -2296 0
696 -2296 0
-369 -696 2296 0
693 -2297 0
697 -2297 0
-693 -697 2297 0
4 -2298 0
690 -2298 0
-4 -690 2298 0
31 -2299 0
699 -2299 0
-31 -699 2299 0
99 -2300 0
700 -2300 0
-99 -700 2300 0
-415 -2301 0
206 -2301 0
415 -206 2301 0
201 -2302 0
702 -2302 0
-201 -702 2302 0
193 -2303 0
703 -2303 0
-193 -703 2303 0
167 -2304 0
704 -2304 0
-167 -704 2304 0
701 -2305 0
705 -2305 0
-701 -705 2305 0
