c defined variables: 6 15 23 28 32 41 45 54 58 66 71 75 83 87 92 96 100 109 113 122 126 130 138 143 147 151 160 164 168 177 181 190 194 203 214 224 242 253 257 264 268 275 279 283 290 294 298 302 306 313 317 324 328 332 339 343 347 348 372 376 383 393 397 398 399 403 407 414 418 425 433 434 443 444 447 448 452 453 456 457 458 459 462 463 464 465 468 469 470 471 474 475 476 477 478 479 482 483 484 485 486 487 490 491 492 493 494 495 498 499 500 501 502 503 506 507 508 509 510 511 514 515 516 517 518 519 522 523 524 525 526 527 530 531 532 533 534 535 538 539 540 541 542 543 544 545 548 549 550 551 552 553 554 555 558 559 560 561 562 563 564 565 568 569 570 571 572 573 574 575 578 579 580 581 582 583 584 585 590 591 592 593 596 597 598 599 600 601 602 603 610 611 612 613 616 617 619 620 621 622 623 624 625 629 630 631 632 633 636 637 638 639 640 641 642 643 644 645 648 649 650 652 653 654 655 656 657 660 661 662 664 665 666 667 668 669 670 671 674 675 676 677 678 679 680 681 682 683 684 685 689 690 691 693 694 695 696 697 698 699 703 704 705 706 707 708 710 711 712 713 714 715 716 717 718 721 
p cnf 2317 2697
a 402 392 368 327 320 331 323 338 335 342 346 360 351 413 437 256 252 249 241 74 78 65 69 52 61 48 57 39 44 121 134 379 375 365 267 354 357 53 62 70 79 91 104 108 117 431 271 371 424 382 406 263 278 274 207 202 417 410 185 176 198 189 155 142 172 159 26 35 13 18 22 31 1 4 9 432 702 260 312 316 386 282 286 293 289 305 301 297 309 206 201 193 184 197 188 171 158 180 175 40 49 5 10 2 27 36 14 19 217 223 210 213 230 233 220 227 236 245 112 107 103 90 95 99 82 86 125 116 396 428 421 389 141 150 146 154 120 129 133 137 167 163 0
e 3 7 8 11 12 16 17 20 21 24 25 29 30 33 34 37 38 42 43 46 47 50 51 55 56 59 60 63 64 67 68 72 73 76 77 80 81 84 85 88 89 93 94 97 98 101 102 105 106 110 111 114 115 118 119 123 124 127 128 131 132 135 136 139 140 144 145 148 149 152 153 156 157 161 162 165 166 169 170 173 174 178 179 182 183 186 187 191 192 195 196 199 200 204 205 208 209 211 212 215 216 218 219 221 222 225 226 228 229 231 232 234 235 238 239 240 243 244 246 247 248 250 251 254 255 258 259 261 262 265 266 269 270 272 273 276 277 280 281 284 285 287 288 291 292 295 296 299 300 303 304 307 308 310 311 314 315 318 319 321 322 325 326 329 330 333 334 336 337 340 341 344 345 349 350 352 353 355 356 358 359 362 363 364 366 367 369 370 373 374 377 378 380 381 384 385 387 388 390 391 394 395 400 401 404 405 408 409 411 412 415 416 419 420 422 423 426 427 429 430 435 436 438 439 440 441 442 445 446 449 450 454 455 460 461 466 467 472 473 480 481 488 489 496 497 504 505 512 513 520 521 528 529 536 537 546 547 556 557 566 567 576 577 586 587 589 594 595 604 605 608 609 614 615 618 626 627 634 635 646 647 651 658 659 663 672 673 686 687 692 700 701 709 719 720 6 15 23 28 32 41 45 54 58 66 71 75 83 87 92 96 100 109 113 122 126 130 138 143 147 151 160 164 168 177 181 190 194 203 214 224 242 253 257 264 268 275 279 283 290 294 298 302 306 313 317 324 328 332 339 343 347 348 372 376 383 393 397 398 399 403 407 414 418 425 433 434 443 444 447 448 452 453 456 457 458 459 462 463 464 465 468 469 470 471 474 475 476 477 478 479 482 483 484 485 486 487 490 491 492 493 494 495 498 499 500 501 502 503 506 507 508 509 510 511 514 515 516 517 518 519 522 523 524 525 526 527 530 531 532 533 534 535 538 539 540 541 542 543 544 545 548 549 550 551 552 553 554 555 558 559 560 561 562 563 564 565 568 569 570 571 572 573 574 575 578 579 580 581 582 583 584 585 590 591 592 593 596 597 598 599 600 601 602 603 610 611 612 613 616 617 619 620 621 622 623 624 625 629 630 631 632 633 636 637 638 639 640 641 642 643 644 645 648 649 650 652 653 654 655 656 657 660 661 662 664 665 666 667 668 669 670 671 674 675 676 677 678 679 680 681 682 683 684 685 689 690 691 693 694 695 696 697 698 699 703 704 705 706 707 708 710 711 712 713 714 715 716 717 718 721 2042 2043 2044 2045 2046 2047 2048 2049 2050 2051 2052 2053 2054 2055 2056 2057 2058 2059 2060 2061 2062 2063 2064 2065 2066 2067 2068 2069 2070 2071 2072 2073 2074 2075 2076 2077 2078 2079 2080 2081 2082 2083 2084 2085 2086 2087 2088 2089 2090 2091 2092 2093 2094 2095 2096 2097 2098 2099 2100 2101 2102 2103 2104 2105 2106 2107 2108 2109 2110 2111 2112 2113 2114 2115 2116 2117 2118 2119 2120 2121 2122 2123 2124 2125 2126 2127 2128 2129 2130 2131 2132 2133 2134 2135 2136 2137 2138 2139 2140 2141 2142 2143 2144 2145 2146 2147 2148 2149 2150 2151 2152 2153 2154 2155 2156 2157 2158 2159 2160 2161 2162 2163 2164 2165 2166 2167 2168 2169 2170 2171 2172 2173 2174 2175 2176 2177 2178 2179 2180 2181 2182 2183 2184 2185 2186 2187 2188 2189 2190 2191 2192 2193 2194 2195 2196 2197 2198 2199 2200 2201 2202 2203 2204 2205 2206 2207 2208 2209 2210 2211 2212 2213 2214 2215 2216 2217 2218 2219 2220 2221 2222 2223 2224 2225 2226 2227 2228 2229 2230 2231 2232 2233 2234 2235 2236 2237 2238 2239 2240 2241 2242 2243 2244 2245 2246 2247 2248 2249 2250 2251 2252 2253 2254 2255 2256 2257 2258 2259 2260 2261 2262 2263 2264 2265 2266 2267 2268 2269 2270 2271 2272 2273 2274 2275 2276 2277 2278 2279 2280 2281 2282 2283 2284 2285 2286 2287 2288 2289 2290 2291 2292 2293 2294 2295 2296 2297 2298 2299 2300 2301 2302 2303 2304 2305 2306 2307 2308 2309 2310 2311 2312 2313 2314 2315 2316 2317 0
d 688 437 431 0
d 451 217 223 0
d 588 351 346 0
d 237 230 227 0
d 606 379 368 0
d 361 354 357 0
d 628 402 396 0
d 607 382 386 0
2043 -6 0
-2043 6 0
2044 -15 0
-2044 15 0
2045 -23 0
-2045 23 0
2046 -28 0
-2046 28 0
2047 -32 0
-2047 32 0
2048 -41 0
-2048 41 0
2049 -45 0
-2049 45 0
2050 -54 0
-2050 54 0
2051 -58 0
-2051 58 0
2052 -66 0
-2052 66 0
2053 -71 0
-2053 71 0
2054 -75 0
-2054 75 0
2055 -83 0
-2055 83 0
2056 -87 0
-2056 87 0
2057 -92 0
-2057 92 0
2058 -96 0
-2058 96 0
2059 -100 0
-2059 100 0
2060 -109 0
-2060 109 0
2061 -113 0
-2061 113 0
2062 -122 0
-2062 122 0
2063 -126 0
-2063 126 0
2064 -130 0
-2064 130 0
2065 -138 0
-2065 138 0
2066 -143 0
-2066 143 0
2067 -147 0
-2067 147 0
2068 -151 0
-2068 151 0
2069 -160 0
-2069 160 0
2070 -164 0
-2070 164 0
2071 -168 0
-2071 168 0
2072 -177 0
-2072 177 0
2073 -181 0
-2073 181 0
2074 -190 0
-2074 190 0
2075 -194 0
-2075 194 0
2076 -203 0
-2076 203 0
2077 -214 0
-2077 214 0
2078 -224 0
-2078 224 0
2079 -242 0
-2079 242 0
2080 -253 0
-2080 253 0
2081 -257 0
-2081 257 0
2082 -264 0
-2082 264 0
2083 -268 0
-2083 268 0
2084 -275 0
-2084 275 0
2085 -279 0
-2085 279 0
2086 -283 0
-2086 283 0
2087 -290 0
-2087 290 0
2088 -294 0
-2088 294 0
2089 -298 0
-2089 298 0
2090 -302 0
-2090 302 0
2091 -306 0
-2091 306 0
2092 -313 0
-2092 313 0
2093 -317 0
-2093 317 0
2094 -324 0
-2094 324 0
2095 -328 0
-2095 328 0
2096 -332 0
-2096 332 0
2097 -339 0
-2097 339 0
2098 -343 0
-2098 343 0
2099 -347 0
-2099 347 0
2100 -348 0
-2100 348 0
2101 -372 0
-2101 372 0
2102 -376 0
-2102 376 0
2103 -383 0
-2103 383 0
2104 -393 0
-2104 393 0
2105 -397 0
-2105 397 0
2106 -398 0
-2106 398 0
2107 -399 0
-2107 399 0
2108 -403 0
-2108 403 0
2109 -407 0
-2109 407 0
2110 -414 0
-2110 414 0
2111 -418 0
-2111 418 0
2112 -425 0
-2112 425 0
2113 -433 0
-2113 433 0
2114 -434 0
-2114 434 0
2115 -443 0
-2115 443 0
2116 -444 0
-2116 444 0
2117 -447 0
-2117 447 0
2118 -448 0
-2118 448 0
2119 -452 0
-2119 452 0
2120 -453 0
-2120 453 0
2121 -456 0
-2121 456 0
2122 -457 0
-2122 457 0
2123 -458 0
-2123 458 0
2124 -459 0
-2124 459 0
2125 -462 0
-2125 462 0
2126 -463 0
-2126 463 0
2127 -464 0
-2127 464 0
2128 -465 0
-2128 465 0
2129 -468 0
-2129 468 0
2130 -469 0
-2130 469 0
2131 -470 0
-2131 470 0
2132 -471 0
-2132 471 0
2133 -474 0
-2133 474 0
2134 -475 0
-2134 475 0
2135 -476 0
-2135 476 0
2136 -477 0
-2136 477 0
2137 -478 0
-2137 478 0
2138 -479 0
-2138 479 0
2139 -482 0
-2139 482 0
2140 -483 0
-2140 483 0
2141 -484 0
-2141 484 0
2142 -485 0
-2142 485 0
2143 -486 0
-2143 486 0
2144 -487 0
-2144 487 0
2145 -490 0
-2145 490 0
2146 -491 0
-2146 491 0
2147 -492 0
-2147 492 0
2148 -493 0
-2148 493 0
2149 -494 0
-2149 494 0
2150 -495 0
-2150 495 0
2151 -498 0
-2151 498 0
2152 -499 0
-2152 499 0
2153 -500 0
-2153 500 0
2154 -501 0
-2154 501 0
2155 -502 0
-2155 502 0
2156 -503 0
-2156 503 0
2157 -506 0
-2157 506 0
2158 -507 0
-2158 507 0
2159 -508 0
-2159 508 0
2160 -509 0
-2160 509 0
2161 -510 0
-2161 510 0
2162 -511 0
-2162 511 0
2163 -514 0
-2163 514 0
2164 -515 0
-2164 515 0
2165 -516 0
-2165 516 0
2166 -517 0
-2166 517 0
2167 -518 0
-2167 518 0
2168 -519 0
-2168 519 0
2169 -522 0
-2169 522 0
2170 -523 0
-2170 523 0
2171 -524 0
-2171 524 0
2172 -525 0
-2172 525 0
2173 -526 0
-2173 526 0
2174 -527 0
-2174 527 0
2175 -530 0
-2175 530 0
2176 -531 0
-2176 531 0
2177 -532 0
-2177 532 0
2178 -533 0
-2178 533 0
2179 -534 0
-2179 534 0
2180 -535 0
-2180 535 0
2181 -538 0
-2181 538 0
2182 -539 0
-2182 539 0
2183 -540 0
-2183 540 0
2184 -541 0
-2184 541 0
2185 -542 0
-2185 542 0
2186 -543 0
-2186 543 0
2187 -544 0
-2187 544 0
2188 -545 0
-2188 545 0
2189 -548 0
-2189 548 0
-2190 -549 0
2190 549 0
2191 -550 0
-2191 550 0
2192 -551 0
-2192 551 0
2193 -552 0
-2193 552 0
2194 -553 0
-2194 553 0
2195 -554 0
-2195 554 0
2196 -555 0
-2196 555 0
2197 -558 0
-2197 558 0
2198 -559 0
-2198 559 0
2199 -560 0
-2199 560 0
2200 -561 0
-2200 561 0
2201 -562 0
-2201 562 0
2202 -563 0
-2202 563 0
2203 -564 0
-2203 564 0
2204 -565 0
-2204 565 0
2205 -568 0
-2205 568 0
2206 -569 0
-2206 569 0
2207 -570 0
-2207 570 0
2208 -571 0
-2208 571 0
2209 -572 0
-2209 572 0
2210 -573 0
-2210 573 0
2211 -574 0
-2211 574 0
2212 -575 0
-2212 575 0
2213 -578 0
-2213 578 0
2214 -579 0
-2214 579 0
2215 -580 0
-2215 580 0
2216 -581 0
-2216 581 0
2217 -582 0
-2217 582 0
2218 -583 0
-2218 583 0
2219 -584 0
-2219 584 0
2220 -585 0
-2220 585 0
2221 -590 0
-2221 590 0
2222 -591 0
-2222 591 0
2223 -592 0
-2223 592 0
2224 -593 0
-2224 593 0
2225 -596 0
-2225 596 0
2226 -597 0
-2226 597 0
2227 -598 0
-2227 598 0
2228 -599 0
-2228 599 0
2229 -600 0
-2229 600 0
2230 -601 0
-2230 601 0
2231 -602 0
-2231 602 0
2232 -603 0
-2232 603 0
2233 -610 0
-2233 610 0
2234 -611 0
-2234 611 0
2235 -612 0
-2235 612 0
2236 -613 0
-2236 613 0
2237 -616 0
-2237 616 0
2238 -617 0
-2238 617 0
2239 -619 0
-2239 619 0
2240 -620 0
-2240 620 0
2241 -621 0
-2241 621 0
2242 -622 0
-2242 622 0
2243 -623 0
-2243 623 0
2244 -624 0
-2244 624 0
2245 -625 0
-2245 625 0
2246 -629 0
-2246 629 0
2247 -630 0
-2247 630 0
2248 -631 0
-2248 631 0
2249 -632 0
-2249 632 0
2250 -633 0
-2250 633 0
2251 -636 0
-2251 636 0
2252 -637 0
-2252 637 0
2253 -638 0
-2253 638 0
2254 -639 0
-2254 639 0
2255 -640 0
-2255 640 0
2256 -641 0
-2256 641 0
2257 -642 0
-2257 642 0
2258 -643 0
-2258 643 0
2259 -644 0
-2259 644 0
2260 -645 0
-2260 645 0
2261 -648 0
-2261 648 0
2262 -649 0
-2262 649 0
2263 -650 0
-2263 650 0
2264 -652 0
-2264 652 0
2265 -653 0
-2265 653 0
2266 -654 0
-2266 654 0
2267 -655 0
-2267 655 0
2268 -656 0
-2268 656 0
2269 -657 0
-2269 657 0
2270 -660 0
-2270 660 0
2271 -661 0
-2271 661 0
2272 -662 0
-2272 662 0
2273 -664 0
-2273 664 0
2274 -665 0
-2274 665 0
2275 -666 0
-2275 666 0
2276 -667 0
-2276 667 0
2277 -668 0
-2277 668 0
2278 -669 0
-2278 669 0
2279 -670 0
-2279 670 0
2280 -671 0
-2280 671 0
2281 -674 0
-2281 674 0
2282 -675 0
-2282 675 0
2283 -676 0
-2283 676 0
2284 -677 0
-2284 677 0
2285 -678 0
-2285 678 0
2286 -679 0
-2286 679 0
2287 -680 0
-2287 680 0
2288 -681 0
-2288 681 0
2289 -682 0
-2289 682 0
2290 -683 0
-2290 683 0
2291 -684 0
-2291 684 0
2292 -685 0
-2292 685 0
2293 -689 0
-2293 689 0
2294 -690 0
-2294 690 0
2295 -691 0
-2295 691 0
2296 -693 0
-2296 693 0
2297 -694 0
-2297 694 0
2298 -695 0
-2298 695 0
2299 -696 0
-2299 696 0
2300 -697 0
-2300 697 0
2301 -698 0
-2301 698 0
2302 -699 0
-2302 699 0
2303 -703 0
-2303 703 0
2304 -704 0
-2304 704 0
2305 -705 0
-2305 705 0
2306 -706 0
-2306 706 0
2307 -707 0
-2307 707 0
2308 -708 0
-2308 708 0
2309 -710 0
-2309 710 0
2310 -711 0
-2310 711 0
2311 -712 0
-2311 712 0
2312 -713 0
-2312 713 0
2313 -714 0
-2313 714 0
2314 -715 0
-2314 715 0
2315 -716 0
-2315 716 0
2316 -717 0
-2316 717 0
2317 -718 0
-2317 718 0
2042 -721 0
-2042 721 0
721 0
-721 439 720 0
-439 436 -438 0
-436 430 -435 0
-430 427 -429 0
-427 423 -426 0
-423 420 -422 0
-420 416 -419 0
-416 412 -415 0
-412 409 -411 0
-409 405 -408 0
-405 401 -404 0
-401 395 -400 0
-395 391 -394 0
-391 388 -390 0
-388 385 -387 0
-385 381 -384 0
-381 378 -380 0
-378 374 -377 0
-374 370 -373 0
-370 367 -369 0
-367 364 -366 0
-364 359 -363 0
-359 356 -358 0
-356 353 -355 0
-353 350 -352 0
-350 345 -349 0
-345 341 -344 0
-341 337 -340 0
-337 334 -336 0
-334 330 -333 0
-330 326 -329 0
-326 322 -325 0
-322 319 -321 0
-319 315 -318 0
-315 311 -314 0
-311 308 -310 0
-308 304 -307 0
-304 300 -303 0
-300 296 -299 0
-296 292 -295 0
-292 288 -291 0
-288 285 -287 0
-285 281 -284 0
-281 277 -280 0
-277 273 -276 0
-273 270 -272 0
-270 266 -269 0
-266 262 -265 0
-262 259 -261 0
-259 255 -258 0
-255 251 -254 0
-251 248 -250 0
-248 244 -247 0
-244 240 -243 0
-240 235 -239 0
-235 232 -234 0
-232 229 -231 0
-229 226 -228 0
-226 222 -225 0
-222 219 -221 0
-219 216 -218 0
-216 212 -215 0
-212 209 -211 0
-209 205 -208 0
-205 200 -204 0
-200 196 -199 0
-196 192 -195 0
-192 187 -191 0
-187 183 -186 0
-183 179 -182 0
-179 174 -178 0
-174 170 -173 0
-170 166 -169 0
-166 162 -165 0
-162 157 -161 0
-157 153 -156 0
-153 149 -152 0
-149 145 -148 0
-145 140 -144 0
-140 136 -139 0
-136 132 -135 0
-132 128 -131 0
-128 124 -127 0
-124 119 -123 0
-119 115 -118 0
-115 111 -114 0
-111 106 -110 0
-106 102 -105 0
-102 98 -101 0
-98 94 -97 0
-94 89 -93 0
-89 85 -88 0
-85 81 -84 0
-81 77 -80 0
-77 73 -76 0
-73 68 -72 0
-68 64 -67 0
-64 60 -63 0
-60 56 -59 0
-56 51 -55 0
-51 47 -50 0
-47 43 -46 0
-43 38 -42 0
-38 34 -37 0
-34 30 -33 0
-30 25 -29 0
-25 21 -24 0
-21 17 -20 0
-17 12 -16 0
-12 8 -11 0
-8 -3 -7 0
1 -2 3 0
-1 2 3 0
4 6 7 0
-4 -6 7 0
-1 5 6 0
-6 1 0
-6 -5 0
9 -10 11 0
-9 10 11 0
13 15 16 0
-13 -15 16 0
-9 14 15 0
-15 9 0
-15 -14 0
18 -19 20 0
-18 19 20 0
22 23 24 0
-22 -23 24 0
-4 -13 23 0
-23 4 0
-23 13 0
26 28 29 0
-26 -28 29 0
-18 27 28 0
-28 18 0
-28 -27 0
31 32 33 0
-31 -32 33 0
-13 -26 32 0
-32 13 0
-32 26 0
35 -36 37 0
-35 36 37 0
39 41 42 0
-39 -41 42 0
-35 40 41 0
-41 35 0
-41 -40 0
44 45 46 0
-44 -45 46 0
-26 -39 45 0
-45 26 0
-45 39 0
48 -49 50 0
-48 49 50 0
52 54 55 0
-52 -54 55 0
-48 53 54 0
-54 48 0
-54 -53 0
57 58 59 0
-57 -58 59 0
-39 -52 58 0
-58 39 0
-58 52 0
61 -62 63 0
-61 62 63 0
65 66 67 0
-65 -66 67 0
-22 -44 66 0
-66 22 0
-66 44 0
69 71 72 0
-69 -71 72 0
-61 70 71 0
-71 61 0
-71 -70 0
74 75 76 0
-74 -75 76 0
-31 -57 75 0
-75 31 0
-75 57 0
78 -79 80 0
-78 79 80 0
82 83 84 0
-82 -83 84 0
-52 -69 83 0
-83 52 0
-83 69 0
86 87 88 0
-86 -87 88 0
-44 -82 87 0
-87 44 0
-87 82 0
90 92 93 0
-90 -92 93 0
-78 91 92 0
-92 78 0
-92 -91 0
95 96 97 0
-95 -96 97 0
-69 -90 96 0
-96 69 0
-96 90 0
99 100 101 0
-99 -100 101 0
-57 -95 100 0
-100 57 0
-100 95 0
103 -104 105 0
-103 104 105 0
107 109 110 0
-107 -109 110 0
-103 108 109 0
-109 103 0
-109 -108 0
112 113 114 0
-112 -113 114 0
-90 -107 113 0
-113 90 0
-113 107 0
116 -117 118 0
-116 117 118 0
120 122 123 0
-120 -122 123 0
-116 121 122 0
-122 116 0
-122 -121 0
125 126 127 0
-125 -126 127 0
-107 -120 126 0
-126 107 0
-126 120 0
129 130 131 0
-129 -130 131 0
-82 -112 130 0
-130 82 0
-130 112 0
133 -134 135 0
-133 134 135 0
137 138 139 0
-137 -138 139 0
-95 -125 138 0
-138 95 0
-138 125 0
141 143 144 0
-141 -143 144 0
-133 142 143 0
-143 133 0
-143 -142 0
146 147 148 0
-146 -147 148 0
-120 -141 147 0
-147 120 0
-147 141 0
150 151 152 0
-150 -151 152 0
-112 -146 151 0
-151 112 0
-151 146 0
154 -155 156 0
-154 155 156 0
158 160 161 0
-158 -160 161 0
-154 159 160 0
-160 154 0
-160 -159 0
163 164 165 0
-163 -164 165 0
-141 -158 164 0
-164 141 0
-164 158 0
167 168 169 0
-167 -168 169 0
-125 -163 168 0
-168 125 0
-168 163 0
171 -172 173 0
-171 172 173 0
175 177 178 0
-175 -177 178 0
-171 176 177 0
-177 171 0
-177 -176 0
180 181 182 0
-180 -181 182 0
-158 -175 181 0
-181 158 0
-181 175 0
184 -185 186 0
-184 185 186 0
188 190 191 0
-188 -190 191 0
-184 189 190 0
-190 184 0
-190 -189 0
193 194 195 0
-193 -194 195 0
-175 -188 194 0
-194 175 0
-194 188 0
197 -198 199 0
-197 198 199 0
201 203 204 0
-201 -203 204 0
-197 202 203 0
-203 197 0
-203 -202 0
206 -207 208 0
-206 207 208 0
210 -2 211 0
-210 2 211 0
213 214 215 0
-213 -214 215 0
-210 5 214 0
-214 210 0
-214 -5 0
217 213 218 0
-217 -213 218 0
220 -10 221 0
-220 10 221 0
223 224 225 0
-223 -224 225 0
-220 -14 224 0
-224 220 0
-224 14 0
227 220 228 0
-227 -220 228 0
230 -14 231 0
-230 14 231 0
233 -19 234 0
-233 19 234 0
236 238 239 0
-236 -238 239 0
-213 -237 238 0
-238 213 0
-238 237 0
241 242 243 0
-241 -242 243 0
-233 27 242 0
-242 233 0
-242 -27 0
245 246 247 0
-245 -246 247 0
-237 -241 246 0
-246 237 0
-246 241 0
249 -36 250 0
-249 36 250 0
252 253 254 0
-252 -253 254 0
-249 40 253 0
-253 249 0
-253 -40 0
256 257 258 0
-256 -257 258 0
-241 -252 257 0
-257 241 0
-257 252 0
260 -49 261 0
-260 49 261 0
263 264 265 0
-263 -264 265 0
-260 53 264 0
-264 260 0
-264 -53 0
267 268 269 0
-267 -268 269 0
-252 -263 268 0
-268 252 0
-268 263 0
271 -62 272 0
-271 62 272 0
274 275 276 0
-274 -275 276 0
-236 -256 275 0
-275 236 0
-275 256 0
278 279 280 0
-278 -279 280 0
-271 70 279 0
-279 271 0
-279 -70 0
282 283 284 0
-282 -283 284 0
-245 -267 283 0
-283 245 0
-283 267 0
286 -79 287 0
-286 79 287 0
289 290 291 0
-289 -290 291 0
-263 -278 290 0
-290 263 0
-290 278 0
293 294 295 0
-293 -294 295 0
-256 -289 294 0
-294 256 0
-294 289 0
297 298 299 0
-297 -298 299 0
-286 91 298 0
-298 286 0
-298 -91 0
301 302 303 0
-301 -302 303 0
-278 -297 302 0
-302 278 0
-302 297 0
305 306 307 0
-305 -306 307 0
-267 -301 306 0
-306 267 0
-306 301 0
309 -104 310 0
-309 104 310 0
312 313 314 0
-312 -313 314 0
-309 108 313 0
-313 309 0
-313 -108 0
316 317 318 0
-316 -317 318 0
-297 -312 317 0
-317 297 0
-317 312 0
320 -117 321 0
-320 117 321 0
323 324 325 0
-323 -324 325 0
-320 121 324 0
-324 320 0
-324 -121 0
327 328 329 0
-327 -328 329 0
-312 -323 328 0
-328 312 0
-328 323 0
331 332 333 0
-331 -332 333 0
-289 -316 332 0
-332 289 0
-332 316 0
335 -134 336 0
-335 134 336 0
338 339 340 0
-338 -339 340 0
-301 -327 339 0
-339 301 0
-339 327 0
342 343 344 0
-342 -343 344 0
-335 142 343 0
-343 335 0
-343 -142 0
346 348 349 0
-346 -348 349 0
-342 -347 348 0
-155 -213 347 0
-348 342 0
-348 347 0
-347 155 0
-347 213 0
351 282 352 0
-351 -282 352 0
354 323 355 0
-354 -323 355 0
357 342 358 0
-357 -342 358 0
360 362 363 0
-360 -362 363 0
-316 -361 362 0
-362 316 0
-362 361 0
365 -155 366 0
-365 155 366 0
368 327 369 0
-368 -327 369 0
371 372 373 0
-371 -372 373 0
-365 159 372 0
-372 365 0
-372 -159 0
375 376 377 0
-375 -376 377 0
-342 -371 376 0
-376 342 0
-376 371 0
379 375 380 0
-379 -375 380 0
382 383 384 0
-382 -383 384 0
-172 -213 383 0
-383 172 0
-383 213 0
386 245 387 0
-386 -245 387 0
389 -172 390 0
-389 172 390 0
392 393 394 0
-392 -393 394 0
-389 176 393 0
-393 389 0
-393 -176 0
396 399 400 0
-396 -399 400 0
-375 -398 399 0
-392 -397 398 0
-185 -213 397 0
-399 375 0
-399 398 0
-398 392 0
-398 397 0
-397 185 0
-397 213 0
402 403 404 0
-402 -403 404 0
-282 -338 403 0
-403 282 0
-403 338 0
406 407 408 0
-406 -407 408 0
-371 -392 407 0
-407 371 0
-407 392 0
410 -185 411 0
-410 185 411 0
413 414 415 0
-413 -414 415 0
-410 189 414 0
-414 410 0
-414 -189 0
417 418 419 0
-417 -418 419 0
-392 -413 418 0
-418 392 0
-418 413 0
421 -198 422 0
-421 198 422 0
424 425 426 0
-424 -425 426 0
-421 202 425 0
-425 421 0
-425 -202 0
428 -207 429 0
-428 207 429 0
431 434 435 0
-431 -434 435 0
-433 -236 434 0
-428 -432 433 0
-434 433 0
-434 236 0
-433 428 0
-433 432 0
437 293 438 0
-437 -293 438 0
-720 701 0
-720 719 0
-701 687 0
-701 700 0
-687 673 0
-687 686 0
-673 659 0
-673 672 0
-659 647 0
-659 658 0
-647 635 0
-647 646 0
-635 627 0
-635 634 0
-627 615 0
-627 626 0
-615 605 0
-615 614 0
-605 595 0
-605 604 0
-595 587 0
-595 594 0
-587 577 0
-587 586 0
-577 567 0
-577 576 0
-567 557 0
-567 566 0
-557 547 0
-557 556 0
-547 537 0
-547 546 0
-537 529 0
-537 536 0
-529 521 0
-529 528 0
-521 513 0
-521 520 0
-513 505 0
-513 512 0
-505 497 0
-505 504 0
-497 489 0
-497 496 0
-489 481 0
-489 488 0
-481 473 0
-481 480 0
-473 467 0
-473 472 0
-467 461 0
-467 466 0
-461 455 0
-461 460 0
-455 450 0
-455 454 0
-450 446 0
-450 449 0
-446 442 0
-446 445 0
-442 440 0
-442 441 0
-440 -2 2 0
-440 2 -2 0
-441 -2 2 0
-441 2 -2 0
-445 -443 444 0
-445 443 -444 0
-443 210 0
-443 5 0
-444 1 0
-444 5 0
-210 -5 443 0
-1 -5 444 0
-449 -447 448 0
-449 447 -448 0
-447 10 0
-447 213 0
-448 10 0
-448 4 0
-10 -213 447 0
-10 -4 448 0
-454 -451 453 0
-454 451 -453 0
-453 4 0
-453 452 0
-452 9 0
-452 14 0
-4 -452 453 0
-9 -14 452 0
-460 -457 459 0
-460 457 -459 0
-457 237 0
-457 456 0
-456 19 0
-456 213 0
-459 13 0
-459 458 0
-458 19 0
-458 4 0
-237 -456 457 0
-19 -213 456 0
-13 -458 459 0
-19 -4 458 0
-466 -463 465 0
-466 463 -465 0
-463 462 0
-463 236 0
-462 233 0
-462 27 0
-465 464 0
-465 22 0
-464 18 0
-464 27 0
-462 -236 463 0
-233 -27 462 0
-464 -22 465 0
-18 -27 464 0
-472 -469 471 0
-472 469 -471 0
-469 468 0
-469 245 0
-468 36 0
-468 213 0
-471 470 0
-471 31 0
-470 36 0
-470 4 0
-468 -245 469 0
-36 -213 468 0
-470 -31 471 0
-36 -4 470 0
-480 -476 479 0
-480 476 -479 0
-476 236 0
-476 475 0
-475 241 0
-475 474 0
-474 249 0
-474 40 0
-479 22 0
-479 478 0
-478 26 0
-478 477 0
-477 35 0
-477 40 0
-236 -475 476 0
-241 -474 475 0
-249 -40 474 0
-22 -478 479 0
-26 -477 478 0
-35 -40 477 0
-488 -484 487 0
-488 484 -487 0
-484 245 0
-484 483 0
-483 252 0
-483 482 0
-482 49 0
-482 213 0
-487 31 0
-487 486 0
-486 39 0
-486 485 0
-485 49 0
-485 4 0
-245 -483 484 0
-252 -482 483 0
-49 -213 482 0
-31 -486 487 0
-39 -485 486 0
-49 -4 485 0
-496 -492 495 0
-496 492 -495 0
-492 256 0
-492 491 0
-491 490 0
-491 236 0
-490 260 0
-490 53 0
-495 44 0
-495 494 0
-494 493 0
-494 22 0
-493 48 0
-493 53 0
-256 -491 492 0
-490 -236 491 0
-260 -53 490 0
-44 -494 495 0
-493 -22 494 0
-48 -53 493 0
-504 -500 503 0
-504 500 -503 0
-500 267 0
-500 499 0
-499 498 0
-499 245 0
-498 62 0
-498 213 0
-503 57 0
-503 502 0
-502 501 0
-502 31 0
-501 62 0
-501 4 0
-267 -499 500 0
-498 -245 499 0
-62 -213 498 0
-57 -502 503 0
-501 -31 502 0
-62 -4 501 0
-512 -508 511 0
-512 508 -511 0
-508 507 0
-508 274 0
-507 263 0
-507 506 0
-506 271 0
-506 70 0
-511 510 0
-511 65 0
-510 52 0
-510 509 0
-509 61 0
-509 70 0
-507 -274 508 0
-263 -506 507 0
-271 -70 506 0
-510 -65 511 0
-52 -509 510 0
-61 -70 509 0
-520 -516 519 0
-520 516 -519 0
-516 515 0
-516 282 0
-515 278 0
-515 514 0
-514 79 0
-514 213 0
-519 518 0
-519 74 0
-518 69 0
-518 517 0
-517 79 0
-517 4 0
-515 -282 516 0
-278 -514 515 0
-79 -213 514 0
-518 -74 519 0
-69 -517 518 0
-79 -4 517 0
-528 -524 527 0
-528 524 -527 0
-524 523 0
-524 293 0
-523 522 0
-523 236 0
-522 286 0
-522 91 0
-527 526 0
-527 86 0
-526 525 0
-526 22 0
-525 78 0
-525 91 0
-523 -293 524 0
-522 -236 523 0
-286 -91 522 0
-526 -86 527 0
-525 -22 526 0
-78 -91 525 0
-536 -532 535 0
-536 532 -535 0
-532 531 0
-532 305 0
-531 530 0
-531 245 0
-530 104 0
-530 213 0
-535 534 0
-535 99 0
-534 533 0
-534 31 0
-533 104 0
-533 4 0
-531 -305 532 0
-530 -245 531 0
-104 -213 530 0
-534 -99 535 0
-533 -31 534 0
-104 -4 533 0
-546 -541 545 0
-546 541 -545 0
-541 274 0
-541 540 0
-540 289 0
-540 539 0
-539 297 0
-539 538 0
-538 309 0
-538 108 0
-545 65 0
-545 544 0
-544 82 0
-544 543 0
-543 90 0
-543 542 0
-542 103 0
-542 108 0
-274 -540 541 0
-289 -539 540 0
-297 -538 539 0
-309 -108 538 0
-65 -544 545 0
-82 -543 544 0
-90 -542 543 0
-103 -108 542 0
-556 -551 555 0
-556 551 -555 0
-551 282 0
-551 550 0
-550 301 0
-550 549 0
-549 312 548 0
-548 117 0
-548 213 0
-555 74 0
-555 554 0
-554 95 0
-554 553 0
-553 107 0
-553 552 0
-552 117 0
-552 4 0
-282 -550 551 0
-301 -549 550 0
-312 548 549 0
312 -548 549 0
-312 -548 549 0
-117 -213 548 0
-74 -554 555 0
-95 -553 554 0
-107 -552 553 0
-117 -4 552 0
-566 -561 565 0
-566 561 -565 0
-561 293 0
-561 560 0
-560 316 0
-560 559 0
-559 558 0
-559 236 0
-558 320 0
-558 121 0
-565 86 0
-565 564 0
-564 112 0
-564 563 0
-563 562 0
-563 22 0
-562 116 0
-562 121 0
-293 -560 561 0
-316 -559 560 0
-558 -236 559 0
-320 -121 558 0
-86 -564 565 0
-112 -563 564 0
-562 -22 563 0
-116 -121 562 0
-576 -571 575 0
-576 571 -575 0
-571 305 0
-571 570 0
-570 327 0
-570 569 0
-569 568 0
-569 245 0
-568 134 0
-568 213 0
-575 99 0
-575 574 0
-574 125 0
-574 573 0
-573 572 0
-573 31 0
-572 134 0
-572 4 0
-305 -570 571 0
-327 -569 570 0
-568 -245 569 0
-134 -213 568 0
-99 -574 575 0
-125 -573 574 0
-572 -31 573 0
-134 -4 572 0
-586 -581 585 0
-586 581 -585 0
-581 331 0
-581 580 0
-580 579 0
-580 274 0
-579 323 0
-579 578 0
-578 335 0
-578 142 0
-585 129 0
-585 584 0
-584 583 0
-584 65 0
-583 120 0
-583 582 0
-582 133 0
-582 142 0
-331 -580 581 0
-579 -274 580 0
-323 -578 579 0
-335 -142 578 0
-129 -584 585 0
-583 -65 584 0
-120 -582 583 0
-133 -142 582 0
-594 -589 593 0
-594 589 -593 0
-589 338 0
-589 588 0
-593 137 0
-593 592 0
-592 591 0
-592 74 0
-591 141 0
-591 590 0
-590 155 0
-590 4 0
-338 -588 589 0
-137 -592 593 0
-591 -74 592 0
-141 -590 591 0
-155 -4 590 0
-604 -599 603 0
-604 599 -603 0
-599 360 0
-599 598 0
-598 597 0
-598 293 0
-597 596 0
-597 236 0
-596 365 0
-596 159 0
-603 150 0
-603 602 0
-602 601 0
-602 86 0
-601 600 0
-601 22 0
-600 154 0
-600 159 0
-360 -598 599 0
-597 -293 598 0
-596 -236 597 0
-365 -159 596 0
-150 -602 603 0
-601 -86 602 0
-600 -22 601 0
-154 -159 600 0
-614 -609 613 0
-614 609 -613 0
-609 606 0
-609 608 0
-608 607 0
-608 305 0
-613 167 0
-613 612 0
-612 611 0
-612 99 0
-611 610 0
-611 31 0
-610 172 0
-610 4 0
-606 -608 609 0
-607 -305 608 0
-167 -612 613 0
-611 -99 612 0
-610 -31 611 0
-172 -4 610 0
-626 -620 625 0
-626 620 -625 0
-620 618 0
-620 619 0
-618 361 0
-618 617 0
-617 371 0
-617 616 0
-616 389 0
-616 176 0
-619 274 0
-619 331 0
-625 623 0
-625 624 0
-623 146 0
-623 622 0
-622 158 0
-622 621 0
-621 171 0
-621 176 0
-624 65 0
-624 129 0
-618 -619 620 0
-361 -617 618 0
-371 -616 617 0
-389 -176 616 0
-274 -331 619 0
-623 -624 625 0
-146 -622 623 0
-158 -621 622 0
-171 -176 621 0
-65 -129 624 0
-634 -628 633 0
-634 628 -633 0
-633 631 0
-633 632 0
-631 163 0
-631 630 0
-630 175 0
-630 629 0
-629 185 0
-629 4 0
-632 74 0
-632 137 0
-631 -632 633 0
-163 -630 631 0
-175 -629 630 0
-185 -4 629 0
-74 -137 632 0
-646 -640 645 0
-646 640 -645 0
-640 638 0
-640 639 0
-638 406 0
-638 637 0
-637 636 0
-637 236 0
-636 410 0
-636 189 0
-639 293 0
-639 360 0
-645 643 0
-645 644 0
-643 180 0
-643 642 0
-642 641 0
-642 22 0
-641 184 0
-641 189 0
-644 86 0
-644 150 0
-638 -639 640 0
-406 -637 638 0
-636 -236 637 0
-410 -189 636 0
-293 -360 639 0
-643 -644 645 0
-180 -642 643 0
-641 -22 642 0
-184 -189 641 0
-86 -150 644 0
-658 -652 657 0
-658 652 -657 0
-652 650 0
-652 651 0
-650 417 0
-650 649 0
-649 648 0
-649 245 0
-648 198 0
-648 213 0
-651 305 0
-651 606 0
-657 655 0
-657 656 0
-655 193 0
-655 654 0
-654 653 0
-654 31 0
-653 198 0
-653 4 0
-656 99 0
-656 167 0
-650 -651 652 0
-417 -649 650 0
-648 -245 649 0
-198 -213 648 0
-305 -606 651 0
-655 -656 657 0
-193 -654 655 0
-653 -31 654 0
-198 -4 653 0
-99 -167 656 0
-672 -665 671 0
-672 665 -671 0
-665 662 0
-665 664 0
-662 661 0
-662 274 0
-661 413 0
-661 660 0
-660 421 0
-660 202 0
-664 331 0
-664 663 0
-663 361 0
-663 406 0
-671 668 0
-671 670 0
-668 667 0
-668 65 0
-667 188 0
-667 666 0
-666 197 0
-666 202 0
-670 129 0
-670 669 0
-669 146 0
-669 180 0
-662 -664 665 0
-661 -274 662 0
-413 -660 661 0
-421 -202 660 0
-331 -663 664 0
-361 -406 663 0
-668 -670 671 0
-667 -65 668 0
-188 -666 667 0
-197 -202 666 0
-129 -669 670 0
-146 -180 669 0
-686 -679 685 0
-686 679 -685 0
-679 676 0
-679 678 0
-676 675 0
-676 282 0
-675 424 0
-675 674 0
-674 207 0
-674 213 0
-678 338 0
-678 677 0
-677 375 0
-677 417 0
-685 682 0
-685 684 0
-682 681 0
-682 74 0
-681 201 0
-681 680 0
-680 207 0
-680 4 0
-684 137 0
-684 683 0
-683 163 0
-683 193 0
-676 -678 679 0
-675 -282 676 0
-424 -674 675 0
-207 -213 674 0
-338 -677 678 0
-375 -417 677 0
-682 -684 685 0
-681 -74 682 0
-201 -680 681 0
-207 -4 680 0
-137 -683 684 0
-163 -193 683 0
-700 -692 699 0
-700 692 -699 0
-692 688 0
-692 691 0
-691 360 0
-691 690 0
-690 406 0
-690 689 0
-689 413 0
-689 424 0
-699 695 0
-699 698 0
-695 694 0
-695 86 0
-694 693 0
-694 22 0
-693 206 0
-693 432 0
-698 150 0
-698 697 0
-697 180 0
-697 696 0
-696 188 0
-696 201 0
-688 -691 692 0
-360 -690 691 0
-406 -689 690 0
-413 -424 689 0
-695 -698 699 0
-694 -86 695 0
-693 -22 694 0
-206 -432 693 0
-150 -697 698 0
-180 -696 697 0
-188 -201 696 0
-719 -710 718 0
-719 710 -718 0
-710 705 0
-710 709 0
-705 704 0
-705 305 0
-704 703 0
-704 245 0
-703 702 0
-703 213 0
-709 606 0
-709 708 0
-708 417 0
-708 707 0
-707 424 0
-707 706 0
-706 428 0
-706 -432 0
-718 713 0
-718 717 0
-713 712 0
-713 99 0
-712 711 0
-712 31 0
-711 702 0
-711 4 0
-717 167 0
-717 716 0
-716 193 0
-716 715 0
-715 201 0
-715 714 0
-714 206 0
-714 -432 0
-705 -709 710 0
-704 -305 705 0
-703 -245 704 0
-702 -213 703 0
-606 -708 709 0
-417 -707 708 0
-424 -706 707 0
-428 432 706 0
-713 -717 718 0
-712 -99 713 0
-711 -31 712 0
-702 -4 711 0
-167 -716 717 0
-193 -715 716 0
-201 -714 715 0
-206 432 714 0
2042 0
1 -2043 0
-5 -2043 0
-1 5 2043 0
9 -2044 0
-14 -2044 0
-9 14 2044 0
13 -2045 0
4 -2045 0
-13 -4 2045 0
18 -2046 0
-27 -2046 0
-18 27 2046 0
26 -2047 0
13 -2047 0
-26 -13 2047 0
35 -2048 0
-40 -2048 0
-35 40 2048 0
39 -2049 0
26 -2049 0
-39 -26 2049 0
48 -2050 0
-53 -2050 0
-48 53 2050 0
52 -2051 0
39 -2051 0
-52 -39 2051 0
44 -2052 0
22 -2052 0
-44 -22 2052 0
61 -2053 0
-70 -2053 0
-61 70 2053 0
57 -2054 0
31 -2054 0
-57 -31 2054 0
69 -2055 0
52 -2055 0
-69 -52 2055 0
44 -2056 0
82 -2056 0
-44 -82 2056 0
78 -2057 0
-91 -2057 0
-78 91 2057 0
69 -2058 0
90 -2058 0
-69 -90 2058 0
57 -2059 0
95 -2059 0
-57 -95 2059 0
-108 -2060 0
103 -2060 0
108 -103 2060 0
107 -2061 0
90 -2061 0
-107 -90 2061 0
-121 -2062 0
116 -2062 0
121 -116 2062 0
107 -2063 0
120 -2063 0
-107 -120 2063 0
112 -2064 0
82 -2064 0
-112 -82 2064 0
95 -2065 0
125 -2065 0
-95 -125 2065 0
-142 -2066 0
133 -2066 0
142 -133 2066 0
141 -2067 0
120 -2067 0
-141 -120 2067 0
112 -2068 0
146 -2068 0
-112 -146 2068 0
-159 -2069 0
154 -2069 0
159 -154 2069 0
158 -2070 0
141 -2070 0
-158 -141 2070 0
125 -2071 0
163 -2071 0
-125 -163 2071 0
-176 -2072 0
171 -2072 0
176 -171 2072 0
158 -2073 0
175 -2073 0
-158 -175 2073 0
-189 -2074 0
184 -2074 0
189 -184 2074 0
188 -2075 0
175 -2075 0
-188 -175 2075 0
-202 -2076 0
197 -2076 0
202 -197 2076 0
-5 -2077 0
210 -2077 0
5 -210 2077 0
14 -2078 0
220 -2078 0
-14 -220 2078 0
-27 -2079 0
233 -2079 0
27 -233 2079 0
249 -2080 0
-40 -2080 0
-249 40 2080 0
252 -2081 0
241 -2081 0
-252 -241 2081 0
-53 -2082 0
260 -2082 0
53 -260 2082 0
252 -2083 0
263 -2083 0
-252 -263 2083 0
256 -2084 0
236 -2084 0
-256 -236 2084 0
-70 -2085 0
271 -2085 0
70 -271 2085 0
267 -2086 0
245 -2086 0
-267 -245 2086 0
263 -2087 0
278 -2087 0
-263 -278 2087 0
256 -2088 0
289 -2088 0
-256 -289 2088 0
-91 -2089 0
286 -2089 0
91 -286 2089 0
278 -2090 0
297 -2090 0
-278 -297 2090 0
267 -2091 0
301 -2091 0
-267 -301 2091 0
-108 -2092 0
309 -2092 0
108 -309 2092 0
312 -2093 0
297 -2093 0
-312 -297 2093 0
320 -2094 0
-121 -2094 0
-320 121 2094 0
323 -2095 0
312 -2095 0
-323 -312 2095 0
316 -2096 0
289 -2096 0
-316 -289 2096 0
327 -2097 0
301 -2097 0
-327 -301 2097 0
335 -2098 0
-142 -2098 0
-335 142 2098 0
155 -2099 0
213 -2099 0
-155 -213 2099 0
342 -2100 0
347 -2100 0
-342 -347 2100 0
365 -2101 0
-159 -2101 0
-365 159 2101 0
342 -2102 0
371 -2102 0
-342 -371 2102 0
172 -2103 0
213 -2103 0
-172 -213 2103 0
-176 -2104 0
389 -2104 0
176 -389 2104 0
185 -2105 0
213 -2105 0
-185 -213 2105 0
392 -2106 0
397 -2106 0
-392 -397 2106 0
375 -2107 0
398 -2107 0
-375 -398 2107 0
338 -2108 0
282 -2108 0
-338 -282 2108 0
392 -2109 0
371 -2109 0
-392 -371 2109 0
410 -2110 0
-189 -2110 0
-410 189 2110 0
392 -2111 0
413 -2111 0
-392 -413 2111 0
-202 -2112 0
421 -2112 0
202 -421 2112 0
432 -2113 0
428 -2113 0
-432 -428 2113 0
236 -2114 0
433 -2114 0
-236 -433 2114 0
5 -2115 0
210 -2115 0
-5 -210 2115 0
1 -2116 0
5 -2116 0
-1 -5 2116 0
10 -2117 0
213 -2117 0
-10 -213 2117 0
4 -2118 0
10 -2118 0
-4 -10 2118 0
9 -2119 0
14 -2119 0
-9 -14 2119 0
4 -2120 0
452 -2120 0
-4 -452 2120 0
19 -2121 0
213 -2121 0
-19 -213 2121 0
238 -2122 0
456 -2122 0
-238 -456 2122 0
4 -2123 0
19 -2123 0
-4 -19 2123 0
13 -2124 0
458 -2124 0
-13 -458 2124 0
27 -2125 0
233 -2125 0
-27 -233 2125 0
236 -2126 0
462 -2126 0
-236 -462 2126 0
18 -2127 0
27 -2127 0
-18 -27 2127 0
22 -2128 0
464 -2128 0
-22 -464 2128 0
36 -2129 0
213 -2129 0
-36 -213 2129 0
245 -2130 0
468 -2130 0
-245 -468 2130 0
4 -2131 0
36 -2131 0
-4 -36 2131 0
31 -2132 0
470 -2132 0
-31 -470 2132 0
249 -2133 0
40 -2133 0
-249 -40 2133 0
241 -2134 0
474 -2134 0
-241 -474 2134 0
236 -2135 0
475 -2135 0
-236 -475 2135 0
35 -2136 0
40 -2136 0
-35 -40 2136 0
26 -2137 0
477 -2137 0
-26 -477 2137 0
22 -2138 0
478 -2138 0
-22 -478 2138 0
49 -2139 0
213 -2139 0
-49 -213 2139 0
252 -2140 0
482 -2140 0
-252 -482 2140 0
245 -2141 0
483 -2141 0
-245 -483 2141 0
4 -2142 0
49 -2142 0
-4 -49 2142 0
39 -2143 0
485 -2143 0
-39 -485 2143 0
31 -2144 0
486 -2144 0
-31 -486 2144 0
53 -2145 0
260 -2145 0
-53 -260 2145 0
236 -2146 0
490 -2146 0
-236 -490 2146 0
256 -2147 0
491 -2147 0
-256 -491 2147 0
48 -2148 0
53 -2148 0
-48 -53 2148 0
22 -2149 0
493 -2149 0
-22 -493 2149 0
44 -2150 0
494 -2150 0
-44 -494 2150 0
62 -2151 0
213 -2151 0
-62 -213 2151 0
245 -2152 0
498 -2152 0
-245 -498 2152 0
267 -2153 0
499 -2153 0
-267 -499 2153 0
62 -2154 0
4 -2154 0
-62 -4 2154 0
31 -2155 0
501 -2155 0
-31 -501 2155 0
57 -2156 0
502 -2156 0
-57 -502 2156 0
70 -2157 0
271 -2157 0
-70 -271 2157 0
263 -2158 0
506 -2158 0
-263 -506 2158 0
274 -2159 0
507 -2159 0
-274 -507 2159 0
61 -2160 0
70 -2160 0
-61 -70 2160 0
52 -2161 0
509 -2161 0
-52 -509 2161 0
65 -2162 0
510 -2162 0
-65 -510 2162 0
79 -2163 0
213 -2163 0
-79 -213 2163 0
278 -2164 0
514 -2164 0
-278 -514 2164 0
282 -2165 0
515 -2165 0
-282 -515 2165 0
79 -2166 0
4 -2166 0
-79 -4 2166 0
69 -2167 0
517 -2167 0
-69 -517 2167 0
74 -2168 0
518 -2168 0
-74 -518 2168 0
91 -2169 0
286 -2169 0
-91 -286 2169 0
236 -2170 0
522 -2170 0
-236 -522 2170 0
293 -2171 0
523 -2171 0
-293 -523 2171 0
78 -2172 0
91 -2172 0
-78 -91 2172 0
22 -2173 0
525 -2173 0
-22 -525 2173 0
86 -2174 0
526 -2174 0
-86 -526 2174 0
104 -2175 0
213 -2175 0
-104 -213 2175 0
245 -2176 0
530 -2176 0
-245 -530 2176 0
305 -2177 0
531 -2177 0
-305 -531 2177 0
104 -2178 0
4 -2178 0
-104 -4 2178 0
31 -2179 0
533 -2179 0
-31 -533 2179 0
99 -2180 0
534 -2180 0
-99 -534 2180 0
108 -2181 0
309 -2181 0
-108 -309 2181 0
297 -2182 0
538 -2182 0
-297 -538 2182 0
289 -2183 0
539 -2183 0
-289 -539 2183 0
274 -2184 0
540 -2184 0
-274 -540 2184 0
108 -2185 0
103 -2185 0
-108 -103 2185 0
90 -2186 0
542 -2186 0
-90 -542 2186 0
82 -2187 0
543 -2187 0
-82 -543 2187 0
65 -2188 0
544 -2188 0
-65 -544 2188 0
117 -2189 0
213 -2189 0
-117 -213 2189 0
-312 -2190 0
-548 -2190 0
312 548 2190 0
301 -2191 0
549 -2191 0
-301 -549 2191 0
282 -2192 0
550 -2192 0
-282 -550 2192 0
117 -2193 0
4 -2193 0
-117 -4 2193 0
107 -2194 0
552 -2194 0
-107 -552 2194 0
95 -2195 0
553 -2195 0
-95 -553 2195 0
74 -2196 0
554 -2196 0
-74 -554 2196 0
320 -2197 0
121 -2197 0
-320 -121 2197 0
236 -2198 0
558 -2198 0
-236 -558 2198 0
316 -2199 0
559 -2199 0
-316 -559 2199 0
293 -2200 0
560 -2200 0
-293 -560 2200 0
121 -2201 0
116 -2201 0
-121 -116 2201 0
22 -2202 0
562 -2202 0
-22 -562 2202 0
112 -2203 0
563 -2203 0
-112 -563 2203 0
86 -2204 0
564 -2204 0
-86 -564 2204 0
134 -2205 0
213 -2205 0
-134 -213 2205 0
245 -2206 0
568 -2206 0
-245 -568 2206 0
327 -2207 0
569 -2207 0
-327 -569 2207 0
305 -2208 0
570 -2208 0
-305 -570 2208 0
134 -2209 0
4 -2209 0
-134 -4 2209 0
31 -2210 0
572 -2210 0
-31 -572 2210 0
125 -2211 0
573 -2211 0
-125 -573 2211 0
99 -2212 0
574 -2212 0
-99 -574 2212 0
335 -2213 0
142 -2213 0
-335 -142 2213 0
323 -2214 0
578 -2214 0
-323 -578 2214 0
274 -2215 0
579 -2215 0
-274 -579 2215 0
331 -2216 0
580 -2216 0
-331 -580 2216 0
142 -2217 0
133 -2217 0
-142 -133 2217 0
120 -2218 0
582 -2218 0
-120 -582 2218 0
65 -2219 0
583 -2219 0
-65 -583 2219 0
129 -2220 0
584 -2220 0
-129 -584 2220 0
155 -2221 0
4 -2221 0
-155 -4 2221 0
141 -2222 0
590 -2222 0
-141 -590 2222 0
74 -2223 0
591 -2223 0
-74 -591 2223 0
137 -2224 0
592 -2224 0
-137 -592 2224 0
365 -2225 0
159 -2225 0
-365 -159 2225 0
236 -2226 0
596 -2226 0
-236 -596 2226 0
293 -2227 0
597 -2227 0
-293 -597 2227 0
360 -2228 0
598 -2228 0
-360 -598 2228 0
159 -2229 0
154 -2229 0
-159 -154 2229 0
22 -2230 0
600 -2230 0
-22 -600 2230 0
86 -2231 0
601 -2231 0
-86 -601 2231 0
150 -2232 0
602 -2232 0
-150 -602 2232 0
172 -2233 0
4 -2233 0
-172 -4 2233 0
31 -2234 0
610 -2234 0
-31 -610 2234 0
99 -2235 0
611 -2235 0
-99 -611 2235 0
167 -2236 0
612 -2236 0
-167 -612 2236 0
176 -2237 0
389 -2237 0
-176 -389 2237 0
371 -2238 0
616 -2238 0
-371 -616 2238 0
331 -2239 0
274 -2239 0
-331 -274 2239 0
618 -2240 0
619 -2240 0
-618 -619 2240 0
176 -2241 0
171 -2241 0
-176 -171 2241 0
158 -2242 0
621 -2242 0
-158 -621 2242 0
146 -2243 0
622 -2243 0
-146 -622 2243 0
65 -2244 0
129 -2244 0
-65 -129 2244 0
623 -2245 0
624 -2245 0
-623 -624 2245 0
185 -2246 0
4 -2246 0
-185 -4 2246 0
175 -2247 0
629 -2247 0
-175 -629 2247 0
163 -2248 0
630 -2248 0
-163 -630 2248 0
74 -2249 0
137 -2249 0
-74 -137 2249 0
631 -2250 0
632 -2250 0
-631 -632 2250 0
410 -2251 0
189 -2251 0
-410 -189 2251 0
236 -2252 0
636 -2252 0
-236 -636 2252 0
406 -2253 0
637 -2253 0
-406 -637 2253 0
360 -2254 0
293 -2254 0
-360 -293 2254 0
638 -2255 0
639 -2255 0
-638 -639 2255 0
189 -2256 0
184 -2256 0
-189 -184 2256 0
22 -2257 0
641 -2257 0
-22 -641 2257 0
180 -2258 0
642 -2258 0
-180 -642 2258 0
86 -2259 0
150 -2259 0
-86 -150 2259 0
643 -2260 0
644 -2260 0
-643 -644 2260 0
198 -2261 0
213 -2261 0
-198 -213 2261 0
245 -2262 0
648 -2262 0
-245 -648 2262 0
417 -2263 0
649 -2263 0
-417 -649 2263 0
650 -2264 0
651 -2264 0
-650 -651 2264 0
198 -2265 0
4 -2265 0
-198 -4 2265 0
31 -2266 0
653 -2266 0
-31 -653 2266 0
193 -2267 0
654 -2267 0
-193 -654 2267 0
99 -2268 0
167 -2268 0
-99 -167 2268 0
655 -2269 0
656 -2269 0
-655 -656 2269 0
202 -2270 0
421 -2270 0
-202 -421 2270 0
413 -2271 0
660 -2271 0
-413 -660 2271 0
274 -2272 0
661 -2272 0
-274 -661 2272 0
331 -2273 0
663 -2273 0
-331 -663 2273 0
662 -2274 0
664 -2274 0
-662 -664 2274 0
202 -2275 0
197 -2275 0
-202 -197 2275 0
188 -2276 0
666 -2276 0
-188 -666 2276 0
65 -2277 0
667 -2277 0
-65 -667 2277 0
180 -2278 0
146 -2278 0
-180 -146 2278 0
129 -2279 0
669 -2279 0
-129 -669 2279 0
668 -2280 0
670 -2280 0
-668 -670 2280 0
207 -2281 0
213 -2281 0
-207 -213 2281 0
424 -2282 0
674 -2282 0
-424 -674 2282 0
282 -2283 0
675 -2283 0
-282 -675 2283 0
375 -2284 0
417 -2284 0
-375 -417 2284 0
338 -2285 0
677 -2285 0
-338 -677 2285 0
676 -2286 0
678 -2286 0
-676 -678 2286 0
207 -2287 0
4 -2287 0
-207 -4 2287 0
201 -2288 0
680 -2288 0
-201 -680 2288 0
74 -2289 0
681 -2289 0
-74 -681 2289 0
193 -2290 0
163 -2290 0
-193 -163 2290 0
137 -2291 0
683 -2291 0
-137 -683 2291 0
682 -2292 0
684 -2292 0
-682 -684 2292 0
413 -2293 0
424 -2293 0
-413 -424 2293 0
406 -2294 0
689 -2294 0
-406 -689 2294 0
360 -2295 0
690 -2295 0
-360 -690 2295 0
432 -2296 0
206 -2296 0
-432 -206 2296 0
22 -2297 0
693 -2297 0
-22 -693 2297 0
86 -2298 0
694 -2298 0
-86 -694 2298 0
201 -2299 0
188 -2299 0
-201 -188 2299 0
180 -2300 0
696 -2300 0
-180 -696 2300 0
150 -2301 0
697 -2301 0
-150 -697 2301 0
695 -2302 0
698 -2302 0
-695 -698 2302 0
702 -2303 0
213 -2303 0
-702 -213 2303 0
245 -2304 0
703 -2304 0
-245 -703 2304 0
305 -2305 0
704 -2305 0
-305 -704 2305 0
-432 -2306 0
428 -2306 0
432 -428 2306 0
424 -2307 0
706 -2307 0
-424 -706 2307 0
417 -2308 0
707 -2308 0
-417 -707 2308 0
705 -2309 0
709 -2309 0
-705 -709 2309 0
4 -2310 0
702 -2310 0
-4 -702 2310 0
31 -2311 0
711 -2311 0
-31 -711 2311 0
99 -2312 0
712 -2312 0
-99 -712 2312 0
-432 -2313 0
206 -2313 0
432 -206 2313 0
201 -2314 0
714 -2314 0
-201 -714 2314 0
193 -2315 0
715 -2315 0
-193 -715 2315 0
167 -2316 0
716 -2316 0
-167 -716 2316 0
713 -2317 0
717 -2317 0
-713 -717 2317 0
