c defined variables: 6 15 23 28 32 41 45 54 58 66 71 75 83 87 92 96 100 109 113 122 126 130 138 143 147 151 160 164 168 177 181 190 194 203 214 221 228 232 236 257 268 272 279 283 290 294 298 302 306 313 317 327 338 339 343 354 358 362 369 373 381 391 395 402 406 413 423 429 430 433 434 437 438 439 440 443 444 445 446 449 450 451 452 455 456 457 458 461 462 463 464 465 466 469 471 472 473 474 477 478 479 480 481 482 485 486 487 488 489 490 493 494 495 496 497 498 503 504 505 508 509 510 511 512 513 516 517 518 519 520 521 524 525 526 527 528 529 530 531 534 535 536 537 538 539 540 541 544 545 546 547 548 549 550 551 556 557 558 559 562 563 564 565 566 567 568 569 572 573 574 575 576 577 578 579 582 583 584 585 586 587 588 589 594 595 596 597 598 601 602 603 604 605 606 607 608 609 610 613 614 615 616 617 618 619 620 621 622 625 626 627 628 629 630 631 632 633 634 637 638 639 640 641 642 643 644 645 646 649 650 651 652 653 654 655 656 657 658 659 660 663 664 665 666 667 668 669 670 671 672 673 674 678 679 680 683 684 685 686 687 688 689 690 694 695 696 697 698 699 700 701 702 703 704 705 706 707 708 709 712 
p cnf 2308 2713
a 405 398 376 333 320 330 323 337 326 346 342 353 349 416 260 253 248 245 74 78 65 69 52 61 48 57 39 44 121 134 372 368 365 264 361 357 53 62 70 79 91 104 108 117 275 380 422 384 401 267 278 271 207 202 412 409 185 176 198 189 155 142 172 159 26 35 13 18 22 31 1 4 9 677 693 256 312 316 387 282 286 293 289 305 301 297 309 206 201 193 184 197 188 171 158 180 175 40 49 5 10 2 27 36 14 19 217 220 210 213 235 231 224 227 239 242 112 107 103 90 95 99 82 86 125 116 394 419 390 141 150 146 154 120 129 133 137 167 163 0
e 3 7 8 11 12 16 17 20 21 24 25 29 30 33 34 37 38 42 43 46 47 50 51 55 56 59 60 63 64 67 68 72 73 76 77 80 81 84 85 88 89 93 94 97 98 101 102 105 106 110 111 114 115 118 119 123 124 127 128 131 132 135 136 139 140 144 145 148 149 152 153 156 157 161 162 165 166 169 170 173 174 178 179 182 183 186 187 191 192 195 196 199 200 204 205 208 209 211 212 215 216 218 219 222 223 225 226 229 230 233 234 237 238 240 241 243 244 246 247 250 251 252 254 255 258 259 261 262 263 265 266 269 270 273 274 276 277 280 281 284 285 287 288 291 292 295 296 299 300 303 304 307 308 310 311 314 315 318 319 321 322 324 325 328 329 331 332 335 336 340 341 344 345 347 348 350 351 352 355 356 359 360 363 364 366 367 370 371 374 375 377 378 379 382 383 385 386 388 389 392 393 396 397 399 400 403 404 407 408 410 411 414 415 417 418 420 421 424 425 426 427 428 431 432 435 436 441 442 447 448 453 454 459 460 467 468 470 475 476 483 484 491 492 499 500 502 506 507 514 515 522 523 532 533 542 543 552 553 555 560 561 570 571 580 581 590 591 593 599 600 611 612 623 624 635 636 647 648 661 662 675 676 682 691 692 710 711 6 15 23 28 32 41 45 54 58 66 71 75 83 87 92 96 100 109 113 122 126 130 138 143 147 151 160 164 168 177 181 190 194 203 214 221 228 232 236 257 268 272 279 283 290 294 298 302 306 313 317 327 338 339 343 354 358 362 369 373 381 391 395 402 406 413 423 429 430 433 434 437 438 439 440 443 444 445 446 449 450 451 452 455 456 457 458 461 462 463 464 465 466 469 471 472 473 474 477 478 479 480 481 482 485 486 487 488 489 490 493 494 495 496 497 498 503 504 505 508 509 510 511 512 513 516 517 518 519 520 521 524 525 526 527 528 529 530 531 534 535 536 537 538 539 540 541 544 545 546 547 548 549 550 551 556 557 558 559 562 563 564 565 566 567 568 569 572 573 574 575 576 577 578 579 582 583 584 585 586 587 588 589 594 595 596 597 598 601 602 603 604 605 606 607 608 609 610 613 614 615 616 617 618 619 620 621 622 625 626 627 628 629 630 631 632 633 634 637 638 639 640 641 642 643 644 645 646 649 650 651 652 653 654 655 656 657 658 659 660 663 664 665 666 667 668 669 670 671 672 673 674 678 679 680 683 684 685 686 687 688 689 690 694 695 696 697 698 699 700 701 702 703 704 705 706 707 708 709 712 2029 2030 2031 2032 2033 2034 2035 2036 2037 2038 2039 2040 2041 2042 2043 2044 2045 2046 2047 2048 2049 2050 2051 2052 2053 2054 2055 2056 2057 2058 2059 2060 2061 2062 2063 2064 2065 2066 2067 2068 2069 2070 2071 2072 2073 2074 2075 2076 2077 2078 2079 2080 2081 2082 2083 2084 2085 2086 2087 2088 2089 2090 2091 2092 2093 2094 2095 2096 2097 2098 2099 2100 2101 2102 2103 2104 2105 2106 2107 2108 2109 2110 2111 2112 2113 2114 2115 2116 2117 2118 2119 2120 2121 2122 2123 2124 2125 2126 2127 2128 2129 2130 2131 2132 2133 2134 2135 2136 2137 2138 2139 2140 2141 2142 2143 2144 2145 2146 2147 2148 2149 2150 2151 2152 2153 2154 2155 2156 2157 2158 2159 2160 2161 2162 2163 2164 2165 2166 2167 2168 2169 2170 2171 2172 2173 2174 2175 2176 2177 2178 2179 2180 2181 2182 2183 2184 2185 2186 2187 2188 2189 2190 2191 2192 2193 2194 2195 2196 2197 2198 2199 2200 2201 2202 2203 2204 2205 2206 2207 2208 2209 2210 2211 2212 2213 2214 2215 2216 2217 2218 2219 2220 2221 2222 2223 2224 2225 2226 2227 2228 2229 2230 2231 2232 2233 2234 2235 2236 2237 2238 2239 2240 2241 2242 2243 2244 2245 2246 2247 2248 2249 2250 2251 2252 2253 2254 2255 2256 2257 2258 2259 2260 2261 2262 2263 2264 2265 2266 2267 2268 2269 2270 2271 2272 2273 2274 2275 2276 2277 2278 2279 2280 2281 2282 2283 2284 2285 2286 2287 2288 2289 2290 2291 2292 2293 2294 2295 2296 2297 2298 2299 2300 2301 2302 2303 2304 2305 2306 2307 2308 0
d 249 242 245 0
d 554 333 337 0
d 501 278 275 0
d 592 380 384 0
d 334 330 323 0
d 681 422 419 0
2030 -6 0
-2030 6 0
2031 -15 0
-2031 15 0
2032 -23 0
-2032 23 0
2033 -28 0
-2033 28 0
2034 -32 0
-2034 32 0
2035 -41 0
-2035 41 0
2036 -45 0
-2036 45 0
2037 -54 0
-2037 54 0
2038 -58 0
-2038 58 0
2039 -66 0
-2039 66 0
2040 -71 0
-2040 71 0
2041 -75 0
-2041 75 0
2042 -83 0
-2042 83 0
2043 -87 0
-2043 87 0
2044 -92 0
-2044 92 0
2045 -96 0
-2045 96 0
2046 -100 0
-2046 100 0
2047 -109 0
-2047 109 0
2048 -113 0
-2048 113 0
2049 -122 0
-2049 122 0
2050 -126 0
-2050 126 0
2051 -130 0
-2051 130 0
2052 -138 0
-2052 138 0
2053 -143 0
-2053 143 0
2054 -147 0
-2054 147 0
2055 -151 0
-2055 151 0
2056 -160 0
-2056 160 0
2057 -164 0
-2057 164 0
2058 -168 0
-2058 168 0
2059 -177 0
-2059 177 0
2060 -181 0
-2060 181 0
2061 -190 0
-2061 190 0
2062 -194 0
-2062 194 0
2063 -203 0
-2063 203 0
2064 -214 0
-2064 214 0
2065 -221 0
-2065 221 0
2066 -228 0
-2066 228 0
2067 -232 0
-2067 232 0
2068 -236 0
-2068 236 0
2069 -257 0
-2069 257 0
2070 -268 0
-2070 268 0
2071 -272 0
-2071 272 0
2072 -279 0
-2072 279 0
2073 -283 0
-2073 283 0
2074 -290 0
-2074 290 0
2075 -294 0
-2075 294 0
2076 -298 0
-2076 298 0
2077 -302 0
-2077 302 0
2078 -306 0
-2078 306 0
2079 -313 0
-2079 313 0
2080 -317 0
-2080 317 0
2081 -327 0
-2081 327 0
2082 -338 0
-2082 338 0
2083 -339 0
-2083 339 0
2084 -343 0
-2084 343 0
2085 -354 0
-2085 354 0
2086 -358 0
-2086 358 0
2087 -362 0
-2087 362 0
2088 -369 0
-2088 369 0
2089 -373 0
-2089 373 0
2090 -381 0
-2090 381 0
2091 -391 0
-2091 391 0
2092 -395 0
-2092 395 0
2093 -402 0
-2093 402 0
2094 -406 0
-2094 406 0
2095 -413 0
-2095 413 0
2096 -423 0
-2096 423 0
2097 -429 0
-2097 429 0
2098 -430 0
-2098 430 0
2099 -433 0
-2099 433 0
2100 -434 0
-2100 434 0
2101 -437 0
-2101 437 0
2102 -438 0
-2102 438 0
2103 -439 0
-2103 439 0
2104 -440 0
-2104 440 0
2105 -443 0
-2105 443 0
2106 -444 0
-2106 444 0
2107 -445 0
-2107 445 0
2108 -446 0
-2108 446 0
2109 -449 0
-2109 449 0
2110 -450 0
-2110 450 0
2111 -451 0
-2111 451 0
2112 -452 0
-2112 452 0
2113 -455 0
-2113 455 0
2114 -456 0
-2114 456 0
2115 -457 0
-2115 457 0
2116 -458 0
-2116 458 0
2117 -461 0
-2117 461 0
2118 -462 0
-2118 462 0
2119 -463 0
-2119 463 0
2120 -464 0
-2120 464 0
2121 -465 0
-2121 465 0
2122 -466 0
-2122 466 0
2123 -469 0
-2123 469 0
2124 -471 0
-2124 471 0
2125 -472 0
-2125 472 0
2126 -473 0
-2126 473 0
2127 -474 0
-2127 474 0
2128 -477 0
-2128 477 0
2129 -478 0
-2129 478 0
2130 -479 0
-2130 479 0
2131 -480 0
-2131 480 0
2132 -481 0
-2132 481 0
2133 -482 0
-2133 482 0
2134 -485 0
-2134 485 0
2135 -486 0
-2135 486 0
2136 -487 0
-2136 487 0
2137 -488 0
-2137 488 0
2138 -489 0
-2138 489 0
2139 -490 0
-2139 490 0
2140 -493 0
-2140 493 0
2141 -494 0
-2141 494 0
2142 -495 0
-2142 495 0
2143 -496 0
-2143 496 0
2144 -497 0
-2144 497 0
2145 -498 0
-2145 498 0
2146 -503 0
-2146 503 0
2147 -504 0
-2147 504 0
2148 -505 0
-2148 505 0
2149 -508 0
-2149 508 0
2150 -509 0
-2150 509 0
2151 -510 0
-2151 510 0
2152 -511 0
-2152 511 0
2153 -512 0
-2153 512 0
2154 -513 0
-2154 513 0
2155 -516 0
-2155 516 0
2156 -517 0
-2156 517 0
2157 -518 0
-2157 518 0
2158 -519 0
-2158 519 0
2159 -520 0
-2159 520 0
2160 -521 0
-2160 521 0
2161 -524 0
-2161 524 0
2162 -525 0
-2162 525 0
2163 -526 0
-2163 526 0
2164 -527 0
-2164 527 0
2165 -528 0
-2165 528 0
2166 -529 0
-2166 529 0
2167 -530 0
-2167 530 0
2168 -531 0
-2168 531 0
2169 -534 0
-2169 534 0
2170 -535 0
-2170 535 0
2171 -536 0
-2171 536 0
2172 -537 0
-2172 537 0
2173 -538 0
-2173 538 0
2174 -539 0
-2174 539 0
2175 -540 0
-2175 540 0
2176 -541 0
-2176 541 0
2177 -544 0
-2177 544 0
2178 -545 0
-2178 545 0
2179 -546 0
-2179 546 0
2180 -547 0
-2180 547 0
2181 -548 0
-2181 548 0
2182 -549 0
-2182 549 0
2183 -550 0
-2183 550 0
2184 -551 0
-2184 551 0
2185 -556 0
-2185 556 0
2186 -557 0
-2186 557 0
2187 -558 0
-2187 558 0
2188 -559 0
-2188 559 0
2189 -562 0
-2189 562 0
2190 -563 0
-2190 563 0
2191 -564 0
-2191 564 0
2192 -565 0
-2192 565 0
2193 -566 0
-2193 566 0
2194 -567 0
-2194 567 0
2195 -568 0
-2195 568 0
2196 -569 0
-2196 569 0
2197 -572 0
-2197 572 0
2198 -573 0
-2198 573 0
2199 -574 0
-2199 574 0
2200 -575 0
-2200 575 0
2201 -576 0
-2201 576 0
2202 -577 0
-2202 577 0
2203 -578 0
-2203 578 0
2204 -579 0
-2204 579 0
2205 -582 0
-2205 582 0
2206 -583 0
-2206 583 0
2207 -584 0
-2207 584 0
2208 -585 0
-2208 585 0
2209 -586 0
-2209 586 0
2210 -587 0
-2210 587 0
2211 -588 0
-2211 588 0
2212 -589 0
-2212 589 0
2213 -594 0
-2213 594 0
2214 -595 0
-2214 595 0
2215 -596 0
-2215 596 0
2216 -597 0
-2216 597 0
2217 -598 0
-2217 598 0
2218 -601 0
-2218 601 0
2219 -602 0
-2219 602 0
2220 -603 0
-2220 603 0
2221 -604 0
-2221 604 0
2222 -605 0
-2222 605 0
2223 -606 0
-2223 606 0
2224 -607 0
-2224 607 0
2225 -608 0
-2225 608 0
2226 -609 0
-2226 609 0
2227 -610 0
-2227 610 0
2228 -613 0
-2228 613 0
2229 -614 0
-2229 614 0
2230 -615 0
-2230 615 0
2231 -616 0
-2231 616 0
2232 -617 0
-2232 617 0
2233 -618 0
-2233 618 0
2234 -619 0
-2234 619 0
2235 -620 0
-2235 620 0
2236 -621 0
-2236 621 0
2237 -622 0
-2237 622 0
2238 -625 0
-2238 625 0
2239 -626 0
-2239 626 0
2240 -627 0
-2240 627 0
2241 -628 0
-2241 628 0
2242 -629 0
-2242 629 0
2243 -630 0
-2243 630 0
2244 -631 0
-2244 631 0
2245 -632 0
-2245 632 0
2246 -633 0
-2246 633 0
2247 -634 0
-2247 634 0
2248 -637 0
-2248 637 0
2249 -638 0
-2249 638 0
2250 -639 0
-2250 639 0
2251 -640 0
-2251 640 0
2252 -641 0
-2252 641 0
2253 -642 0
-2253 642 0
2254 -643 0
-2254 643 0
2255 -644 0
-2255 644 0
2256 -645 0
-2256 645 0
2257 -646 0
-2257 646 0
2258 -649 0
-2258 649 0
2259 -650 0
-2259 650 0
2260 -651 0
-2260 651 0
2261 -652 0
-2261 652 0
2262 -653 0
-2262 653 0
2263 -654 0
-2263 654 0
2264 -655 0
-2264 655 0
2265 -656 0
-2265 656 0
2266 -657 0
-2266 657 0
2267 -658 0
-2267 658 0
2268 -659 0
-2268 659 0
2269 -660 0
-2269 660 0
2270 -663 0
-2270 663 0
2271 -664 0
-2271 664 0
2272 -665 0
-2272 665 0
2273 -666 0
-2273 666 0
2274 -667 0
-2274 667 0
2275 -668 0
-2275 668 0
2276 -669 0
-2276 669 0
2277 -670 0
-2277 670 0
2278 -671 0
-2278 671 0
2279 -672 0
-2279 672 0
2280 -673 0
-2280 673 0
2281 -674 0
-2281 674 0
2282 -678 0
-2282 678 0
2283 -679 0
-2283 679 0
2284 -680 0
-2284 680 0
2285 -683 0
-2285 683 0
2286 -684 0
-2286 684 0
2287 -685 0
-2287 685 0
2288 -686 0
-2288 686 0
2289 -687 0
-2289 687 0
2290 -688 0
-2290 688 0
2291 -689 0
-2291 689 0
2292 -690 0
-2292 690 0
2293 -694 0
-2293 694 0
2294 -695 0
-2294 695 0
2295 -696 0
-2295 696 0
2296 -697 0
-2296 697 0
2297 -698 0
-2297 698 0
2298 -699 0
-2298 699 0
2299 -700 0
-2299 700 0
2300 -701 0
-2300 701 0
2301 -702 0
-2301 702 0
2302 -703 0
-2302 703 0
2303 -704 0
-2303 704 0
2304 -705 0
-2304 705 0
2305 -706 0
-2305 706 0
2306 -707 0
-2306 707 0
2307 -708 0
-2307 708 0
2308 -709 0
-2308 709 0
2029 -712 0
-2029 712 0
712 0
-712 425 711 0
-425 421 -424 0
-421 418 -420 0
-418 415 -417 0
-415 411 -414 0
-411 408 -410 0
-408 404 -407 0
-404 400 -403 0
-400 397 -399 0
-397 393 -396 0
-393 389 -392 0
-389 386 -388 0
-386 383 -385 0
-383 379 -382 0
-379 375 -378 0
-375 371 -374 0
-371 367 -370 0
-367 364 -366 0
-364 360 -363 0
-360 356 -359 0
-356 352 -355 0
-352 348 -351 0
-348 345 -347 0
-345 341 -344 0
-341 336 -340 0
-336 332 -335 0
-332 329 -331 0
-329 325 -328 0
-325 322 -324 0
-322 319 -321 0
-319 315 -318 0
-315 311 -314 0
-311 308 -310 0
-308 304 -307 0
-304 300 -303 0
-300 296 -299 0
-296 292 -295 0
-292 288 -291 0
-288 285 -287 0
-285 281 -284 0
-281 277 -280 0
-277 274 -276 0
-274 270 -273 0
-270 266 -269 0
-266 263 -265 0
-263 259 -262 0
-259 255 -258 0
-255 252 -254 0
-252 247 -251 0
-247 244 -246 0
-244 241 -243 0
-241 238 -240 0
-238 234 -237 0
-234 230 -233 0
-230 226 -229 0
-226 223 -225 0
-223 219 -222 0
-219 216 -218 0
-216 212 -215 0
-212 209 -211 0
-209 205 -208 0
-205 200 -204 0
-200 196 -199 0
-196 192 -195 0
-192 187 -191 0
-187 183 -186 0
-183 179 -182 0
-179 174 -178 0
-174 170 -173 0
-170 166 -169 0
-166 162 -165 0
-162 157 -161 0
-157 153 -156 0
-153 149 -152 0
-149 145 -148 0
-145 140 -144 0
-140 136 -139 0
-136 132 -135 0
-132 128 -131 0
-128 124 -127 0
-124 119 -123 0
-119 115 -118 0
-115 111 -114 0
-111 106 -110 0
-106 102 -105 0
-102 98 -101 0
-98 94 -97 0
-94 89 -93 0
-89 85 -88 0
-85 81 -84 0
-81 77 -80 0
-77 73 -76 0
-73 68 -72 0
-68 64 -67 0
-64 60 -63 0
-60 56 -59 0
-56 51 -55 0
-51 47 -50 0
-47 43 -46 0
-43 38 -42 0
-38 34 -37 0
-34 30 -33 0
-30 25 -29 0
-25 21 -24 0
-21 17 -20 0
-17 12 -16 0
-12 8 -11 0
-8 -3 -7 0
1 -2 3 0
-1 2 3 0
4 6 7 0
-4 -6 7 0
-1 5 6 0
-6 1 0
-6 -5 0
9 -10 11 0
-9 10 11 0
13 15 16 0
-13 -15 16 0
-9 14 15 0
-15 9 0
-15 -14 0
18 -19 20 0
-18 19 20 0
22 23 24 0
-22 -23 24 0
-4 -13 23 0
-23 4 0
-23 13 0
26 28 29 0
-26 -28 29 0
-18 27 28 0
-28 18 0
-28 -27 0
31 32 33 0
-31 -32 33 0
-13 -26 32 0
-32 13 0
-32 26 0
35 -36 37 0
-35 36 37 0
39 41 42 0
-39 -41 42 0
-35 40 41 0
-41 35 0
-41 -40 0
44 45 46 0
-44 -45 46 0
-26 -39 45 0
-45 26 0
-45 39 0
48 -49 50 0
-48 49 50 0
52 54 55 0
-52 -54 55 0
-48 53 54 0
-54 48 0
-54 -53 0
57 58 59 0
-57 -58 59 0
-39 -52 58 0
-58 39 0
-58 52 0
61 -62 63 0
-61 62 63 0
65 66 67 0
-65 -66 67 0
-22 -44 66 0
-66 22 0
-66 44 0
69 71 72 0
-69 -71 72 0
-61 70 71 0
-71 61 0
-71 -70 0
74 75 76 0
-74 -75 76 0
-31 -57 75 0
-75 31 0
-75 57 0
78 -79 80 0
-78 79 80 0
82 83 84 0
-82 -83 84 0
-52 -69 83 0
-83 52 0
-83 69 0
86 87 88 0
-86 -87 88 0
-44 -82 87 0
-87 44 0
-87 82 0
90 92 93 0
-90 -92 93 0
-78 91 92 0
-92 78 0
-92 -91 0
95 96 97 0
-95 -96 97 0
-69 -90 96 0
-96 69 0
-96 90 0
99 100 101 0
-99 -100 101 0
-57 -95 100 0
-100 57 0
-100 95 0
103 -104 105 0
-103 104 105 0
107 109 110 0
-107 -109 110 0
-103 108 109 0
-109 103 0
-109 -108 0
112 113 114 0
-112 -113 114 0
-90 -107 113 0
-113 90 0
-113 107 0
116 -117 118 0
-116 117 118 0
120 122 123 0
-120 -122 123 0
-116 121 122 0
-122 116 0
-122 -121 0
125 126 127 0
-125 -126 127 0
-107 -120 126 0
-126 107 0
-126 120 0
129 130 131 0
-129 -130 131 0
-82 -112 130 0
-130 82 0
-130 112 0
133 -134 135 0
-133 134 135 0
137 138 139 0
-137 -138 139 0
-95 -125 138 0
-138 95 0
-138 125 0
141 143 144 0
-141 -143 144 0
-133 142 143 0
-143 133 0
-143 -142 0
146 147 148 0
-146 -147 148 0
-120 -141 147 0
-147 120 0
-147 141 0
150 151 152 0
-150 -151 152 0
-112 -146 151 0
-151 112 0
-151 146 0
154 -155 156 0
-154 155 156 0
158 160 161 0
-158 -160 161 0
-154 159 160 0
-160 154 0
-160 -159 0
163 164 165 0
-163 -164 165 0
-141 -158 164 0
-164 141 0
-164 158 0
167 168 169 0
-167 -168 169 0
-125 -163 168 0
-168 125 0
-168 163 0
171 -172 173 0
-171 172 173 0
175 177 178 0
-175 -177 178 0
-171 176 177 0
-177 171 0
-177 -176 0
180 181 182 0
-180 -181 182 0
-158 -175 181 0
-181 158 0
-181 175 0
184 -185 186 0
-184 185 186 0
188 190 191 0
-188 -190 191 0
-184 189 190 0
-190 184 0
-190 -189 0
193 194 195 0
-193 -194 195 0
-175 -188 194 0
-194 175 0
-194 188 0
197 -198 199 0
-197 198 199 0
201 203 204 0
-201 -203 204 0
-197 202 203 0
-203 197 0
-203 -202 0
206 -207 208 0
-206 207 208 0
210 -2 211 0
-210 2 211 0
213 214 215 0
-213 -214 215 0
-210 5 214 0
-214 210 0
-214 -5 0
217 -10 218 0
-217 10 218 0
220 221 222 0
-220 -221 222 0
-217 14 221 0
-221 217 0
-221 -14 0
224 -19 225 0
-224 19 225 0
227 228 229 0
-227 -228 229 0
-213 -220 228 0
-228 213 0
-228 220 0
231 232 233 0
-231 -232 233 0
-224 27 232 0
-232 224 0
-232 -27 0
235 236 237 0
-235 -236 237 0
-220 -231 236 0
-236 220 0
-236 231 0
239 -36 240 0
-239 36 240 0
242 239 243 0
-242 -239 243 0
245 -40 246 0
-245 40 246 0
248 250 251 0
-248 -250 251 0
-231 -249 250 0
-250 231 0
-250 249 0
253 -49 254 0
-253 49 254 0
256 257 258 0
-256 -257 258 0
-253 53 257 0
-257 253 0
-257 -53 0
260 261 262 0
-260 -261 262 0
-249 -256 261 0
-261 249 0
-261 256 0
264 -62 265 0
-264 62 265 0
267 268 269 0
-267 -268 269 0
-227 -248 268 0
-268 227 0
-268 248 0
271 272 273 0
-271 -272 273 0
-264 70 272 0
-272 264 0
-272 -70 0
275 271 276 0
-275 -271 276 0
278 279 280 0
-278 -279 280 0
-79 -213 279 0
-279 79 0
-279 213 0
282 283 284 0
-282 -283 284 0
-235 -260 283 0
-283 235 0
-283 260 0
286 -79 287 0
-286 79 287 0
289 290 291 0
-289 -290 291 0
-256 -271 290 0
-290 256 0
-290 271 0
293 294 295 0
-293 -294 295 0
-248 -289 294 0
-294 248 0
-294 289 0
297 298 299 0
-297 -298 299 0
-286 91 298 0
-298 286 0
-298 -91 0
301 302 303 0
-301 -302 303 0
-271 -297 302 0
-302 271 0
-302 297 0
305 306 307 0
-305 -306 307 0
-260 -301 306 0
-306 260 0
-306 301 0
309 -104 310 0
-309 104 310 0
312 313 314 0
-312 -313 314 0
-309 108 313 0
-313 309 0
-313 -108 0
316 317 318 0
-316 -317 318 0
-297 -312 317 0
-317 297 0
-317 312 0
320 -117 321 0
-320 117 321 0
323 312 324 0
-323 -312 324 0
326 327 328 0
-326 -327 328 0
-320 121 327 0
-327 320 0
-327 -121 0
330 326 331 0
-330 -326 331 0
333 334 335 0
-333 -334 335 0
337 339 340 0
-337 -339 340 0
-338 -235 339 0
-134 -213 338 0
-339 338 0
-339 235 0
-338 134 0
-338 213 0
342 343 344 0
-342 -343 344 0
-289 -316 343 0
-343 289 0
-343 316 0
346 -134 347 0
-346 134 347 0
349 350 351 0
-349 -350 351 0
-301 -334 350 0
-350 301 0
-350 334 0
353 354 355 0
-353 -354 355 0
-346 142 354 0
-354 346 0
-354 -142 0
357 358 359 0
-357 -358 359 0
-326 -353 358 0
-358 326 0
-358 353 0
361 362 363 0
-361 -362 363 0
-316 -357 362 0
-362 316 0
-362 357 0
365 -155 366 0
-365 155 366 0
368 369 370 0
-368 -369 370 0
-365 159 369 0
-369 365 0
-369 -159 0
372 373 374 0
-372 -373 374 0
-353 -368 373 0
-373 353 0
-373 368 0
376 377 378 0
-376 -377 378 0
-334 -372 377 0
-377 334 0
-377 372 0
380 381 382 0
-380 -381 382 0
-172 -213 381 0
-381 172 0
-381 213 0
384 235 385 0
-384 -235 385 0
387 -172 388 0
-387 172 388 0
390 391 392 0
-390 -391 392 0
-387 176 391 0
-391 387 0
-391 -176 0
394 395 396 0
-394 -395 396 0
-368 -390 395 0
-395 368 0
-395 390 0
398 -185 399 0
-398 185 399 0
401 402 403 0
-401 -402 403 0
-398 189 402 0
-402 398 0
-402 -189 0
405 406 407 0
-405 -406 407 0
-390 -401 406 0
-406 390 0
-406 401 0
409 -198 410 0
-409 198 410 0
412 413 414 0
-412 -413 414 0
-409 202 413 0
-413 409 0
-413 -202 0
416 -207 417 0
-416 207 417 0
419 394 420 0
-419 -394 420 0
422 423 424 0
-422 -423 424 0
-401 -412 423 0
-423 401 0
-423 412 0
-711 692 0
-711 710 0
-692 676 0
-692 691 0
-676 662 0
-676 675 0
-662 648 0
-662 661 0
-648 636 0
-648 647 0
-636 624 0
-636 635 0
-624 612 0
-624 623 0
-612 600 0
-612 611 0
-600 591 0
-600 599 0
-591 581 0
-591 590 0
-581 571 0
-581 580 0
-571 561 0
-571 570 0
-561 553 0
-561 560 0
-553 543 0
-553 552 0
-543 533 0
-543 542 0
-533 523 0
-533 532 0
-523 515 0
-523 522 0
-515 507 0
-515 514 0
-507 500 0
-507 506 0
-500 492 0
-500 499 0
-492 484 0
-492 491 0
-484 476 0
-484 483 0
-476 468 0
-476 475 0
-468 460 0
-468 467 0
-460 454 0
-460 459 0
-454 448 0
-454 453 0
-448 442 0
-448 447 0
-442 436 0
-442 441 0
-436 432 0
-436 435 0
-432 428 0
-432 431 0
-428 426 0
-428 427 0
-426 -2 2 0
-426 2 -2 0
-427 -2 2 0
-427 2 -2 0
-431 -429 430 0
-431 429 -430 0
-429 210 0
-429 5 0
-430 1 0
-430 5 0
-210 -5 429 0
-1 -5 430 0
-435 -433 434 0
-435 433 -434 0
-433 10 0
-433 213 0
-434 10 0
-434 4 0
-10 -213 433 0
-10 -4 434 0
-441 -438 440 0
-441 438 -440 0
-438 213 0
-438 437 0
-437 217 0
-437 14 0
-440 4 0
-440 439 0
-439 9 0
-439 14 0
-213 -437 438 0
-217 -14 437 0
-4 -439 440 0
-9 -14 439 0
-447 -444 446 0
-447 444 -446 0
-444 220 0
-444 443 0
-443 19 0
-443 213 0
-446 13 0
-446 445 0
-445 19 0
-445 4 0
-220 -443 444 0
-19 -213 443 0
-13 -445 446 0
-19 -4 445 0
-453 -450 452 0
-453 450 -452 0
-450 449 0
-450 227 0
-449 224 0
-449 27 0
-452 451 0
-452 22 0
-451 18 0
-451 27 0
-449 -227 450 0
-224 -27 449 0
-451 -22 452 0
-18 -27 451 0
-459 -456 458 0
-459 456 -458 0
-456 455 0
-456 235 0
-455 36 0
-455 213 0
-458 457 0
-458 31 0
-457 36 0
-457 4 0
-455 -235 456 0
-36 -213 455 0
-457 -31 458 0
-36 -4 457 0
-467 -463 466 0
-467 463 -466 0
-463 227 0
-463 462 0
-462 231 0
-462 461 0
-461 239 0
-461 40 0
-466 22 0
-466 465 0
-465 26 0
-465 464 0
-464 35 0
-464 40 0
-227 -462 463 0
-231 -461 462 0
-239 -40 461 0
-22 -465 466 0
-26 -464 465 0
-35 -40 464 0
-475 -471 474 0
-475 471 -474 0
-471 235 0
-471 470 0
-470 249 0
-470 469 0
-469 49 0
-469 213 0
-474 31 0
-474 473 0
-473 39 0
-473 472 0
-472 49 0
-472 4 0
-235 -470 471 0
-249 -469 470 0
-49 -213 469 0
-31 -473 474 0
-39 -472 473 0
-49 -4 472 0
-483 -479 482 0
-483 479 -482 0
-479 248 0
-479 478 0
-478 477 0
-478 227 0
-477 253 0
-477 53 0
-482 44 0
-482 481 0
-481 480 0
-481 22 0
-480 48 0
-480 53 0
-248 -478 479 0
-477 -227 478 0
-253 -53 477 0
-44 -481 482 0
-480 -22 481 0
-48 -53 480 0
-491 -487 490 0
-491 487 -490 0
-487 260 0
-487 486 0
-486 485 0
-486 235 0
-485 62 0
-485 213 0
-490 57 0
-490 489 0
-489 488 0
-489 31 0
-488 62 0
-488 4 0
-260 -486 487 0
-485 -235 486 0
-62 -213 485 0
-57 -489 490 0
-488 -31 489 0
-62 -4 488 0
-499 -495 498 0
-499 495 -498 0
-495 494 0
-495 267 0
-494 256 0
-494 493 0
-493 264 0
-493 70 0
-498 497 0
-498 65 0
-497 52 0
-497 496 0
-496 61 0
-496 70 0
-494 -267 495 0
-256 -493 494 0
-264 -70 493 0
-497 -65 498 0
-52 -496 497 0
-61 -70 496 0
-506 -502 505 0
-506 502 -505 0
-502 501 0
-502 282 0
-505 504 0
-505 74 0
-504 69 0
-504 503 0
-503 79 0
-503 4 0
-501 -282 502 0
-504 -74 505 0
-69 -503 504 0
-79 -4 503 0
-514 -510 513 0
-514 510 -513 0
-510 509 0
-510 293 0
-509 508 0
-509 227 0
-508 286 0
-508 91 0
-513 512 0
-513 86 0
-512 511 0
-512 22 0
-511 78 0
-511 91 0
-509 -293 510 0
-508 -227 509 0
-286 -91 508 0
-512 -86 513 0
-511 -22 512 0
-78 -91 511 0
-522 -518 521 0
-522 518 -521 0
-518 517 0
-518 305 0
-517 516 0
-517 235 0
-516 104 0
-516 213 0
-521 520 0
-521 99 0
-520 519 0
-520 31 0
-519 104 0
-519 4 0
-517 -305 518 0
-516 -235 517 0
-104 -213 516 0
-520 -99 521 0
-519 -31 520 0
-104 -4 519 0
-532 -527 531 0
-532 527 -531 0
-527 267 0
-527 526 0
-526 289 0
-526 525 0
-525 297 0
-525 524 0
-524 309 0
-524 108 0
-531 65 0
-531 530 0
-530 82 0
-530 529 0
-529 90 0
-529 528 0
-528 103 0
-528 108 0
-267 -526 527 0
-289 -525 526 0
-297 -524 525 0
-309 -108 524 0
-65 -530 531 0
-82 -529 530 0
-90 -528 529 0
-103 -108 528 0
-542 -537 541 0
-542 537 -541 0
-537 282 0
-537 536 0
-536 301 0
-536 535 0
-535 312 0
-535 534 0
-534 117 0
-534 213 0
-541 74 0
-541 540 0
-540 95 0
-540 539 0
-539 107 0
-539 538 0
-538 117 0
-538 4 0
-282 -536 537 0
-301 -535 536 0
-312 -534 535 0
-117 -213 534 0
-74 -540 541 0
-95 -539 540 0
-107 -538 539 0
-117 -4 538 0
-552 -547 551 0
-552 547 -551 0
-547 293 0
-547 546 0
-546 316 0
-546 545 0
-545 544 0
-545 227 0
-544 320 0
-544 121 0
-551 86 0
-551 550 0
-550 112 0
-550 549 0
-549 548 0
-549 22 0
-548 116 0
-548 121 0
-293 -546 547 0
-316 -545 546 0
-544 -227 545 0
-320 -121 544 0
-86 -550 551 0
-112 -549 550 0
-548 -22 549 0
-116 -121 548 0
-560 -555 559 0
-560 555 -559 0
-555 305 0
-555 554 0
-559 99 0
-559 558 0
-558 125 0
-558 557 0
-557 556 0
-557 31 0
-556 134 0
-556 4 0
-305 -554 555 0
-99 -558 559 0
-125 -557 558 0
-556 -31 557 0
-134 -4 556 0
-570 565 569 0
-570 -565 -569 0
-342 -564 565 0
-563 -267 564 0
-326 -562 563 0
-346 -142 562 0
-569 129 0
-569 568 0
-568 567 0
-568 65 0
-567 120 0
-567 566 0
-566 133 0
-566 142 0
-565 342 0
-565 564 0
-564 563 0
-564 267 0
-563 326 0
-563 562 0
-562 346 0
-562 142 0
-129 -568 569 0
-567 -65 568 0
-120 -566 567 0
-133 -142 566 0
-580 -575 579 0
-580 575 -579 0
-575 349 0
-575 574 0
-574 573 0
-574 282 0
-573 353 0
-573 572 0
-572 155 0
-572 213 0
-579 137 0
-579 578 0
-578 577 0
-578 74 0
-577 141 0
-577 576 0
-576 155 0
-576 4 0
-349 -574 575 0
-573 -282 574 0
-353 -572 573 0
-155 -213 572 0
-137 -578 579 0
-577 -74 578 0
-141 -576 577 0
-155 -4 576 0
-590 -585 589 0
-590 585 -589 0
-585 361 0
-585 584 0
-584 583 0
-584 293 0
-583 582 0
-583 227 0
-582 365 0
-582 159 0
-589 150 0
-589 588 0
-588 587 0
-588 86 0
-587 586 0
-587 22 0
-586 154 0
-586 159 0
-361 -584 585 0
-583 -293 584 0
-582 -227 583 0
-365 -159 582 0
-150 -588 589 0
-587 -86 588 0
-586 -22 587 0
-154 -159 586 0
-599 -594 598 0
-599 594 -598 0
-594 376 0
-594 593 0
-593 592 0
-593 305 0
-598 167 0
-598 597 0
-597 596 0
-597 99 0
-596 595 0
-596 31 0
-595 172 0
-595 4 0
-376 -593 594 0
-592 -305 593 0
-167 -597 598 0
-596 -99 597 0
-595 -31 596 0
-172 -4 595 0
-611 -605 610 0
-611 605 -610 0
-605 603 0
-605 604 0
-603 357 0
-603 602 0
-602 368 0
-602 601 0
-601 387 0
-601 176 0
-604 267 0
-604 342 0
-610 608 0
-610 609 0
-608 146 0
-608 607 0
-607 158 0
-607 606 0
-606 171 0
-606 176 0
-609 65 0
-609 129 0
-603 -604 605 0
-357 -602 603 0
-368 -601 602 0
-387 -176 601 0
-267 -342 604 0
-608 -609 610 0
-146 -607 608 0
-158 -606 607 0
-171 -176 606 0
-65 -129 609 0
-623 -617 622 0
-623 617 -622 0
-617 615 0
-617 616 0
-615 372 0
-615 614 0
-614 390 0
-614 613 0
-613 185 0
-613 213 0
-616 282 0
-616 349 0
-622 620 0
-622 621 0
-620 163 0
-620 619 0
-619 175 0
-619 618 0
-618 185 0
-618 4 0
-621 74 0
-621 137 0
-615 -616 617 0
-372 -614 615 0
-390 -613 614 0
-185 -213 613 0
-282 -349 616 0
-620 -621 622 0
-163 -619 620 0
-175 -618 619 0
-185 -4 618 0
-74 -137 621 0
-635 -629 634 0
-635 629 -634 0
-629 627 0
-629 628 0
-627 394 0
-627 626 0
-626 625 0
-626 227 0
-625 398 0
-625 189 0
-628 293 0
-628 361 0
-634 632 0
-634 633 0
-632 180 0
-632 631 0
-631 630 0
-631 22 0
-630 184 0
-630 189 0
-633 86 0
-633 150 0
-627 -628 629 0
-394 -626 627 0
-625 -227 626 0
-398 -189 625 0
-293 -361 628 0
-632 -633 634 0
-180 -631 632 0
-630 -22 631 0
-184 -189 630 0
-86 -150 633 0
-647 -641 646 0
-647 641 -646 0
-641 639 0
-641 640 0
-639 405 0
-639 638 0
-638 637 0
-638 235 0
-637 198 0
-637 213 0
-640 305 0
-640 376 0
-646 644 0
-646 645 0
-644 193 0
-644 643 0
-643 642 0
-643 31 0
-642 198 0
-642 4 0
-645 99 0
-645 167 0
-639 -640 641 0
-405 -638 639 0
-637 -235 638 0
-198 -213 637 0
-305 -376 640 0
-644 -645 646 0
-193 -643 644 0
-642 -31 643 0
-198 -4 642 0
-99 -167 645 0
-661 -654 660 0
-661 654 -660 0
-654 651 0
-654 653 0
-651 650 0
-651 267 0
-650 401 0
-650 649 0
-649 409 0
-649 202 0
-653 342 0
-653 652 0
-652 357 0
-652 394 0
-660 657 0
-660 659 0
-657 656 0
-657 65 0
-656 188 0
-656 655 0
-655 197 0
-655 202 0
-659 129 0
-659 658 0
-658 146 0
-658 180 0
-651 -653 654 0
-650 -267 651 0
-401 -649 650 0
-409 -202 649 0
-342 -652 653 0
-357 -394 652 0
-657 -659 660 0
-656 -65 657 0
-188 -655 656 0
-197 -202 655 0
-129 -658 659 0
-146 -180 658 0
-675 -668 674 0
-675 668 -674 0
-668 665 0
-668 667 0
-665 664 0
-665 282 0
-664 412 0
-664 663 0
-663 207 0
-663 213 0
-667 349 0
-667 666 0
-666 372 0
-666 405 0
-674 671 0
-674 673 0
-671 670 0
-671 74 0
-670 201 0
-670 669 0
-669 207 0
-669 4 0
-673 137 0
-673 672 0
-672 163 0
-672 193 0
-665 -667 668 0
-664 -282 665 0
-412 -663 664 0
-207 -213 663 0
-349 -666 667 0
-372 -405 666 0
-671 -673 674 0
-670 -74 671 0
-201 -669 670 0
-207 -4 669 0
-137 -672 673 0
-163 -193 672 0
-691 -683 690 0
-691 683 -690 0
-683 680 0
-683 682 0
-680 679 0
-680 293 0
-679 678 0
-679 227 0
-678 416 0
-678 677 0
-682 361 0
-682 681 0
-690 686 0
-690 689 0
-686 685 0
-686 86 0
-685 684 0
-685 22 0
-684 206 0
-684 677 0
-689 150 0
-689 688 0
-688 180 0
-688 687 0
-687 188 0
-687 201 0
-680 -682 683 0
-679 -293 680 0
-678 -227 679 0
-416 -677 678 0
-361 -681 682 0
-686 -689 690 0
-685 -86 686 0
-684 -22 685 0
-206 -677 684 0
-150 -688 689 0
-180 -687 688 0
-188 -201 687 0
-710 -701 709 0
-710 701 -709 0
-701 696 0
-701 700 0
-696 695 0
-696 305 0
-695 694 0
-695 235 0
-694 693 0
-694 213 0
-700 376 0
-700 699 0
-699 405 0
-699 698 0
-698 412 0
-698 697 0
-697 416 0
-697 -677 0
-709 704 0
-709 708 0
-704 703 0
-704 99 0
-703 702 0
-703 31 0
-702 693 0
-702 4 0
-708 167 0
-708 707 0
-707 193 0
-707 706 0
-706 201 0
-706 705 0
-705 206 0
-705 -677 0
-696 -700 701 0
-695 -305 696 0
-694 -235 695 0
-693 -213 694 0
-376 -699 700 0
-405 -698 699 0
-412 -697 698 0
-416 677 697 0
-704 -708 709 0
-703 -99 704 0
-702 -31 703 0
-693 -4 702 0
-167 -707 708 0
-193 -706 707 0
-201 -705 706 0
-206 677 705 0
2029 0
1 -2030 0
-5 -2030 0
-1 5 2030 0
9 -2031 0
-14 -2031 0
-9 14 2031 0
13 -2032 0
4 -2032 0
-13 -4 2032 0
18 -2033 0
-27 -2033 0
-18 27 2033 0
26 -2034 0
13 -2034 0
-26 -13 2034 0
35 -2035 0
-40 -2035 0
-35 40 2035 0
39 -2036 0
26 -2036 0
-39 -26 2036 0
48 -2037 0
-53 -2037 0
-48 53 2037 0
52 -2038 0
39 -2038 0
-52 -39 2038 0
44 -2039 0
22 -2039 0
-44 -22 2039 0
61 -2040 0
-70 -2040 0
-61 70 2040 0
57 -2041 0
31 -2041 0
-57 -31 2041 0
69 -2042 0
52 -2042 0
-69 -52 2042 0
44 -2043 0
82 -2043 0
-44 -82 2043 0
78 -2044 0
-91 -2044 0
-78 91 2044 0
69 -2045 0
90 -2045 0
-69 -90 2045 0
57 -2046 0
95 -2046 0
-57 -95 2046 0
-108 -2047 0
103 -2047 0
108 -103 2047 0
107 -2048 0
90 -2048 0
-107 -90 2048 0
-121 -2049 0
116 -2049 0
121 -116 2049 0
107 -2050 0
120 -2050 0
-107 -120 2050 0
112 -2051 0
82 -2051 0
-112 -82 2051 0
95 -2052 0
125 -2052 0
-95 -125 2052 0
-142 -2053 0
133 -2053 0
142 -133 2053 0
141 -2054 0
120 -2054 0
-141 -120 2054 0
112 -2055 0
146 -2055 0
-112 -146 2055 0
-159 -2056 0
154 -2056 0
159 -154 2056 0
158 -2057 0
141 -2057 0
-158 -141 2057 0
125 -2058 0
163 -2058 0
-125 -163 2058 0
-176 -2059 0
171 -2059 0
176 -171 2059 0
158 -2060 0
175 -2060 0
-158 -175 2060 0
-189 -2061 0
184 -2061 0
189 -184 2061 0
188 -2062 0
175 -2062 0
-188 -175 2062 0
-202 -2063 0
197 -2063 0
202 -197 2063 0
-5 -2064 0
210 -2064 0
5 -210 2064 0
-14 -2065 0
217 -2065 0
14 -217 2065 0
220 -2066 0
213 -2066 0
-220 -213 2066 0
-27 -2067 0
224 -2067 0
27 -224 2067 0
220 -2068 0
231 -2068 0
-220 -231 2068 0
253 -2069 0
-53 -2069 0
-253 53 2069 0
248 -2070 0
227 -2070 0
-248 -227 2070 0
264 -2071 0
-70 -2071 0
-264 70 2071 0
79 -2072 0
213 -2072 0
-79 -213 2072 0
260 -2073 0
235 -2073 0
-260 -235 2073 0
271 -2074 0
256 -2074 0
-271 -256 2074 0
248 -2075 0
289 -2075 0
-248 -289 2075 0
-91 -2076 0
286 -2076 0
91 -286 2076 0
271 -2077 0
297 -2077 0
-271 -297 2077 0
260 -2078 0
301 -2078 0
-260 -301 2078 0
-108 -2079 0
309 -2079 0
108 -309 2079 0
312 -2080 0
297 -2080 0
-312 -297 2080 0
320 -2081 0
-121 -2081 0
-320 121 2081 0
134 -2082 0
213 -2082 0
-134 -213 2082 0
235 -2083 0
338 -2083 0
-235 -338 2083 0
316 -2084 0
289 -2084 0
-316 -289 2084 0
346 -2085 0
-142 -2085 0
-346 142 2085 0
326 -2086 0
353 -2086 0
-326 -353 2086 0
357 -2087 0
316 -2087 0
-357 -316 2087 0
365 -2088 0
-159 -2088 0
-365 159 2088 0
353 -2089 0
368 -2089 0
-353 -368 2089 0
172 -2090 0
213 -2090 0
-172 -213 2090 0
-176 -2091 0
387 -2091 0
176 -387 2091 0
368 -2092 0
390 -2092 0
-368 -390 2092 0
398 -2093 0
-189 -2093 0
-398 189 2093 0
401 -2094 0
390 -2094 0
-401 -390 2094 0
-202 -2095 0
409 -2095 0
202 -409 2095 0
401 -2096 0
412 -2096 0
-401 -412 2096 0
5 -2097 0
210 -2097 0
-5 -210 2097 0
1 -2098 0
5 -2098 0
-1 -5 2098 0
10 -2099 0
213 -2099 0
-10 -213 2099 0
4 -2100 0
10 -2100 0
-4 -10 2100 0
14 -2101 0
217 -2101 0
-14 -217 2101 0
213 -2102 0
437 -2102 0
-213 -437 2102 0
9 -2103 0
14 -2103 0
-9 -14 2103 0
4 -2104 0
439 -2104 0
-4 -439 2104 0
19 -2105 0
213 -2105 0
-19 -213 2105 0
220 -2106 0
443 -2106 0
-220 -443 2106 0
4 -2107 0
19 -2107 0
-4 -19 2107 0
13 -2108 0
445 -2108 0
-13 -445 2108 0
27 -2109 0
224 -2109 0
-27 -224 2109 0
227 -2110 0
449 -2110 0
-227 -449 2110 0
18 -2111 0
27 -2111 0
-18 -27 2111 0
22 -2112 0
451 -2112 0
-22 -451 2112 0
36 -2113 0
213 -2113 0
-36 -213 2113 0
235 -2114 0
455 -2114 0
-235 -455 2114 0
4 -2115 0
36 -2115 0
-4 -36 2115 0
31 -2116 0
457 -2116 0
-31 -457 2116 0
40 -2117 0
239 -2117 0
-40 -239 2117 0
231 -2118 0
461 -2118 0
-231 -461 2118 0
227 -2119 0
462 -2119 0
-227 -462 2119 0
35 -2120 0
40 -2120 0
-35 -40 2120 0
26 -2121 0
464 -2121 0
-26 -464 2121 0
22 -2122 0
465 -2122 0
-22 -465 2122 0
49 -2123 0
213 -2123 0
-49 -213 2123 0
235 -2124 0
470 -2124 0
-235 -470 2124 0
4 -2125 0
49 -2125 0
-4 -49 2125 0
39 -2126 0
472 -2126 0
-39 -472 2126 0
31 -2127 0
473 -2127 0
-31 -473 2127 0
253 -2128 0
53 -2128 0
-253 -53 2128 0
227 -2129 0
477 -2129 0
-227 -477 2129 0
248 -2130 0
478 -2130 0
-248 -478 2130 0
48 -2131 0
53 -2131 0
-48 -53 2131 0
22 -2132 0
480 -2132 0
-22 -480 2132 0
44 -2133 0
481 -2133 0
-44 -481 2133 0
62 -2134 0
213 -2134 0
-62 -213 2134 0
235 -2135 0
485 -2135 0
-235 -485 2135 0
260 -2136 0
486 -2136 0
-260 -486 2136 0
62 -2137 0
4 -2137 0
-62 -4 2137 0
31 -2138 0
488 -2138 0
-31 -488 2138 0
57 -2139 0
489 -2139 0
-57 -489 2139 0
264 -2140 0
70 -2140 0
-264 -70 2140 0
256 -2141 0
493 -2141 0
-256 -493 2141 0
267 -2142 0
494 -2142 0
-267 -494 2142 0
61 -2143 0
70 -2143 0
-61 -70 2143 0
52 -2144 0
496 -2144 0
-52 -496 2144 0
65 -2145 0
497 -2145 0
-65 -497 2145 0
79 -2146 0
4 -2146 0
-79 -4 2146 0
69 -2147 0
503 -2147 0
-69 -503 2147 0
74 -2148 0
504 -2148 0
-74 -504 2148 0
91 -2149 0
286 -2149 0
-91 -286 2149 0
227 -2150 0
508 -2150 0
-227 -508 2150 0
293 -2151 0
509 -2151 0
-293 -509 2151 0
78 -2152 0
91 -2152 0
-78 -91 2152 0
22 -2153 0
511 -2153 0
-22 -511 2153 0
86 -2154 0
512 -2154 0
-86 -512 2154 0
104 -2155 0
213 -2155 0
-104 -213 2155 0
235 -2156 0
516 -2156 0
-235 -516 2156 0
305 -2157 0
517 -2157 0
-305 -517 2157 0
104 -2158 0
4 -2158 0
-104 -4 2158 0
31 -2159 0
519 -2159 0
-31 -519 2159 0
99 -2160 0
520 -2160 0
-99 -520 2160 0
108 -2161 0
309 -2161 0
-108 -309 2161 0
297 -2162 0
524 -2162 0
-297 -524 2162 0
289 -2163 0
525 -2163 0
-289 -525 2163 0
267 -2164 0
526 -2164 0
-267 -526 2164 0
108 -2165 0
103 -2165 0
-108 -103 2165 0
90 -2166 0
528 -2166 0
-90 -528 2166 0
82 -2167 0
529 -2167 0
-82 -529 2167 0
65 -2168 0
530 -2168 0
-65 -530 2168 0
117 -2169 0
213 -2169 0
-117 -213 2169 0
312 -2170 0
534 -2170 0
-312 -534 2170 0
301 -2171 0
535 -2171 0
-301 -535 2171 0
282 -2172 0
536 -2172 0
-282 -536 2172 0
117 -2173 0
4 -2173 0
-117 -4 2173 0
107 -2174 0
538 -2174 0
-107 -538 2174 0
95 -2175 0
539 -2175 0
-95 -539 2175 0
74 -2176 0
540 -2176 0
-74 -540 2176 0
320 -2177 0
121 -2177 0
-320 -121 2177 0
227 -2178 0
544 -2178 0
-227 -544 2178 0
316 -2179 0
545 -2179 0
-316 -545 2179 0
293 -2180 0
546 -2180 0
-293 -546 2180 0
121 -2181 0
116 -2181 0
-121 -116 2181 0
22 -2182 0
548 -2182 0
-22 -548 2182 0
112 -2183 0
549 -2183 0
-112 -549 2183 0
86 -2184 0
550 -2184 0
-86 -550 2184 0
134 -2185 0
4 -2185 0
-134 -4 2185 0
31 -2186 0
556 -2186 0
-31 -556 2186 0
125 -2187 0
557 -2187 0
-125 -557 2187 0
99 -2188 0
558 -2188 0
-99 -558 2188 0
346 -2189 0
142 -2189 0
-346 -142 2189 0
326 -2190 0
562 -2190 0
-326 -562 2190 0
267 -2191 0
563 -2191 0
-267 -563 2191 0
342 -2192 0
564 -2192 0
-342 -564 2192 0
142 -2193 0
133 -2193 0
-142 -133 2193 0
120 -2194 0
566 -2194 0
-120 -566 2194 0
65 -2195 0
567 -2195 0
-65 -567 2195 0
129 -2196 0
568 -2196 0
-129 -568 2196 0
155 -2197 0
213 -2197 0
-155 -213 2197 0
353 -2198 0
572 -2198 0
-353 -572 2198 0
282 -2199 0
573 -2199 0
-282 -573 2199 0
349 -2200 0
574 -2200 0
-349 -574 2200 0
155 -2201 0
4 -2201 0
-155 -4 2201 0
141 -2202 0
576 -2202 0
-141 -576 2202 0
74 -2203 0
577 -2203 0
-74 -577 2203 0
137 -2204 0
578 -2204 0
-137 -578 2204 0
365 -2205 0
159 -2205 0
-365 -159 2205 0
227 -2206 0
582 -2206 0
-227 -582 2206 0
293 -2207 0
583 -2207 0
-293 -583 2207 0
361 -2208 0
584 -2208 0
-361 -584 2208 0
159 -2209 0
154 -2209 0
-159 -154 2209 0
22 -2210 0
586 -2210 0
-22 -586 2210 0
86 -2211 0
587 -2211 0
-86 -587 2211 0
150 -2212 0
588 -2212 0
-150 -588 2212 0
376 -2213 0
593 -2213 0
-376 -593 2213 0
172 -2214 0
4 -2214 0
-172 -4 2214 0
31 -2215 0
595 -2215 0
-31 -595 2215 0
99 -2216 0
596 -2216 0
-99 -596 2216 0
167 -2217 0
597 -2217 0
-167 -597 2217 0
176 -2218 0
387 -2218 0
-176 -387 2218 0
368 -2219 0
601 -2219 0
-368 -601 2219 0
357 -2220 0
602 -2220 0
-357 -602 2220 0
342 -2221 0
267 -2221 0
-342 -267 2221 0
603 -2222 0
604 -2222 0
-603 -604 2222 0
176 -2223 0
171 -2223 0
-176 -171 2223 0
158 -2224 0
606 -2224 0
-158 -606 2224 0
146 -2225 0
607 -2225 0
-146 -607 2225 0
65 -2226 0
129 -2226 0
-65 -129 2226 0
608 -2227 0
609 -2227 0
-608 -609 2227 0
185 -2228 0
213 -2228 0
-185 -213 2228 0
390 -2229 0
613 -2229 0
-390 -613 2229 0
372 -2230 0
614 -2230 0
-372 -614 2230 0
349 -2231 0
282 -2231 0
-349 -282 2231 0
615 -2232 0
616 -2232 0
-615 -616 2232 0
185 -2233 0
4 -2233 0
-185 -4 2233 0
175 -2234 0
618 -2234 0
-175 -618 2234 0
163 -2235 0
619 -2235 0
-163 -619 2235 0
74 -2236 0
137 -2236 0
-74 -137 2236 0
620 -2237 0
621 -2237 0
-620 -621 2237 0
398 -2238 0
189 -2238 0
-398 -189 2238 0
227 -2239 0
625 -2239 0
-227 -625 2239 0
394 -2240 0
626 -2240 0
-394 -626 2240 0
361 -2241 0
293 -2241 0
-361 -293 2241 0
627 -2242 0
628 -2242 0
-627 -628 2242 0
189 -2243 0
184 -2243 0
-189 -184 2243 0
22 -2244 0
630 -2244 0
-22 -630 2244 0
180 -2245 0
631 -2245 0
-180 -631 2245 0
86 -2246 0
150 -2246 0
-86 -150 2246 0
632 -2247 0
633 -2247 0
-632 -633 2247 0
198 -2248 0
213 -2248 0
-198 -213 2248 0
235 -2249 0
637 -2249 0
-235 -637 2249 0
405 -2250 0
638 -2250 0
-405 -638 2250 0
376 -2251 0
305 -2251 0
-376 -305 2251 0
639 -2252 0
640 -2252 0
-639 -640 2252 0
198 -2253 0
4 -2253 0
-198 -4 2253 0
31 -2254 0
642 -2254 0
-31 -642 2254 0
193 -2255 0
643 -2255 0
-193 -643 2255 0
99 -2256 0
167 -2256 0
-99 -167 2256 0
644 -2257 0
645 -2257 0
-644 -645 2257 0
202 -2258 0
409 -2258 0
-202 -409 2258 0
401 -2259 0
649 -2259 0
-401 -649 2259 0
267 -2260 0
650 -2260 0
-267 -650 2260 0
357 -2261 0
394 -2261 0
-357 -394 2261 0
342 -2262 0
652 -2262 0
-342 -652 2262 0
651 -2263 0
653 -2263 0
-651 -653 2263 0
202 -2264 0
197 -2264 0
-202 -197 2264 0
188 -2265 0
655 -2265 0
-188 -655 2265 0
65 -2266 0
656 -2266 0
-65 -656 2266 0
180 -2267 0
146 -2267 0
-180 -146 2267 0
129 -2268 0
658 -2268 0
-129 -658 2268 0
657 -2269 0
659 -2269 0
-657 -659 2269 0
207 -2270 0
213 -2270 0
-207 -213 2270 0
412 -2271 0
663 -2271 0
-412 -663 2271 0
282 -2272 0
664 -2272 0
-282 -664 2272 0
405 -2273 0
372 -2273 0
-405 -372 2273 0
349 -2274 0
666 -2274 0
-349 -666 2274 0
665 -2275 0
667 -2275 0
-665 -667 2275 0
207 -2276 0
4 -2276 0
-207 -4 2276 0
201 -2277 0
669 -2277 0
-201 -669 2277 0
74 -2278 0
670 -2278 0
-74 -670 2278 0
193 -2279 0
163 -2279 0
-193 -163 2279 0
137 -2280 0
672 -2280 0
-137 -672 2280 0
671 -2281 0
673 -2281 0
-671 -673 2281 0
416 -2282 0
677 -2282 0
-416 -677 2282 0
227 -2283 0
678 -2283 0
-227 -678 2283 0
293 -2284 0
679 -2284 0
-293 -679 2284 0
680 -2285 0
682 -2285 0
-680 -682 2285 0
677 -2286 0
206 -2286 0
-677 -206 2286 0
22 -2287 0
684 -2287 0
-22 -684 2287 0
86 -2288 0
685 -2288 0
-86 -685 2288 0
201 -2289 0
188 -2289 0
-201 -188 2289 0
180 -2290 0
687 -2290 0
-180 -687 2290 0
150 -2291 0
688 -2291 0
-150 -688 2291 0
686 -2292 0
689 -2292 0
-686 -689 2292 0
693 -2293 0
213 -2293 0
-693 -213 2293 0
235 -2294 0
694 -2294 0
-235 -694 2294 0
305 -2295 0
695 -2295 0
-305 -695 2295 0
416 -2296 0
-677 -2296 0
-416 677 2296 0
412 -2297 0
697 -2297 0
-412 -697 2297 0
405 -2298 0
698 -2298 0
-405 -698 2298 0
376 -2299 0
699 -2299 0
-376 -699 2299 0
696 -2300 0
700 -2300 0
-696 -700 2300 0
4 -2301 0
693 -2301 0
-4 -693 2301 0
31 -2302 0
702 -2302 0
-31 -702 2302 0
99 -2303 0
703 -2303 0
-99 -703 2303 0
-677 -2304 0
206 -2304 0
677 -206 2304 0
201 -2305 0
705 -2305 0
-201 -705 2305 0
193 -2306 0
706 -2306 0
-193 -706 2306 0
167 -2307 0
707 -2307 0
-167 -707 2307 0
704 -2308 0
708 -2308 0
-704 -708 2308 0
