c defined variables: 6 15 23 28 32 41 45 54 58 66 71 75 83 87 92 96 100 109 113 122 126 130 138 143 147 151 160 164 168 177 181 190 194 203 214 221 228 232 236 243 247 254 258 265 269 273 280 284 288 289 293 297 301 311 315 322 326 330 337 344 348 352 356 363 367 371 378 382 383 384 388 392 402 403 407 411 418 426 427 428 432 433 434 440 441 444 445 448 449 450 451 454 455 456 457 460 461 462 463 466 467 468 469 472 473 474 475 476 477 480 481 482 483 484 485 488 489 490 491 492 493 496 497 498 499 500 501 504 505 506 507 508 509 512 513 514 515 516 517 520 521 522 523 524 525 529 530 531 534 535 536 537 538 539 540 541 544 545 546 547 548 549 550 551 554 555 556 557 558 559 560 561 566 567 568 569 570 573 574 575 576 577 578 579 580 583 584 585 586 587 588 589 590 593 594 595 596 597 598 599 600 603 604 605 606 607 608 609 610 613 614 615 616 617 618 619 620 621 622 626 627 628 629 630 634 636 637 638 639 640 643 644 645 646 647 648 649 650 651 652 655 656 657 658 659 660 661 662 663 664 665 666 669 670 671 672 673 674 675 676 677 678 679 680 684 685 686 687 688 689 690 694 695 696 697 698 699 700 701 702 703 704 705 706 707 708 709 712 
p cnf 2320 2757
a 410 398 362 321 325 333 329 340 336 347 343 351 355 424 253 257 250 246 74 78 65 69 52 61 48 57 39 44 121 134 374 381 366 264 359 370 53 62 70 79 91 104 108 117 272 377 431 387 406 268 283 276 207 202 417 414 185 176 198 189 155 142 172 159 26 35 13 18 22 31 1 4 9 425 693 261 314 318 395 279 287 304 300 296 292 307 310 206 201 193 184 197 188 171 158 180 175 40 49 5 10 2 27 36 14 19 217 220 210 213 235 231 224 227 239 242 112 107 103 90 95 99 82 86 125 116 401 421 391 141 150 146 154 120 129 133 137 167 163 0
e 3 7 8 11 12 16 17 20 21 24 25 29 30 33 34 37 38 42 43 46 47 50 51 55 56 59 60 63 64 67 68 72 73 76 77 80 81 84 85 88 89 93 94 97 98 101 102 105 106 110 111 114 115 118 119 123 124 127 128 131 132 135 136 139 140 144 145 148 149 152 153 156 157 161 162 165 166 169 170 173 174 178 179 182 183 186 187 191 192 195 196 199 200 204 205 208 209 211 212 215 216 218 219 222 223 225 226 229 230 233 234 237 238 240 241 244 245 248 249 251 252 255 256 259 260 262 263 266 267 270 271 274 275 277 278 281 282 285 286 290 291 294 295 298 299 302 303 305 306 308 309 312 313 316 317 319 320 323 324 327 328 331 332 334 335 338 339 341 342 345 346 349 350 353 354 357 358 360 361 364 365 368 369 372 373 375 376 379 380 385 386 389 390 393 394 396 397 399 400 404 405 408 409 412 413 415 416 419 420 422 423 429 430 435 436 437 438 439 442 443 446 447 452 453 458 459 464 465 470 471 478 479 486 487 494 495 502 503 510 511 518 519 526 527 532 533 542 543 552 553 562 563 565 571 572 581 582 591 592 601 602 611 612 623 624 631 632 635 641 642 653 654 667 668 681 682 691 692 710 711 6 15 23 28 32 41 45 54 58 66 71 75 83 87 92 96 100 109 113 122 126 130 138 143 147 151 160 164 168 177 181 190 194 203 214 221 228 232 236 243 247 254 258 265 269 273 280 284 288 289 293 297 301 311 315 322 326 330 337 344 348 352 356 363 367 371 378 382 383 384 388 392 402 403 407 411 418 426 427 428 432 433 434 440 441 444 445 448 449 450 451 454 455 456 457 460 461 462 463 466 467 468 469 472 473 474 475 476 477 480 481 482 483 484 485 488 489 490 491 492 493 496 497 498 499 500 501 504 505 506 507 508 509 512 513 514 515 516 517 520 521 522 523 524 525 529 530 531 534 535 536 537 538 539 540 541 544 545 546 547 548 549 550 551 554 555 556 557 558 559 560 561 566 567 568 569 570 573 574 575 576 577 578 579 580 583 584 585 586 587 588 589 590 593 594 595 596 597 598 599 600 603 604 605 606 607 608 609 610 613 614 615 616 617 618 619 620 621 622 626 627 628 629 630 634 636 637 638 639 640 643 644 645 646 647 648 649 650 651 652 655 656 657 658 659 660 661 662 663 664 665 666 669 670 671 672 673 674 675 676 677 678 679 680 684 685 686 687 688 689 690 694 695 696 697 698 699 700 701 702 703 704 705 706 707 708 709 712 2033 2034 2035 2036 2037 2038 2039 2040 2041 2042 2043 2044 2045 2046 2047 2048 2049 2050 2051 2052 2053 2054 2055 2056 2057 2058 2059 2060 2061 2062 2063 2064 2065 2066 2067 2068 2069 2070 2071 2072 2073 2074 2075 2076 2077 2078 2079 2080 2081 2082 2083 2084 2085 2086 2087 2088 2089 2090 2091 2092 2093 2094 2095 2096 2097 2098 2099 2100 2101 2102 2103 2104 2105 2106 2107 2108 2109 2110 2111 2112 2113 2114 2115 2116 2117 2118 2119 2120 2121 2122 2123 2124 2125 2126 2127 2128 2129 2130 2131 2132 2133 2134 2135 2136 2137 2138 2139 2140 2141 2142 2143 2144 2145 2146 2147 2148 2149 2150 2151 2152 2153 2154 2155 2156 2157 2158 2159 2160 2161 2162 2163 2164 2165 2166 2167 2168 2169 2170 2171 2172 2173 2174 2175 2176 2177 2178 2179 2180 2181 2182 2183 2184 2185 2186 2187 2188 2189 2190 2191 2192 2193 2194 2195 2196 2197 2198 2199 2200 2201 2202 2203 2204 2205 2206 2207 2208 2209 2210 2211 2212 2213 2214 2215 2216 2217 2218 2219 2220 2221 2222 2223 2224 2225 2226 2227 2228 2229 2230 2231 2232 2233 2234 2235 2236 2237 2238 2239 2240 2241 2242 2243 2244 2245 2246 2247 2248 2249 2250 2251 2252 2253 2254 2255 2256 2257 2258 2259 2260 2261 2262 2263 2264 2265 2266 2267 2268 2269 2270 2271 2272 2273 2274 2275 2276 2277 2278 2279 2280 2281 2282 2283 2284 2285 2286 2287 2288 2289 2290 2291 2292 2293 2294 2295 2296 2297 2298 2299 2300 2301 2302 2303 2304 2305 2306 2307 2308 2309 2310 2311 2312 2313 2314 2315 2316 2317 2318 2319 2320 0
d 528 287 304 0
d 625 387 381 0
d 564 333 329 0
d 683 431 424 0
d 633 401 395 0
2034 -6 0
-2034 6 0
2035 -15 0
-2035 15 0
2036 -23 0
-2036 23 0
2037 -28 0
-2037 28 0
2038 -32 0
-2038 32 0
2039 -41 0
-2039 41 0
2040 -45 0
-2040 45 0
2041 -54 0
-2041 54 0
2042 -58 0
-2042 58 0
2043 -66 0
-2043 66 0
2044 -71 0
-2044 71 0
2045 -75 0
-2045 75 0
2046 -83 0
-2046 83 0
2047 -87 0
-2047 87 0
2048 -92 0
-2048 92 0
2049 -96 0
-2049 96 0
2050 -100 0
-2050 100 0
2051 -109 0
-2051 109 0
2052 -113 0
-2052 113 0
2053 -122 0
-2053 122 0
2054 -126 0
-2054 126 0
2055 -130 0
-2055 130 0
2056 -138 0
-2056 138 0
2057 -143 0
-2057 143 0
2058 -147 0
-2058 147 0
2059 -151 0
-2059 151 0
2060 -160 0
-2060 160 0
2061 -164 0
-2061 164 0
2062 -168 0
-2062 168 0
2063 -177 0
-2063 177 0
2064 -181 0
-2064 181 0
2065 -190 0
-2065 190 0
2066 -194 0
-2066 194 0
2067 -203 0
-2067 203 0
2068 -214 0
-2068 214 0
2069 -221 0
-2069 221 0
2070 -228 0
-2070 228 0
-2071 -232 0
2071 232 0
2072 -236 0
-2072 236 0
2073 -243 0
-2073 243 0
2074 -247 0
-2074 247 0
2075 -254 0
-2075 254 0
2076 -258 0
-2076 258 0
2077 -265 0
-2077 265 0
2078 -269 0
-2078 269 0
2079 -273 0
-2079 273 0
2080 -280 0
-2080 280 0
2081 -284 0
-2081 284 0
2082 -288 0
-2082 288 0
2083 -289 0
-2083 289 0
2084 -293 0
-2084 293 0
2085 -297 0
-2085 297 0
2086 -301 0
-2086 301 0
2087 -311 0
-2087 311 0
2088 -315 0
-2088 315 0
2089 -322 0
-2089 322 0
2090 -326 0
-2090 326 0
2091 -330 0
-2091 330 0
2092 -337 0
-2092 337 0
2093 -344 0
-2093 344 0
2094 -348 0
-2094 348 0
2095 -352 0
-2095 352 0
2096 -356 0
-2096 356 0
2097 -363 0
-2097 363 0
2098 -367 0
-2098 367 0
2099 -371 0
-2099 371 0
2100 -378 0
-2100 378 0
2101 -382 0
-2101 382 0
2102 -383 0
-2102 383 0
2103 -384 0
-2103 384 0
2104 -388 0
-2104 388 0
2105 -392 0
-2105 392 0
2106 -402 0
-2106 402 0
2107 -403 0
-2107 403 0
2108 -407 0
-2108 407 0
2109 -411 0
-2109 411 0
2110 -418 0
-2110 418 0
2111 -426 0
-2111 426 0
2112 -427 0
-2112 427 0
2113 -428 0
-2113 428 0
2114 -432 0
-2114 432 0
2115 -433 0
-2115 433 0
2116 -434 0
-2116 434 0
2117 -440 0
-2117 440 0
2118 -441 0
-2118 441 0
2119 -444 0
-2119 444 0
2120 -445 0
-2120 445 0
2121 -448 0
-2121 448 0
2122 -449 0
-2122 449 0
2123 -450 0
-2123 450 0
2124 -451 0
-2124 451 0
2125 -454 0
-2125 454 0
2126 -455 0
-2126 455 0
2127 -456 0
-2127 456 0
2128 -457 0
-2128 457 0
2129 -460 0
-2129 460 0
2130 -461 0
-2130 461 0
2131 -462 0
-2131 462 0
2132 -463 0
-2132 463 0
2133 -466 0
-2133 466 0
2134 -467 0
-2134 467 0
2135 -468 0
-2135 468 0
2136 -469 0
-2136 469 0
2137 -472 0
-2137 472 0
2138 -473 0
-2138 473 0
2139 -474 0
-2139 474 0
2140 -475 0
-2140 475 0
2141 -476 0
-2141 476 0
2142 -477 0
-2142 477 0
2143 -480 0
-2143 480 0
2144 -481 0
-2144 481 0
2145 -482 0
-2145 482 0
2146 -483 0
-2146 483 0
2147 -484 0
-2147 484 0
2148 -485 0
-2148 485 0
2149 -488 0
-2149 488 0
2150 -489 0
-2150 489 0
2151 -490 0
-2151 490 0
2152 -491 0
-2152 491 0
2153 -492 0
-2153 492 0
2154 -493 0
-2154 493 0
2155 -496 0
-2155 496 0
2156 -497 0
-2156 497 0
2157 -498 0
-2157 498 0
2158 -499 0
-2158 499 0
2159 -500 0
-2159 500 0
2160 -501 0
-2160 501 0
2161 -504 0
-2161 504 0
2162 -505 0
-2162 505 0
2163 -506 0
-2163 506 0
2164 -507 0
-2164 507 0
2165 -508 0
-2165 508 0
2166 -509 0
-2166 509 0
2167 -512 0
-2167 512 0
2168 -513 0
-2168 513 0
2169 -514 0
-2169 514 0
2170 -515 0
-2170 515 0
2171 -516 0
-2171 516 0
2172 -517 0
-2172 517 0
2173 -520 0
-2173 520 0
2174 -521 0
-2174 521 0
2175 -522 0
-2175 522 0
2176 -523 0
-2176 523 0
2177 -524 0
-2177 524 0
2178 -525 0
-2178 525 0
2179 -529 0
-2179 529 0
2180 -530 0
-2180 530 0
2181 -531 0
-2181 531 0
2182 -534 0
-2182 534 0
2183 -535 0
-2183 535 0
2184 -536 0
-2184 536 0
2185 -537 0
-2185 537 0
2186 -538 0
-2186 538 0
2187 -539 0
-2187 539 0
2188 -540 0
-2188 540 0
2189 -541 0
-2189 541 0
2190 -544 0
-2190 544 0
2191 -545 0
-2191 545 0
2192 -546 0
-2192 546 0
2193 -547 0
-2193 547 0
2194 -548 0
-2194 548 0
2195 -549 0
-2195 549 0
2196 -550 0
-2196 550 0
2197 -551 0
-2197 551 0
2198 -554 0
-2198 554 0
2199 -555 0
-2199 555 0
2200 -556 0
-2200 556 0
2201 -557 0
-2201 557 0
2202 -558 0
-2202 558 0
2203 -559 0
-2203 559 0
2204 -560 0
-2204 560 0
2205 -561 0
-2205 561 0
2206 -566 0
-2206 566 0
2207 -567 0
-2207 567 0
2208 -568 0
-2208 568 0
2209 -569 0
-2209 569 0
2210 -570 0
-2210 570 0
2211 -573 0
-2211 573 0
2212 -574 0
-2212 574 0
2213 -575 0
-2213 575 0
2214 -576 0
-2214 576 0
2215 -577 0
-2215 577 0
2216 -578 0
-2216 578 0
2217 -579 0
-2217 579 0
2218 -580 0
-2218 580 0
2219 -583 0
-2219 583 0
2220 -584 0
-2220 584 0
2221 -585 0
-2221 585 0
2222 -586 0
-2222 586 0
2223 -587 0
-2223 587 0
2224 -588 0
-2224 588 0
2225 -589 0
-2225 589 0
2226 -590 0
-2226 590 0
2227 -593 0
-2227 593 0
2228 -594 0
-2228 594 0
2229 -595 0
-2229 595 0
2230 -596 0
-2230 596 0
2231 -597 0
-2231 597 0
2232 -598 0
-2232 598 0
2233 -599 0
-2233 599 0
2234 -600 0
-2234 600 0
2235 -603 0
-2235 603 0
2236 -604 0
-2236 604 0
2237 -605 0
-2237 605 0
2238 -606 0
-2238 606 0
2239 -607 0
-2239 607 0
2240 -608 0
-2240 608 0
2241 -609 0
-2241 609 0
2242 -610 0
-2242 610 0
2243 -613 0
-2243 613 0
2244 -614 0
-2244 614 0
2245 -615 0
-2245 615 0
2246 -616 0
-2246 616 0
2247 -617 0
-2247 617 0
2248 -618 0
-2248 618 0
2249 -619 0
-2249 619 0
2250 -620 0
-2250 620 0
2251 -621 0
-2251 621 0
2252 -622 0
-2252 622 0
2253 -626 0
-2253 626 0
2254 -627 0
-2254 627 0
2255 -628 0
-2255 628 0
2256 -629 0
-2256 629 0
2257 -630 0
-2257 630 0
2258 -634 0
-2258 634 0
2259 -636 0
-2259 636 0
2260 -637 0
-2260 637 0
2261 -638 0
-2261 638 0
2262 -639 0
-2262 639 0
2263 -640 0
-2263 640 0
2264 -643 0
-2264 643 0
2265 -644 0
-2265 644 0
2266 -645 0
-2266 645 0
2267 -646 0
-2267 646 0
2268 -647 0
-2268 647 0
2269 -648 0
-2269 648 0
2270 -649 0
-2270 649 0
2271 -650 0
-2271 650 0
2272 -651 0
-2272 651 0
2273 -652 0
-2273 652 0
2274 -655 0
-2274 655 0
2275 -656 0
-2275 656 0
2276 -657 0
-2276 657 0
2277 -658 0
-2277 658 0
2278 -659 0
-2278 659 0
2279 -660 0
-2279 660 0
2280 -661 0
-2280 661 0
2281 -662 0
-2281 662 0
2282 -663 0
-2282 663 0
2283 -664 0
-2283 664 0
2284 -665 0
-2284 665 0
2285 -666 0
-2285 666 0
2286 -669 0
-2286 669 0
2287 -670 0
-2287 670 0
2288 -671 0
-2288 671 0
2289 -672 0
-2289 672 0
2290 -673 0
-2290 673 0
2291 -674 0
-2291 674 0
2292 -675 0
-2292 675 0
2293 -676 0
-2293 676 0
2294 -677 0
-2294 677 0
2295 -678 0
-2295 678 0
2296 -679 0
-2296 679 0
2297 -680 0
-2297 680 0
2298 -684 0
-2298 684 0
2299 -685 0
-2299 685 0
2300 -686 0
-2300 686 0
2301 -687 0
-2301 687 0
2302 -688 0
-2302 688 0
2303 -689 0
-2303 689 0
2304 -690 0
-2304 690 0
2305 -694 0
-2305 694 0
2306 -695 0
-2306 695 0
2307 -696 0
-2307 696 0
2308 -697 0
-2308 697 0
2309 -698 0
-2309 698 0
2310 -699 0
-2310 699 0
2311 -700 0
-2311 700 0
2312 -701 0
-2312 701 0
2313 -702 0
-2313 702 0
2314 -703 0
-2314 703 0
2315 -704 0
-2315 704 0
2316 -705 0
-2316 705 0
2317 -706 0
-2317 706 0
2318 -707 0
-2318 707 0
2319 -708 0
-2319 708 0
2320 -709 0
-2320 709 0
2033 -712 0
-2033 712 0
712 0
-712 436 711 0
-436 430 -435 0
-430 423 -429 0
-423 420 -422 0
-420 416 -419 0
-416 413 -415 0
-413 409 -412 0
-409 405 -408 0
-405 400 -404 0
-400 397 -399 0
-397 394 -396 0
-394 390 -393 0
-390 386 -389 0
-386 380 -385 0
-380 376 -379 0
-376 373 -375 0
-373 369 -372 0
-369 365 -368 0
-365 361 -364 0
-361 358 -360 0
-358 354 -357 0
-354 350 -353 0
-350 346 -349 0
-346 342 -345 0
-342 339 -341 0
-339 335 -338 0
-335 332 -334 0
-332 328 -331 0
-328 324 -327 0
-324 320 -323 0
-320 317 -319 0
-317 313 -316 0
-313 309 -312 0
-309 306 -308 0
-306 303 -305 0
-303 299 -302 0
-299 295 -298 0
-295 291 -294 0
-291 286 -290 0
-286 282 -285 0
-282 278 -281 0
-278 275 -277 0
-275 271 -274 0
-271 267 -270 0
-267 263 -266 0
-263 260 -262 0
-260 256 -259 0
-256 252 -255 0
-252 249 -251 0
-249 245 -248 0
-245 241 -244 0
-241 238 -240 0
-238 234 -237 0
-234 230 -233 0
-230 226 -229 0
-226 223 -225 0
-223 219 -222 0
-219 216 -218 0
-216 212 -215 0
-212 209 -211 0
-209 205 -208 0
-205 200 -204 0
-200 196 -199 0
-196 192 -195 0
-192 187 -191 0
-187 183 -186 0
-183 179 -182 0
-179 174 -178 0
-174 170 -173 0
-170 166 -169 0
-166 162 -165 0
-162 157 -161 0
-157 153 -156 0
-153 149 -152 0
-149 145 -148 0
-145 140 -144 0
-140 136 -139 0
-136 132 -135 0
-132 128 -131 0
-128 124 -127 0
-124 119 -123 0
-119 115 -118 0
-115 111 -114 0
-111 106 -110 0
-106 102 -105 0
-102 98 -101 0
-98 94 -97 0
-94 89 -93 0
-89 85 -88 0
-85 81 -84 0
-81 77 -80 0
-77 73 -76 0
-73 68 -72 0
-68 64 -67 0
-64 60 -63 0
-60 56 -59 0
-56 51 -55 0
-51 47 -50 0
-47 43 -46 0
-43 38 -42 0
-38 34 -37 0
-34 30 -33 0
-30 25 -29 0
-25 21 -24 0
-21 17 -20 0
-17 12 -16 0
-12 8 -11 0
-8 -3 -7 0
1 -2 3 0
-1 2 3 0
4 6 7 0
-4 -6 7 0
-1 5 6 0
-6 1 0
-6 -5 0
9 -10 11 0
-9 10 11 0
13 15 16 0
-13 -15 16 0
-9 14 15 0
-15 9 0
-15 -14 0
18 -19 20 0
-18 19 20 0
22 23 24 0
-22 -23 24 0
-4 -13 23 0
-23 4 0
-23 13 0
26 28 29 0
-26 -28 29 0
-18 27 28 0
-28 18 0
-28 -27 0
31 32 33 0
-31 -32 33 0
-13 -26 32 0
-32 13 0
-32 26 0
35 -36 37 0
-35 36 37 0
39 41 42 0
-39 -41 42 0
-35 40 41 0
-41 35 0
-41 -40 0
44 45 46 0
-44 -45 46 0
-26 -39 45 0
-45 26 0
-45 39 0
48 -49 50 0
-48 49 50 0
52 54 55 0
-52 -54 55 0
-48 53 54 0
-54 48 0
-54 -53 0
57 58 59 0
-57 -58 59 0
-39 -52 58 0
-58 39 0
-58 52 0
61 -62 63 0
-61 62 63 0
65 66 67 0
-65 -66 67 0
-22 -44 66 0
-66 22 0
-66 44 0
69 71 72 0
-69 -71 72 0
-61 70 71 0
-71 61 0
-71 -70 0
74 75 76 0
-74 -75 76 0
-31 -57 75 0
-75 31 0
-75 57 0
78 -79 80 0
-78 79 80 0
82 83 84 0
-82 -83 84 0
-52 -69 83 0
-83 52 0
-83 69 0
86 87 88 0
-86 -87 88 0
-44 -82 87 0
-87 44 0
-87 82 0
90 92 93 0
-90 -92 93 0
-78 91 92 0
-92 78 0
-92 -91 0
95 96 97 0
-95 -96 97 0
-69 -90 96 0
-96 69 0
-96 90 0
99 100 101 0
-99 -100 101 0
-57 -95 100 0
-100 57 0
-100 95 0
103 -104 105 0
-103 104 105 0
107 109 110 0
-107 -109 110 0
-103 108 109 0
-109 103 0
-109 -108 0
112 113 114 0
-112 -113 114 0
-90 -107 113 0
-113 90 0
-113 107 0
116 -117 118 0
-116 117 118 0
120 122 123 0
-120 -122 123 0
-116 121 122 0
-122 116 0
-122 -121 0
125 126 127 0
-125 -126 127 0
-107 -120 126 0
-126 107 0
-126 120 0
129 130 131 0
-129 -130 131 0
-82 -112 130 0
-130 82 0
-130 112 0
133 -134 135 0
-133 134 135 0
137 138 139 0
-137 -138 139 0
-95 -125 138 0
-138 95 0
-138 125 0
141 143 144 0
-141 -143 144 0
-133 142 143 0
-143 133 0
-143 -142 0
146 147 148 0
-146 -147 148 0
-120 -141 147 0
-147 120 0
-147 141 0
150 151 152 0
-150 -151 152 0
-112 -146 151 0
-151 112 0
-151 146 0
154 -155 156 0
-154 155 156 0
158 160 161 0
-158 -160 161 0
-154 159 160 0
-160 154 0
-160 -159 0
163 164 165 0
-163 -164 165 0
-141 -158 164 0
-164 141 0
-164 158 0
167 168 169 0
-167 -168 169 0
-125 -163 168 0
-168 125 0
-168 163 0
171 -172 173 0
-171 172 173 0
175 177 178 0
-175 -177 178 0
-171 176 177 0
-177 171 0
-177 -176 0
180 181 182 0
-180 -181 182 0
-158 -175 181 0
-181 158 0
-181 175 0
184 -185 186 0
-184 185 186 0
188 190 191 0
-188 -190 191 0
-184 189 190 0
-190 184 0
-190 -189 0
193 194 195 0
-193 -194 195 0
-175 -188 194 0
-194 175 0
-194 188 0
197 -198 199 0
-197 198 199 0
201 203 204 0
-201 -203 204 0
-197 202 203 0
-203 197 0
-203 -202 0
206 -207 208 0
-206 207 208 0
210 -2 211 0
-210 2 211 0
213 214 215 0
-213 -214 215 0
-210 5 214 0
-214 210 0
-214 -5 0
217 -10 218 0
-217 10 218 0
220 221 222 0
-220 -221 222 0
-217 14 221 0
-221 217 0
-221 -14 0
224 -19 225 0
-224 19 225 0
227 228 229 0
-227 -228 229 0
-213 -220 228 0
-228 213 0
-228 220 0
231 232 233 0
-231 -232 233 0
-224 -27 232 0
224 27 232 0
-224 27 232 0
-232 224 -27 0
235 236 237 0
-235 -236 237 0
-220 -231 236 0
-236 220 0
-236 231 0
239 -36 240 0
-239 36 240 0
242 243 244 0
-242 -243 244 0
-239 40 243 0
-243 239 0
-243 -40 0
246 247 248 0
-246 -247 248 0
-231 -242 247 0
-247 231 0
-247 242 0
250 -49 251 0
-250 49 251 0
253 254 255 0
-253 -254 255 0
-250 53 254 0
-254 250 0
-254 -53 0
257 258 259 0
-257 -258 259 0
-242 -253 258 0
-258 242 0
-258 253 0
261 -62 262 0
-261 62 262 0
264 265 266 0
-264 -265 266 0
-227 -246 265 0
-265 227 0
-265 246 0
268 269 270 0
-268 -269 270 0
-261 70 269 0
-269 261 0
-269 -70 0
272 273 274 0
-272 -273 274 0
-235 -257 273 0
-273 235 0
-273 257 0
276 -79 277 0
-276 79 277 0
279 280 281 0
-279 -280 281 0
-253 -268 280 0
-280 253 0
-280 268 0
283 284 285 0
-283 -284 285 0
-246 -279 284 0
-284 246 0
-284 279 0
287 289 290 0
-287 -289 290 0
-288 -235 289 0
-104 -213 288 0
-289 288 0
-289 235 0
-288 104 0
-288 213 0
292 293 294 0
-292 -293 294 0
-276 91 293 0
-293 276 0
-293 -91 0
296 297 298 0
-296 -297 298 0
-268 -292 297 0
-297 268 0
-297 292 0
300 301 302 0
-300 -301 302 0
-257 -296 301 0
-301 257 0
-301 296 0
304 300 305 0
-304 -300 305 0
307 -104 308 0
-307 104 308 0
310 311 312 0
-310 -311 312 0
-307 108 311 0
-311 307 0
-311 -108 0
314 315 316 0
-314 -315 316 0
-292 -310 315 0
-315 292 0
-315 310 0
318 -117 319 0
-318 117 319 0
321 322 323 0
-321 -322 323 0
-318 121 322 0
-322 318 0
-322 -121 0
325 326 327 0
-325 -326 327 0
-310 -321 326 0
-326 310 0
-326 321 0
329 330 331 0
-329 -330 331 0
-134 -213 330 0
-330 134 0
-330 213 0
333 235 334 0
-333 -235 334 0
336 337 338 0
-336 -337 338 0
-279 -314 337 0
-337 279 0
-337 314 0
340 -134 341 0
-340 134 341 0
343 344 345 0
-343 -344 345 0
-296 -325 344 0
-344 296 0
-344 325 0
347 348 349 0
-347 -348 349 0
-340 142 348 0
-348 340 0
-348 -142 0
351 352 353 0
-351 -352 353 0
-321 -347 352 0
-352 321 0
-352 347 0
355 356 357 0
-355 -356 357 0
-314 -351 356 0
-356 314 0
-356 351 0
359 -155 360 0
-359 155 360 0
362 363 364 0
-362 -363 364 0
-359 159 363 0
-363 359 0
-363 -159 0
366 367 368 0
-366 -367 368 0
-347 -362 367 0
-367 347 0
-367 362 0
370 371 372 0
-370 -371 372 0
-325 -366 371 0
-371 325 0
-371 366 0
374 -172 375 0
-374 172 375 0
377 378 379 0
-377 -378 379 0
-374 176 378 0
-378 374 0
-378 -176 0
381 384 385 0
-381 -384 385 0
-366 -383 384 0
-377 -382 383 0
-185 -213 382 0
-384 366 0
-384 383 0
-383 377 0
-383 382 0
-382 185 0
-382 213 0
387 388 389 0
-387 -388 389 0
-272 -343 388 0
-388 272 0
-388 343 0
391 392 393 0
-391 -392 393 0
-362 -377 392 0
-392 362 0
-392 377 0
395 391 396 0
-395 -391 396 0
398 -185 399 0
-398 185 399 0
401 403 404 0
-401 -403 404 0
-402 -227 403 0
-398 -189 402 0
-403 402 0
-403 227 0
-402 398 0
-402 189 0
406 407 408 0
-406 -407 408 0
-398 189 407 0
-407 398 0
-407 -189 0
410 411 412 0
-410 -411 412 0
-377 -406 411 0
-411 377 0
-411 406 0
414 -198 415 0
-414 198 415 0
417 418 419 0
-417 -418 419 0
-414 202 418 0
-418 414 0
-418 -202 0
421 -207 422 0
-421 207 422 0
424 428 429 0
-424 -428 429 0
-427 -283 428 0
-426 -227 427 0
-421 -425 426 0
-428 427 0
-428 283 0
-427 426 0
-427 227 0
-426 421 0
-426 425 0
431 434 435 0
-431 -434 435 0
-355 -433 434 0
-391 -432 433 0
-406 -417 432 0
-434 355 0
-434 433 0
-433 391 0
-433 432 0
-432 406 0
-432 417 0
-711 692 0
-711 710 0
-692 682 0
-692 691 0
-682 668 0
-682 681 0
-668 654 0
-668 667 0
-654 642 0
-654 653 0
-642 632 0
-642 641 0
-632 624 0
-632 631 0
-624 612 0
-624 623 0
-612 602 0
-612 611 0
-602 592 0
-602 601 0
-592 582 0
-592 591 0
-582 572 0
-582 581 0
-572 563 0
-572 571 0
-563 553 0
-563 562 0
-553 543 0
-553 552 0
-543 533 0
-543 542 0
-533 527 0
-533 532 0
-527 519 0
-527 526 0
-519 511 0
-519 518 0
-511 503 0
-511 510 0
-503 495 0
-503 502 0
-495 487 0
-495 494 0
-487 479 0
-487 486 0
-479 471 0
-479 478 0
-471 465 0
-471 470 0
-465 459 0
-465 464 0
-459 453 0
-459 458 0
-453 447 0
-453 452 0
-447 443 0
-447 446 0
-443 439 0
-443 442 0
-439 437 0
-439 438 0
-437 -2 2 0
-437 2 -2 0
-438 -2 2 0
-438 2 -2 0
-442 -440 441 0
-442 440 -441 0
-440 210 0
-440 5 0
-441 1 0
-441 5 0
-210 -5 440 0
-1 -5 441 0
-446 -444 445 0
-446 444 -445 0
-444 10 0
-444 213 0
-445 10 0
-445 4 0
-10 -213 444 0
-10 -4 445 0
-452 -449 451 0
-452 449 -451 0
-449 213 0
-449 448 0
-448 217 0
-448 14 0
-451 4 0
-451 450 0
-450 9 0
-450 14 0
-213 -448 449 0
-217 -14 448 0
-4 -450 451 0
-9 -14 450 0
-458 -455 457 0
-458 455 -457 0
-455 220 0
-455 454 0
-454 19 0
-454 213 0
-457 13 0
-457 456 0
-456 19 0
-456 4 0
-220 -454 455 0
-19 -213 454 0
-13 -456 457 0
-19 -4 456 0
-464 -461 463 0
-464 461 -463 0
-461 460 0
-461 227 0
-460 224 0
-460 27 0
-463 462 0
-463 22 0
-462 18 0
-462 27 0
-460 -227 461 0
-224 -27 460 0
-462 -22 463 0
-18 -27 462 0
-470 -467 469 0
-470 467 -469 0
-467 466 0
-467 235 0
-466 36 0
-466 213 0
-469 468 0
-469 31 0
-468 36 0
-468 4 0
-466 -235 467 0
-36 -213 466 0
-468 -31 469 0
-36 -4 468 0
-478 -474 477 0
-478 474 -477 0
-474 227 0
-474 473 0
-473 231 0
-473 472 0
-472 239 0
-472 40 0
-477 22 0
-477 476 0
-476 26 0
-476 475 0
-475 35 0
-475 40 0
-227 -473 474 0
-231 -472 473 0
-239 -40 472 0
-22 -476 477 0
-26 -475 476 0
-35 -40 475 0
-486 -482 485 0
-486 482 -485 0
-482 235 0
-482 481 0
-481 242 0
-481 480 0
-480 49 0
-480 213 0
-485 31 0
-485 484 0
-484 39 0
-484 483 0
-483 49 0
-483 4 0
-235 -481 482 0
-242 -480 481 0
-49 -213 480 0
-31 -484 485 0
-39 -483 484 0
-49 -4 483 0
-494 -490 493 0
-494 490 -493 0
-490 246 0
-490 489 0
-489 488 0
-489 227 0
-488 250 0
-488 53 0
-493 44 0
-493 492 0
-492 491 0
-492 22 0
-491 48 0
-491 53 0
-246 -489 490 0
-488 -227 489 0
-250 -53 488 0
-44 -492 493 0
-491 -22 492 0
-48 -53 491 0
-502 -498 501 0
-502 498 -501 0
-498 257 0
-498 497 0
-497 496 0
-497 235 0
-496 62 0
-496 213 0
-501 57 0
-501 500 0
-500 499 0
-500 31 0
-499 62 0
-499 4 0
-257 -497 498 0
-496 -235 497 0
-62 -213 496 0
-57 -500 501 0
-499 -31 500 0
-62 -4 499 0
-510 -506 509 0
-510 506 -509 0
-506 505 0
-506 264 0
-505 253 0
-505 504 0
-504 261 0
-504 70 0
-509 508 0
-509 65 0
-508 52 0
-508 507 0
-507 61 0
-507 70 0
-505 -264 506 0
-253 -504 505 0
-261 -70 504 0
-508 -65 509 0
-52 -507 508 0
-61 -70 507 0
-518 -514 517 0
-518 514 -517 0
-514 513 0
-514 272 0
-513 268 0
-513 512 0
-512 79 0
-512 213 0
-517 516 0
-517 74 0
-516 69 0
-516 515 0
-515 79 0
-515 4 0
-513 -272 514 0
-268 -512 513 0
-79 -213 512 0
-516 -74 517 0
-69 -515 516 0
-79 -4 515 0
-526 -522 525 0
-526 522 -525 0
-522 521 0
-522 283 0
-521 520 0
-521 227 0
-520 276 0
-520 91 0
-525 524 0
-525 86 0
-524 523 0
-524 22 0
-523 78 0
-523 91 0
-521 -283 522 0
-520 -227 521 0
-276 -91 520 0
-524 -86 525 0
-523 -22 524 0
-78 -91 523 0
-532 -528 531 0
-532 528 -531 0
-531 530 0
-531 99 0
-530 529 0
-530 31 0
-529 104 0
-529 4 0
-530 -99 531 0
-529 -31 530 0
-104 -4 529 0
-542 -537 541 0
-542 537 -541 0
-537 264 0
-537 536 0
-536 279 0
-536 535 0
-535 292 0
-535 534 0
-534 307 0
-534 108 0
-541 65 0
-541 540 0
-540 82 0
-540 539 0
-539 90 0
-539 538 0
-538 103 0
-538 108 0
-264 -536 537 0
-279 -535 536 0
-292 -534 535 0
-307 -108 534 0
-65 -540 541 0
-82 -539 540 0
-90 -538 539 0
-103 -108 538 0
-552 -547 551 0
-552 547 -551 0
-547 272 0
-547 546 0
-546 296 0
-546 545 0
-545 310 0
-545 544 0
-544 117 0
-544 213 0
-551 74 0
-551 550 0
-550 95 0
-550 549 0
-549 107 0
-549 548 0
-548 117 0
-548 4 0
-272 -546 547 0
-296 -545 546 0
-310 -544 545 0
-117 -213 544 0
-74 -550 551 0
-95 -549 550 0
-107 -548 549 0
-117 -4 548 0
-562 -557 561 0
-562 557 -561 0
-557 283 0
-557 556 0
-556 314 0
-556 555 0
-555 554 0
-555 227 0
-554 318 0
-554 121 0
-561 86 0
-561 560 0
-560 112 0
-560 559 0
-559 558 0
-559 22 0
-558 116 0
-558 121 0
-283 -556 557 0
-314 -555 556 0
-554 -227 555 0
-318 -121 554 0
-86 -560 561 0
-112 -559 560 0
-558 -22 559 0
-116 -121 558 0
-571 -566 570 0
-571 566 -570 0
-566 300 0
-566 565 0
-565 325 0
-565 564 0
-570 99 0
-570 569 0
-569 125 0
-569 568 0
-568 567 0
-568 31 0
-567 134 0
-567 4 0
-300 -565 566 0
-325 -564 565 0
-99 -569 570 0
-125 -568 569 0
-567 -31 568 0
-134 -4 567 0
-581 -576 580 0
-581 576 -580 0
-576 336 0
-576 575 0
-575 574 0
-575 264 0
-574 321 0
-574 573 0
-573 340 0
-573 142 0
-580 129 0
-580 579 0
-579 578 0
-579 65 0
-578 120 0
-578 577 0
-577 133 0
-577 142 0
-336 -575 576 0
-574 -264 575 0
-321 -573 574 0
-340 -142 573 0
-129 -579 580 0
-578 -65 579 0
-120 -577 578 0
-133 -142 577 0
-591 -586 590 0
-591 586 -590 0
-586 343 0
-586 585 0
-585 584 0
-585 272 0
-584 347 0
-584 583 0
-583 155 0
-583 213 0
-590 137 0
-590 589 0
-589 588 0
-589 74 0
-588 141 0
-588 587 0
-587 155 0
-587 4 0
-343 -585 586 0
-584 -272 585 0
-347 -583 584 0
-155 -213 583 0
-137 -589 590 0
-588 -74 589 0
-141 -587 588 0
-155 -4 587 0
-601 -596 600 0
-601 596 -600 0
-596 355 0
-596 595 0
-595 594 0
-595 283 0
-594 593 0
-594 227 0
-593 359 0
-593 159 0
-600 150 0
-600 599 0
-599 598 0
-599 86 0
-598 597 0
-598 22 0
-597 154 0
-597 159 0
-355 -595 596 0
-594 -283 595 0
-593 -227 594 0
-359 -159 593 0
-150 -599 600 0
-598 -86 599 0
-597 -22 598 0
-154 -159 597 0
-611 -606 610 0
-611 606 -610 0
-606 370 0
-606 605 0
-605 604 0
-605 300 0
-604 603 0
-604 235 0
-603 172 0
-603 213 0
-610 167 0
-610 609 0
-609 608 0
-609 99 0
-608 607 0
-608 31 0
-607 172 0
-607 4 0
-370 -605 606 0
-604 -300 605 0
-603 -235 604 0
-172 -213 603 0
-167 -609 610 0
-608 -99 609 0
-607 -31 608 0
-172 -4 607 0
-623 -617 622 0
-623 617 -622 0
-617 615 0
-617 616 0
-615 351 0
-615 614 0
-614 362 0
-614 613 0
-613 374 0
-613 176 0
-616 264 0
-616 336 0
-622 620 0
-622 621 0
-620 146 0
-620 619 0
-619 158 0
-619 618 0
-618 171 0
-618 176 0
-621 65 0
-621 129 0
-615 -616 617 0
-351 -614 615 0
-362 -613 614 0
-374 -176 613 0
-264 -336 616 0
-620 -621 622 0
-146 -619 620 0
-158 -618 619 0
-171 -176 618 0
-65 -129 621 0
-631 -625 630 0
-631 625 -630 0
-630 628 0
-630 629 0
-628 163 0
-628 627 0
-627 175 0
-627 626 0
-626 185 0
-626 4 0
-629 74 0
-629 137 0
-628 -629 630 0
-163 -627 628 0
-175 -626 627 0
-185 -4 626 0
-74 -137 629 0
-641 -635 640 0
-641 635 -640 0
-635 633 0
-635 634 0
-634 283 0
-634 355 0
-640 638 0
-640 639 0
-638 180 0
-638 637 0
-637 636 0
-637 22 0
-636 184 0
-636 189 0
-639 86 0
-639 150 0
-633 -634 635 0
-283 -355 634 0
-638 -639 640 0
-180 -637 638 0
-636 -22 637 0
-184 -189 636 0
-86 -150 639 0
-653 -647 652 0
-653 647 -652 0
-647 645 0
-647 646 0
-645 410 0
-645 644 0
-644 643 0
-644 235 0
-643 198 0
-643 213 0
-646 300 0
-646 370 0
-652 650 0
-652 651 0
-650 193 0
-650 649 0
-649 648 0
-649 31 0
-648 198 0
-648 4 0
-651 99 0
-651 167 0
-645 -646 647 0
-410 -644 645 0
-643 -235 644 0
-198 -213 643 0
-300 -370 646 0
-650 -651 652 0
-193 -649 650 0
-648 -31 649 0
-198 -4 648 0
-99 -167 651 0
-667 -660 666 0
-667 660 -666 0
-660 657 0
-660 659 0
-657 656 0
-657 264 0
-656 406 0
-656 655 0
-655 414 0
-655 202 0
-659 336 0
-659 658 0
-658 351 0
-658 391 0
-666 663 0
-666 665 0
-663 662 0
-663 65 0
-662 188 0
-662 661 0
-661 197 0
-661 202 0
-665 129 0
-665 664 0
-664 146 0
-664 180 0
-657 -659 660 0
-656 -264 657 0
-406 -655 656 0
-414 -202 655 0
-336 -658 659 0
-351 -391 658 0
-663 -665 666 0
-662 -65 663 0
-188 -661 662 0
-197 -202 661 0
-129 -664 665 0
-146 -180 664 0
-681 -674 680 0
-681 674 -680 0
-674 671 0
-674 673 0
-671 670 0
-671 272 0
-670 417 0
-670 669 0
-669 207 0
-669 213 0
-673 343 0
-673 672 0
-672 366 0
-672 410 0
-680 677 0
-680 679 0
-677 676 0
-677 74 0
-676 201 0
-676 675 0
-675 207 0
-675 4 0
-679 137 0
-679 678 0
-678 163 0
-678 193 0
-671 -673 674 0
-670 -272 671 0
-417 -669 670 0
-207 -213 669 0
-343 -672 673 0
-366 -410 672 0
-677 -679 680 0
-676 -74 677 0
-201 -675 676 0
-207 -4 675 0
-137 -678 679 0
-163 -193 678 0
-691 -683 690 0
-691 683 -690 0
-690 686 0
-690 689 0
-686 685 0
-686 86 0
-685 684 0
-685 22 0
-684 206 0
-684 425 0
-689 150 0
-689 688 0
-688 180 0
-688 687 0
-687 188 0
-687 201 0
-686 -689 690 0
-685 -86 686 0
-684 -22 685 0
-206 -425 684 0
-150 -688 689 0
-180 -687 688 0
-188 -201 687 0
-710 -701 709 0
-710 701 -709 0
-701 696 0
-701 700 0
-696 695 0
-696 300 0
-695 694 0
-695 235 0
-694 693 0
-694 213 0
-700 370 0
-700 699 0
-699 410 0
-699 698 0
-698 417 0
-698 697 0
-697 421 0
-697 -425 0
-709 704 0
-709 708 0
-704 703 0
-704 99 0
-703 702 0
-703 31 0
-702 693 0
-702 4 0
-708 167 0
-708 707 0
-707 193 0
-707 706 0
-706 201 0
-706 705 0
-705 206 0
-705 -425 0
-696 -700 701 0
-695 -300 696 0
-694 -235 695 0
-693 -213 694 0
-370 -699 700 0
-410 -698 699 0
-417 -697 698 0
-421 425 697 0
-704 -708 709 0
-703 -99 704 0
-702 -31 703 0
-693 -4 702 0
-167 -707 708 0
-193 -706 707 0
-201 -705 706 0
-206 425 705 0
2033 0
1 -2034 0
-5 -2034 0
-1 5 2034 0
9 -2035 0
-14 -2035 0
-9 14 2035 0
13 -2036 0
4 -2036 0
-13 -4 2036 0
18 -2037 0
-27 -2037 0
-18 27 2037 0
26 -2038 0
13 -2038 0
-26 -13 2038 0
35 -2039 0
-40 -2039 0
-35 40 2039 0
39 -2040 0
26 -2040 0
-39 -26 2040 0
48 -2041 0
-53 -2041 0
-48 53 2041 0
52 -2042 0
39 -2042 0
-52 -39 2042 0
44 -2043 0
22 -2043 0
-44 -22 2043 0
61 -2044 0
-70 -2044 0
-61 70 2044 0
57 -2045 0
31 -2045 0
-57 -31 2045 0
69 -2046 0
52 -2046 0
-69 -52 2046 0
44 -2047 0
82 -2047 0
-44 -82 2047 0
78 -2048 0
-91 -2048 0
-78 91 2048 0
69 -2049 0
90 -2049 0
-69 -90 2049 0
57 -2050 0
95 -2050 0
-57 -95 2050 0
-108 -2051 0
103 -2051 0
108 -103 2051 0
107 -2052 0
90 -2052 0
-107 -90 2052 0
-121 -2053 0
116 -2053 0
121 -116 2053 0
107 -2054 0
120 -2054 0
-107 -120 2054 0
112 -2055 0
82 -2055 0
-112 -82 2055 0
95 -2056 0
125 -2056 0
-95 -125 2056 0
-142 -2057 0
133 -2057 0
142 -133 2057 0
141 -2058 0
120 -2058 0
-141 -120 2058 0
112 -2059 0
146 -2059 0
-112 -146 2059 0
-159 -2060 0
154 -2060 0
159 -154 2060 0
158 -2061 0
141 -2061 0
-158 -141 2061 0
125 -2062 0
163 -2062 0
-125 -163 2062 0
-176 -2063 0
171 -2063 0
176 -171 2063 0
158 -2064 0
175 -2064 0
-158 -175 2064 0
-189 -2065 0
184 -2065 0
189 -184 2065 0
188 -2066 0
175 -2066 0
-188 -175 2066 0
-202 -2067 0
197 -2067 0
202 -197 2067 0
-5 -2068 0
210 -2068 0
5 -210 2068 0
-14 -2069 0
217 -2069 0
14 -217 2069 0
220 -2070 0
213 -2070 0
-220 -213 2070 0
27 -2071 0
-224 -2071 0
-27 224 2071 0
220 -2072 0
231 -2072 0
-220 -231 2072 0
-40 -2073 0
239 -2073 0
40 -239 2073 0
231 -2074 0
242 -2074 0
-231 -242 2074 0
250 -2075 0
-53 -2075 0
-250 53 2075 0
253 -2076 0
242 -2076 0
-253 -242 2076 0
246 -2077 0
227 -2077 0
-246 -227 2077 0
-70 -2078 0
261 -2078 0
70 -261 2078 0
257 -2079 0
235 -2079 0
-257 -235 2079 0
253 -2080 0
268 -2080 0
-253 -268 2080 0
246 -2081 0
279 -2081 0
-246 -279 2081 0
104 -2082 0
213 -2082 0
-104 -213 2082 0
235 -2083 0
288 -2083 0
-235 -288 2083 0
-91 -2084 0
276 -2084 0
91 -276 2084 0
268 -2085 0
292 -2085 0
-268 -292 2085 0
257 -2086 0
296 -2086 0
-257 -296 2086 0
-108 -2087 0
307 -2087 0
108 -307 2087 0
292 -2088 0
310 -2088 0
-292 -310 2088 0
-121 -2089 0
318 -2089 0
121 -318 2089 0
321 -2090 0
310 -2090 0
-321 -310 2090 0
134 -2091 0
213 -2091 0
-134 -213 2091 0
314 -2092 0
279 -2092 0
-314 -279 2092 0
325 -2093 0
296 -2093 0
-325 -296 2093 0
340 -2094 0
-142 -2094 0
-340 142 2094 0
321 -2095 0
347 -2095 0
-321 -347 2095 0
351 -2096 0
314 -2096 0
-351 -314 2096 0
359 -2097 0
-159 -2097 0
-359 159 2097 0
362 -2098 0
347 -2098 0
-362 -347 2098 0
325 -2099 0
366 -2099 0
-325 -366 2099 0
374 -2100 0
-176 -2100 0
-374 176 2100 0
185 -2101 0
213 -2101 0
-185 -213 2101 0
377 -2102 0
382 -2102 0
-377 -382 2102 0
366 -2103 0
383 -2103 0
-366 -383 2103 0
343 -2104 0
272 -2104 0
-343 -272 2104 0
362 -2105 0
377 -2105 0
-362 -377 2105 0
398 -2106 0
189 -2106 0
-398 -189 2106 0
227 -2107 0
402 -2107 0
-227 -402 2107 0
398 -2108 0
-189 -2108 0
-398 189 2108 0
377 -2109 0
406 -2109 0
-377 -406 2109 0
-202 -2110 0
414 -2110 0
202 -414 2110 0
425 -2111 0
421 -2111 0
-425 -421 2111 0
227 -2112 0
426 -2112 0
-227 -426 2112 0
283 -2113 0
427 -2113 0
-283 -427 2113 0
406 -2114 0
417 -2114 0
-406 -417 2114 0
391 -2115 0
432 -2115 0
-391 -432 2115 0
355 -2116 0
433 -2116 0
-355 -433 2116 0
5 -2117 0
210 -2117 0
-5 -210 2117 0
1 -2118 0
5 -2118 0
-1 -5 2118 0
10 -2119 0
213 -2119 0
-10 -213 2119 0
4 -2120 0
10 -2120 0
-4 -10 2120 0
14 -2121 0
217 -2121 0
-14 -217 2121 0
213 -2122 0
448 -2122 0
-213 -448 2122 0
9 -2123 0
14 -2123 0
-9 -14 2123 0
4 -2124 0
450 -2124 0
-4 -450 2124 0
19 -2125 0
213 -2125 0
-19 -213 2125 0
220 -2126 0
454 -2126 0
-220 -454 2126 0
4 -2127 0
19 -2127 0
-4 -19 2127 0
13 -2128 0
456 -2128 0
-13 -456 2128 0
27 -2129 0
224 -2129 0
-27 -224 2129 0
227 -2130 0
460 -2130 0
-227 -460 2130 0
18 -2131 0
27 -2131 0
-18 -27 2131 0
22 -2132 0
462 -2132 0
-22 -462 2132 0
36 -2133 0
213 -2133 0
-36 -213 2133 0
235 -2134 0
466 -2134 0
-235 -466 2134 0
4 -2135 0
36 -2135 0
-4 -36 2135 0
31 -2136 0
468 -2136 0
-31 -468 2136 0
40 -2137 0
239 -2137 0
-40 -239 2137 0
231 -2138 0
472 -2138 0
-231 -472 2138 0
227 -2139 0
473 -2139 0
-227 -473 2139 0
35 -2140 0
40 -2140 0
-35 -40 2140 0
26 -2141 0
475 -2141 0
-26 -475 2141 0
22 -2142 0
476 -2142 0
-22 -476 2142 0
49 -2143 0
213 -2143 0
-49 -213 2143 0
242 -2144 0
480 -2144 0
-242 -480 2144 0
235 -2145 0
481 -2145 0
-235 -481 2145 0
4 -2146 0
49 -2146 0
-4 -49 2146 0
39 -2147 0
483 -2147 0
-39 -483 2147 0
31 -2148 0
484 -2148 0
-31 -484 2148 0
250 -2149 0
53 -2149 0
-250 -53 2149 0
227 -2150 0
488 -2150 0
-227 -488 2150 0
246 -2151 0
489 -2151 0
-246 -489 2151 0
48 -2152 0
53 -2152 0
-48 -53 2152 0
22 -2153 0
491 -2153 0
-22 -491 2153 0
44 -2154 0
492 -2154 0
-44 -492 2154 0
62 -2155 0
213 -2155 0
-62 -213 2155 0
235 -2156 0
496 -2156 0
-235 -496 2156 0
257 -2157 0
497 -2157 0
-257 -497 2157 0
62 -2158 0
4 -2158 0
-62 -4 2158 0
31 -2159 0
499 -2159 0
-31 -499 2159 0
57 -2160 0
500 -2160 0
-57 -500 2160 0
70 -2161 0
261 -2161 0
-70 -261 2161 0
253 -2162 0
504 -2162 0
-253 -504 2162 0
264 -2163 0
505 -2163 0
-264 -505 2163 0
61 -2164 0
70 -2164 0
-61 -70 2164 0
52 -2165 0
507 -2165 0
-52 -507 2165 0
65 -2166 0
508 -2166 0
-65 -508 2166 0
79 -2167 0
213 -2167 0
-79 -213 2167 0
268 -2168 0
512 -2168 0
-268 -512 2168 0
272 -2169 0
513 -2169 0
-272 -513 2169 0
79 -2170 0
4 -2170 0
-79 -4 2170 0
69 -2171 0
515 -2171 0
-69 -515 2171 0
74 -2172 0
516 -2172 0
-74 -516 2172 0
91 -2173 0
276 -2173 0
-91 -276 2173 0
227 -2174 0
520 -2174 0
-227 -520 2174 0
283 -2175 0
521 -2175 0
-283 -521 2175 0
78 -2176 0
91 -2176 0
-78 -91 2176 0
22 -2177 0
523 -2177 0
-22 -523 2177 0
86 -2178 0
524 -2178 0
-86 -524 2178 0
104 -2179 0
4 -2179 0
-104 -4 2179 0
31 -2180 0
529 -2180 0
-31 -529 2180 0
99 -2181 0
530 -2181 0
-99 -530 2181 0
108 -2182 0
307 -2182 0
-108 -307 2182 0
292 -2183 0
534 -2183 0
-292 -534 2183 0
279 -2184 0
535 -2184 0
-279 -535 2184 0
264 -2185 0
536 -2185 0
-264 -536 2185 0
108 -2186 0
103 -2186 0
-108 -103 2186 0
90 -2187 0
538 -2187 0
-90 -538 2187 0
82 -2188 0
539 -2188 0
-82 -539 2188 0
65 -2189 0
540 -2189 0
-65 -540 2189 0
117 -2190 0
213 -2190 0
-117 -213 2190 0
310 -2191 0
544 -2191 0
-310 -544 2191 0
296 -2192 0
545 -2192 0
-296 -545 2192 0
272 -2193 0
546 -2193 0
-272 -546 2193 0
117 -2194 0
4 -2194 0
-117 -4 2194 0
107 -2195 0
548 -2195 0
-107 -548 2195 0
95 -2196 0
549 -2196 0
-95 -549 2196 0
74 -2197 0
550 -2197 0
-74 -550 2197 0
121 -2198 0
318 -2198 0
-121 -318 2198 0
227 -2199 0
554 -2199 0
-227 -554 2199 0
314 -2200 0
555 -2200 0
-314 -555 2200 0
283 -2201 0
556 -2201 0
-283 -556 2201 0
121 -2202 0
116 -2202 0
-121 -116 2202 0
22 -2203 0
558 -2203 0
-22 -558 2203 0
112 -2204 0
559 -2204 0
-112 -559 2204 0
86 -2205 0
560 -2205 0
-86 -560 2205 0
300 -2206 0
565 -2206 0
-300 -565 2206 0
134 -2207 0
4 -2207 0
-134 -4 2207 0
31 -2208 0
567 -2208 0
-31 -567 2208 0
125 -2209 0
568 -2209 0
-125 -568 2209 0
99 -2210 0
569 -2210 0
-99 -569 2210 0
340 -2211 0
142 -2211 0
-340 -142 2211 0
321 -2212 0
573 -2212 0
-321 -573 2212 0
264 -2213 0
574 -2213 0
-264 -574 2213 0
336 -2214 0
575 -2214 0
-336 -575 2214 0
142 -2215 0
133 -2215 0
-142 -133 2215 0
120 -2216 0
577 -2216 0
-120 -577 2216 0
65 -2217 0
578 -2217 0
-65 -578 2217 0
129 -2218 0
579 -2218 0
-129 -579 2218 0
155 -2219 0
213 -2219 0
-155 -213 2219 0
347 -2220 0
583 -2220 0
-347 -583 2220 0
272 -2221 0
584 -2221 0
-272 -584 2221 0
343 -2222 0
585 -2222 0
-343 -585 2222 0
155 -2223 0
4 -2223 0
-155 -4 2223 0
141 -2224 0
587 -2224 0
-141 -587 2224 0
74 -2225 0
588 -2225 0
-74 -588 2225 0
137 -2226 0
589 -2226 0
-137 -589 2226 0
359 -2227 0
159 -2227 0
-359 -159 2227 0
227 -2228 0
593 -2228 0
-227 -593 2228 0
283 -2229 0
594 -2229 0
-283 -594 2229 0
355 -2230 0
595 -2230 0
-355 -595 2230 0
159 -2231 0
154 -2231 0
-159 -154 2231 0
22 -2232 0
597 -2232 0
-22 -597 2232 0
86 -2233 0
598 -2233 0
-86 -598 2233 0
150 -2234 0
599 -2234 0
-150 -599 2234 0
172 -2235 0
213 -2235 0
-172 -213 2235 0
235 -2236 0
603 -2236 0
-235 -603 2236 0
300 -2237 0
604 -2237 0
-300 -604 2237 0
370 -2238 0
605 -2238 0
-370 -605 2238 0
172 -2239 0
4 -2239 0
-172 -4 2239 0
31 -2240 0
607 -2240 0
-31 -607 2240 0
99 -2241 0
608 -2241 0
-99 -608 2241 0
167 -2242 0
609 -2242 0
-167 -609 2242 0
374 -2243 0
176 -2243 0
-374 -176 2243 0
362 -2244 0
613 -2244 0
-362 -613 2244 0
351 -2245 0
614 -2245 0
-351 -614 2245 0
336 -2246 0
264 -2246 0
-336 -264 2246 0
615 -2247 0
616 -2247 0
-615 -616 2247 0
176 -2248 0
171 -2248 0
-176 -171 2248 0
158 -2249 0
618 -2249 0
-158 -618 2249 0
146 -2250 0
619 -2250 0
-146 -619 2250 0
65 -2251 0
129 -2251 0
-65 -129 2251 0
620 -2252 0
621 -2252 0
-620 -621 2252 0
185 -2253 0
4 -2253 0
-185 -4 2253 0
175 -2254 0
626 -2254 0
-175 -626 2254 0
163 -2255 0
627 -2255 0
-163 -627 2255 0
74 -2256 0
137 -2256 0
-74 -137 2256 0
628 -2257 0
629 -2257 0
-628 -629 2257 0
355 -2258 0
283 -2258 0
-355 -283 2258 0
189 -2259 0
184 -2259 0
-189 -184 2259 0
22 -2260 0
636 -2260 0
-22 -636 2260 0
180 -2261 0
637 -2261 0
-180 -637 2261 0
86 -2262 0
150 -2262 0
-86 -150 2262 0
638 -2263 0
639 -2263 0
-638 -639 2263 0
198 -2264 0
213 -2264 0
-198 -213 2264 0
235 -2265 0
643 -2265 0
-235 -643 2265 0
410 -2266 0
644 -2266 0
-410 -644 2266 0
370 -2267 0
300 -2267 0
-370 -300 2267 0
645 -2268 0
646 -2268 0
-645 -646 2268 0
198 -2269 0
4 -2269 0
-198 -4 2269 0
31 -2270 0
648 -2270 0
-31 -648 2270 0
193 -2271 0
649 -2271 0
-193 -649 2271 0
99 -2272 0
167 -2272 0
-99 -167 2272 0
650 -2273 0
651 -2273 0
-650 -651 2273 0
202 -2274 0
414 -2274 0
-202 -414 2274 0
406 -2275 0
655 -2275 0
-406 -655 2275 0
264 -2276 0
656 -2276 0
-264 -656 2276 0
351 -2277 0
391 -2277 0
-351 -391 2277 0
336 -2278 0
658 -2278 0
-336 -658 2278 0
657 -2279 0
659 -2279 0
-657 -659 2279 0
202 -2280 0
197 -2280 0
-202 -197 2280 0
188 -2281 0
661 -2281 0
-188 -661 2281 0
65 -2282 0
662 -2282 0
-65 -662 2282 0
180 -2283 0
146 -2283 0
-180 -146 2283 0
129 -2284 0
664 -2284 0
-129 -664 2284 0
663 -2285 0
665 -2285 0
-663 -665 2285 0
207 -2286 0
213 -2286 0
-207 -213 2286 0
417 -2287 0
669 -2287 0
-417 -669 2287 0
272 -2288 0
670 -2288 0
-272 -670 2288 0
410 -2289 0
366 -2289 0
-410 -366 2289 0
343 -2290 0
672 -2290 0
-343 -672 2290 0
671 -2291 0
673 -2291 0
-671 -673 2291 0
207 -2292 0
4 -2292 0
-207 -4 2292 0
201 -2293 0
675 -2293 0
-201 -675 2293 0
74 -2294 0
676 -2294 0
-74 -676 2294 0
193 -2295 0
163 -2295 0
-193 -163 2295 0
137 -2296 0
678 -2296 0
-137 -678 2296 0
677 -2297 0
679 -2297 0
-677 -679 2297 0
425 -2298 0
206 -2298 0
-425 -206 2298 0
22 -2299 0
684 -2299 0
-22 -684 2299 0
86 -2300 0
685 -2300 0
-86 -685 2300 0
201 -2301 0
188 -2301 0
-201 -188 2301 0
180 -2302 0
687 -2302 0
-180 -687 2302 0
150 -2303 0
688 -2303 0
-150 -688 2303 0
686 -2304 0
689 -2304 0
-686 -689 2304 0
693 -2305 0
213 -2305 0
-693 -213 2305 0
235 -2306 0
694 -2306 0
-235 -694 2306 0
300 -2307 0
695 -2307 0
-300 -695 2307 0
-425 -2308 0
421 -2308 0
425 -421 2308 0
417 -2309 0
697 -2309 0
-417 -697 2309 0
410 -2310 0
698 -2310 0
-410 -698 2310 0
370 -2311 0
699 -2311 0
-370 -699 2311 0
696 -2312 0
700 -2312 0
-696 -700 2312 0
4 -2313 0
693 -2313 0
-4 -693 2313 0
31 -2314 0
702 -2314 0
-31 -702 2314 0
99 -2315 0
703 -2315 0
-99 -703 2315 0
-425 -2316 0
206 -2316 0
425 -206 2316 0
201 -2317 0
705 -2317 0
-201 -705 2317 0
193 -2318 0
706 -2318 0
-193 -706 2318 0
167 -2319 0
707 -2319 0
-167 -707 2319 0
704 -2320 0
708 -2320 0
-704 -708 2320 0
