c defined variables: 6 15 23 28 32 41 45 54 58 66 71 75 83 87 92 96 100 109 113 122 126 130 138 143 147 151 160 164 168 177 181 190 194 203 214 221 228 232 236 243 247 254 258 265 269 273 280 284 288 292 296 303 307 314 318 322 329 343 351 358 366 373 377 384 388 395 396 397 401 402 406 415 416 419 420 423 424 425 426 429 430 431 432 435 436 437 438 441 442 443 444 447 448 449 450 451 452 455 456 457 458 459 460 463 464 465 466 467 468 471 472 473 474 475 476 479 480 481 482 483 484 487 488 489 490 491 492 495 496 497 498 499 500 503 504 505 506 507 508 511 512 513 514 515 516 517 518 521 522 523 524 525 526 527 528 531 532 533 534 535 536 537 538 541 542 543 544 545 546 547 548 551 552 553 554 555 556 557 558 563 564 565 566 567 570 571 572 573 574 575 576 577 580 581 582 583 584 585 586 587 590 591 592 593 594 595 596 597 598 599 602 603 604 605 606 607 608 609 610 611 614 615 616 617 618 619 620 621 622 623 626 627 628 629 630 631 632 633 634 635 639 640 641 642 643 644 647 648 649 650 651 652 653 654 655 656 657 658 662 663 664 665 666 667 668 669 670 671 672 673 674 675 679 680 681 682 683 684 685 686 687 688 689 690 691 692 693 694 697 
p cnf 2297 2753
a 405 400 369 325 321 338 328 335 332 350 342 354 346 253 257 250 246 74 78 65 69 52 61 48 57 39 44 121 134 372 376 357 264 365 361 53 62 70 79 91 104 108 117 272 380 387 409 268 283 276 207 202 185 176 198 189 155 142 172 159 26 35 13 18 22 31 1 4 9 661 678 261 317 313 383 279 295 291 287 299 302 306 310 206 201 193 184 197 188 171 158 180 175 40 49 5 10 2 27 36 14 19 217 220 210 213 235 231 224 227 239 242 112 107 103 90 95 99 82 86 125 116 391 394 141 150 146 154 120 129 133 137 167 163 0
e 3 7 8 11 12 16 17 20 21 24 25 29 30 33 34 37 38 42 43 46 47 50 51 55 56 59 60 63 64 67 68 72 73 76 77 80 81 84 85 88 89 93 94 97 98 101 102 105 106 110 111 114 115 118 119 123 124 127 128 131 132 135 136 139 140 144 145 148 149 152 153 156 157 161 162 165 166 169 170 173 174 178 179 182 183 186 187 191 192 195 196 199 200 204 205 208 209 211 212 215 216 218 219 222 223 225 226 229 230 233 234 237 238 240 241 244 245 248 249 251 252 255 256 259 260 262 263 266 267 270 271 274 275 277 278 281 282 285 286 289 290 293 294 297 298 300 301 304 305 308 309 311 312 315 316 319 320 323 324 326 327 330 331 333 334 336 337 340 341 344 345 347 348 349 352 353 355 356 359 360 362 363 364 367 368 370 371 374 375 378 379 381 382 385 386 389 390 392 393 398 399 403 404 407 408 410 411 412 413 414 417 418 421 422 427 428 433 434 439 440 445 446 453 454 461 462 469 470 477 478 485 486 493 494 501 502 509 510 519 520 529 530 539 540 549 550 559 560 562 568 569 578 579 588 589 600 601 612 613 624 625 636 637 645 646 659 660 676 677 695 696 6 15 23 28 32 41 45 54 58 66 71 75 83 87 92 96 100 109 113 122 126 130 138 143 147 151 160 164 168 177 181 190 194 203 214 221 228 232 236 243 247 254 258 265 269 273 280 284 288 292 296 303 307 314 318 322 329 343 351 358 366 373 377 384 388 395 396 397 401 402 406 415 416 419 420 423 424 425 426 429 430 431 432 435 436 437 438 441 442 443 444 447 448 449 450 451 452 455 456 457 458 459 460 463 464 465 466 467 468 471 472 473 474 475 476 479 480 481 482 483 484 487 488 489 490 491 492 495 496 497 498 499 500 503 504 505 506 507 508 511 512 513 514 515 516 517 518 521 522 523 524 525 526 527 528 531 532 533 534 535 536 537 538 541 542 543 544 545 546 547 548 551 552 553 554 555 556 557 558 563 564 565 566 567 570 571 572 573 574 575 576 577 580 581 582 583 584 585 586 587 590 591 592 593 594 595 596 597 598 599 602 603 604 605 606 607 608 609 610 611 614 615 616 617 618 619 620 621 622 623 626 627 628 629 630 631 632 633 634 635 639 640 641 642 643 644 647 648 649 650 651 652 653 654 655 656 657 658 662 663 664 665 666 667 668 669 670 671 672 673 674 675 679 680 681 682 683 684 685 686 687 688 689 690 691 692 693 694 697 2009 2010 2011 2012 2013 2014 2015 2016 2017 2018 2019 2020 2021 2022 2023 2024 2025 2026 2027 2028 2029 2030 2031 2032 2033 2034 2035 2036 2037 2038 2039 2040 2041 2042 2043 2044 2045 2046 2047 2048 2049 2050 2051 2052 2053 2054 2055 2056 2057 2058 2059 2060 2061 2062 2063 2064 2065 2066 2067 2068 2069 2070 2071 2072 2073 2074 2075 2076 2077 2078 2079 2080 2081 2082 2083 2084 2085 2086 2087 2088 2089 2090 2091 2092 2093 2094 2095 2096 2097 2098 2099 2100 2101 2102 2103 2104 2105 2106 2107 2108 2109 2110 2111 2112 2113 2114 2115 2116 2117 2118 2119 2120 2121 2122 2123 2124 2125 2126 2127 2128 2129 2130 2131 2132 2133 2134 2135 2136 2137 2138 2139 2140 2141 2142 2143 2144 2145 2146 2147 2148 2149 2150 2151 2152 2153 2154 2155 2156 2157 2158 2159 2160 2161 2162 2163 2164 2165 2166 2167 2168 2169 2170 2171 2172 2173 2174 2175 2176 2177 2178 2179 2180 2181 2182 2183 2184 2185 2186 2187 2188 2189 2190 2191 2192 2193 2194 2195 2196 2197 2198 2199 2200 2201 2202 2203 2204 2205 2206 2207 2208 2209 2210 2211 2212 2213 2214 2215 2216 2217 2218 2219 2220 2221 2222 2223 2224 2225 2226 2227 2228 2229 2230 2231 2232 2233 2234 2235 2236 2237 2238 2239 2240 2241 2242 2243 2244 2245 2246 2247 2248 2249 2250 2251 2252 2253 2254 2255 2256 2257 2258 2259 2260 2261 2262 2263 2264 2265 2266 2267 2268 2269 2270 2271 2272 2273 2274 2275 2276 2277 2278 2279 2280 2281 2282 2283 2284 2285 2286 2287 2288 2289 2290 2291 2292 2293 2294 2295 2296 2297 0
d 561 338 342 0
d 638 400 394 0
d 339 335 332 0
2010 -6 0
-2010 6 0
2011 -15 0
-2011 15 0
2012 -23 0
-2012 23 0
2013 -28 0
-2013 28 0
2014 -32 0
-2014 32 0
2015 -41 0
-2015 41 0
2016 -45 0
-2016 45 0
2017 -54 0
-2017 54 0
2018 -58 0
-2018 58 0
2019 -66 0
-2019 66 0
2020 -71 0
-2020 71 0
2021 -75 0
-2021 75 0
2022 -83 0
-2022 83 0
2023 -87 0
-2023 87 0
2024 -92 0
-2024 92 0
2025 -96 0
-2025 96 0
2026 -100 0
-2026 100 0
2027 -109 0
-2027 109 0
2028 -113 0
-2028 113 0
2029 -122 0
-2029 122 0
2030 -126 0
-2030 126 0
2031 -130 0
-2031 130 0
2032 -138 0
-2032 138 0
2033 -143 0
-2033 143 0
2034 -147 0
-2034 147 0
2035 -151 0
-2035 151 0
2036 -160 0
-2036 160 0
2037 -164 0
-2037 164 0
2038 -168 0
-2038 168 0
2039 -177 0
-2039 177 0
2040 -181 0
-2040 181 0
2041 -190 0
-2041 190 0
2042 -194 0
-2042 194 0
2043 -203 0
-2043 203 0
2044 -214 0
-2044 214 0
2045 -221 0
-2045 221 0
2046 -228 0
-2046 228 0
2047 -232 0
-2047 232 0
2048 -236 0
-2048 236 0
2049 -243 0
-2049 243 0
2050 -247 0
-2050 247 0
2051 -254 0
-2051 254 0
2052 -258 0
-2052 258 0
2053 -265 0
-2053 265 0
2054 -269 0
-2054 269 0
2055 -273 0
-2055 273 0
2056 -280 0
-2056 280 0
2057 -284 0
-2057 284 0
2058 -288 0
-2058 288 0
2059 -292 0
-2059 292 0
2060 -296 0
-2060 296 0
2061 -303 0
-2061 303 0
2062 -307 0
-2062 307 0
2063 -314 0
-2063 314 0
2064 -318 0
-2064 318 0
2065 -322 0
-2065 322 0
2066 -329 0
-2066 329 0
2067 -343 0
-2067 343 0
2068 -351 0
-2068 351 0
2069 -358 0
-2069 358 0
2070 -366 0
-2070 366 0
2071 -373 0
-2071 373 0
2072 -377 0
-2072 377 0
2073 -384 0
-2073 384 0
2074 -388 0
-2074 388 0
2075 -395 0
-2075 395 0
2076 -396 0
-2076 396 0
2077 -397 0
-2077 397 0
2078 -401 0
-2078 401 0
2079 -402 0
-2079 402 0
2080 -406 0
-2080 406 0
2081 -415 0
-2081 415 0
2082 -416 0
-2082 416 0
2083 -419 0
-2083 419 0
2084 -420 0
-2084 420 0
2085 -423 0
-2085 423 0
2086 -424 0
-2086 424 0
2087 -425 0
-2087 425 0
2088 -426 0
-2088 426 0
2089 -429 0
-2089 429 0
2090 -430 0
-2090 430 0
2091 -431 0
-2091 431 0
2092 -432 0
-2092 432 0
2093 -435 0
-2093 435 0
2094 -436 0
-2094 436 0
2095 -437 0
-2095 437 0
2096 -438 0
-2096 438 0
2097 -441 0
-2097 441 0
2098 -442 0
-2098 442 0
2099 -443 0
-2099 443 0
2100 -444 0
-2100 444 0
2101 -447 0
-2101 447 0
2102 -448 0
-2102 448 0
2103 -449 0
-2103 449 0
2104 -450 0
-2104 450 0
2105 -451 0
-2105 451 0
2106 -452 0
-2106 452 0
2107 -455 0
-2107 455 0
2108 -456 0
-2108 456 0
2109 -457 0
-2109 457 0
2110 -458 0
-2110 458 0
2111 -459 0
-2111 459 0
2112 -460 0
-2112 460 0
2113 -463 0
-2113 463 0
2114 -464 0
-2114 464 0
2115 -465 0
-2115 465 0
2116 -466 0
-2116 466 0
2117 -467 0
-2117 467 0
2118 -468 0
-2118 468 0
2119 -471 0
-2119 471 0
2120 -472 0
-2120 472 0
2121 -473 0
-2121 473 0
2122 -474 0
-2122 474 0
2123 -475 0
-2123 475 0
2124 -476 0
-2124 476 0
2125 -479 0
-2125 479 0
2126 -480 0
-2126 480 0
2127 -481 0
-2127 481 0
2128 -482 0
-2128 482 0
2129 -483 0
-2129 483 0
2130 -484 0
-2130 484 0
2131 -487 0
-2131 487 0
2132 -488 0
-2132 488 0
2133 -489 0
-2133 489 0
2134 -490 0
-2134 490 0
2135 -491 0
-2135 491 0
2136 -492 0
-2136 492 0
2137 -495 0
-2137 495 0
2138 -496 0
-2138 496 0
2139 -497 0
-2139 497 0
2140 -498 0
-2140 498 0
2141 -499 0
-2141 499 0
2142 -500 0
-2142 500 0
2143 -503 0
-2143 503 0
2144 -504 0
-2144 504 0
2145 -505 0
-2145 505 0
2146 -506 0
-2146 506 0
2147 -507 0
-2147 507 0
2148 -508 0
-2148 508 0
2149 -511 0
-2149 511 0
2150 -512 0
-2150 512 0
2151 -513 0
-2151 513 0
2152 -514 0
-2152 514 0
2153 -515 0
-2153 515 0
2154 -516 0
-2154 516 0
2155 -517 0
-2155 517 0
2156 -518 0
-2156 518 0
2157 -521 0
-2157 521 0
2158 -522 0
-2158 522 0
2159 -523 0
-2159 523 0
2160 -524 0
-2160 524 0
2161 -525 0
-2161 525 0
2162 -526 0
-2162 526 0
2163 -527 0
-2163 527 0
2164 -528 0
-2164 528 0
2165 -531 0
-2165 531 0
2166 -532 0
-2166 532 0
2167 -533 0
-2167 533 0
2168 -534 0
-2168 534 0
2169 -535 0
-2169 535 0
2170 -536 0
-2170 536 0
2171 -537 0
-2171 537 0
2172 -538 0
-2172 538 0
2173 -541 0
-2173 541 0
2174 -542 0
-2174 542 0
2175 -543 0
-2175 543 0
2176 -544 0
-2176 544 0
2177 -545 0
-2177 545 0
2178 -546 0
-2178 546 0
2179 -547 0
-2179 547 0
2180 -548 0
-2180 548 0
2181 -551 0
-2181 551 0
2182 -552 0
-2182 552 0
2183 -553 0
-2183 553 0
2184 -554 0
-2184 554 0
2185 -555 0
-2185 555 0
2186 -556 0
-2186 556 0
2187 -557 0
-2187 557 0
2188 -558 0
-2188 558 0
2189 -563 0
-2189 563 0
2190 -564 0
-2190 564 0
2191 -565 0
-2191 565 0
2192 -566 0
-2192 566 0
2193 -567 0
-2193 567 0
2194 -570 0
-2194 570 0
2195 -571 0
-2195 571 0
2196 -572 0
-2196 572 0
2197 -573 0
-2197 573 0
2198 -574 0
-2198 574 0
2199 -575 0
-2199 575 0
2200 -576 0
-2200 576 0
2201 -577 0
-2201 577 0
2202 -580 0
-2202 580 0
2203 -581 0
-2203 581 0
2204 -582 0
-2204 582 0
2205 -583 0
-2205 583 0
2206 -584 0
-2206 584 0
2207 -585 0
-2207 585 0
2208 -586 0
-2208 586 0
2209 -587 0
-2209 587 0
2210 -590 0
-2210 590 0
2211 -591 0
-2211 591 0
2212 -592 0
-2212 592 0
2213 -593 0
-2213 593 0
2214 -594 0
-2214 594 0
2215 -595 0
-2215 595 0
2216 -596 0
-2216 596 0
2217 -597 0
-2217 597 0
2218 -598 0
-2218 598 0
2219 -599 0
-2219 599 0
2220 -602 0
-2220 602 0
2221 -603 0
-2221 603 0
2222 -604 0
-2222 604 0
2223 -605 0
-2223 605 0
2224 -606 0
-2224 606 0
2225 -607 0
-2225 607 0
2226 -608 0
-2226 608 0
2227 -609 0
-2227 609 0
2228 -610 0
-2228 610 0
2229 -611 0
-2229 611 0
2230 -614 0
-2230 614 0
2231 -615 0
-2231 615 0
2232 -616 0
-2232 616 0
2233 -617 0
-2233 617 0
2234 -618 0
-2234 618 0
2235 -619 0
-2235 619 0
2236 -620 0
-2236 620 0
2237 -621 0
-2237 621 0
2238 -622 0
-2238 622 0
2239 -623 0
-2239 623 0
2240 -626 0
-2240 626 0
2241 -627 0
-2241 627 0
2242 -628 0
-2242 628 0
2243 -629 0
-2243 629 0
2244 -630 0
-2244 630 0
2245 -631 0
-2245 631 0
2246 -632 0
-2246 632 0
2247 -633 0
-2247 633 0
2248 -634 0
-2248 634 0
2249 -635 0
-2249 635 0
2250 -639 0
-2250 639 0
2251 -640 0
-2251 640 0
2252 -641 0
-2252 641 0
2253 -642 0
-2253 642 0
2254 -643 0
-2254 643 0
2255 -644 0
-2255 644 0
2256 -647 0
-2256 647 0
2257 -648 0
-2257 648 0
2258 -649 0
-2258 649 0
2259 -650 0
-2259 650 0
2260 -651 0
-2260 651 0
2261 -652 0
-2261 652 0
2262 -653 0
-2262 653 0
2263 -654 0
-2263 654 0
2264 -655 0
-2264 655 0
2265 -656 0
-2265 656 0
2266 -657 0
-2266 657 0
2267 -658 0
-2267 658 0
2268 -662 0
-2268 662 0
2269 -663 0
-2269 663 0
2270 -664 0
-2270 664 0
2271 -665 0
-2271 665 0
2272 -666 0
-2272 666 0
2273 -667 0
-2273 667 0
2274 -668 0
-2274 668 0
2275 -669 0
-2275 669 0
2276 -670 0
-2276 670 0
2277 -671 0
-2277 671 0
2278 -672 0
-2278 672 0
2279 -673 0
-2279 673 0
2280 -674 0
-2280 674 0
2281 -675 0
-2281 675 0
2282 -679 0
-2282 679 0
-2283 -680 0
2283 680 0
2284 -681 0
-2284 681 0
2285 -682 0
-2285 682 0
2286 -683 0
-2286 683 0
2287 -684 0
-2287 684 0
2288 -685 0
-2288 685 0
2289 -686 0
-2289 686 0
2290 -687 0
-2290 687 0
2291 -688 0
-2291 688 0
2292 -689 0
-2292 689 0
2293 -690 0
-2293 690 0
2294 -691 0
-2294 691 0
2295 -692 0
-2295 692 0
2296 -693 0
-2296 693 0
2297 -694 0
-2297 694 0
2009 -697 0
-2009 697 0
697 0
-697 411 696 0
-411 408 -410 0
-408 404 -407 0
-404 399 -403 0
-399 393 -398 0
-393 390 -392 0
-390 386 -389 0
-386 382 -385 0
-382 379 -381 0
-379 375 -378 0
-375 371 -374 0
-371 368 -370 0
-368 364 -367 0
-364 360 -363 0
-360 356 -359 0
-356 353 -355 0
-353 349 -352 0
-349 345 -348 0
-345 341 -344 0
-341 337 -340 0
-337 334 -336 0
-334 331 -333 0
-331 327 -330 0
-327 324 -326 0
-324 320 -323 0
-320 316 -319 0
-316 312 -315 0
-312 309 -311 0
-309 305 -308 0
-305 301 -304 0
-301 298 -300 0
-298 294 -297 0
-294 290 -293 0
-290 286 -289 0
-286 282 -285 0
-282 278 -281 0
-278 275 -277 0
-275 271 -274 0
-271 267 -270 0
-267 263 -266 0
-263 260 -262 0
-260 256 -259 0
-256 252 -255 0
-252 249 -251 0
-249 245 -248 0
-245 241 -244 0
-241 238 -240 0
-238 234 -237 0
-234 230 -233 0
-230 226 -229 0
-226 223 -225 0
-223 219 -222 0
-219 216 -218 0
-216 212 -215 0
-212 209 -211 0
-209 205 -208 0
-205 200 -204 0
-200 196 -199 0
-196 192 -195 0
-192 187 -191 0
-187 183 -186 0
-183 179 -182 0
-179 174 -178 0
-174 170 -173 0
-170 166 -169 0
-166 162 -165 0
-162 157 -161 0
-157 153 -156 0
-153 149 -152 0
-149 145 -148 0
-145 140 -144 0
-140 136 -139 0
-136 132 -135 0
-132 128 -131 0
-128 124 -127 0
-124 119 -123 0
-119 115 -118 0
-115 111 -114 0
-111 106 -110 0
-106 102 -105 0
-102 98 -101 0
-98 94 -97 0
-94 89 -93 0
-89 85 -88 0
-85 81 -84 0
-81 77 -80 0
-77 73 -76 0
-73 68 -72 0
-68 64 -67 0
-64 60 -63 0
-60 56 -59 0
-56 51 -55 0
-51 47 -50 0
-47 43 -46 0
-43 38 -42 0
-38 34 -37 0
-34 30 -33 0
-30 25 -29 0
-25 21 -24 0
-21 17 -20 0
-17 12 -16 0
-12 8 -11 0
-8 -3 -7 0
1 -2 3 0
-1 2 3 0
4 6 7 0
-4 -6 7 0
-1 5 6 0
-6 1 0
-6 -5 0
9 -10 11 0
-9 10 11 0
13 15 16 0
-13 -15 16 0
-9 14 15 0
-15 9 0
-15 -14 0
18 -19 20 0
-18 19 20 0
22 23 24 0
-22 -23 24 0
-4 -13 23 0
-23 4 0
-23 13 0
26 28 29 0
-26 -28 29 0
-18 27 28 0
-28 18 0
-28 -27 0
31 32 33 0
-31 -32 33 0
-13 -26 32 0
-32 13 0
-32 26 0
35 -36 37 0
-35 36 37 0
39 41 42 0
-39 -41 42 0
-35 40 41 0
-41 35 0
-41 -40 0
44 45 46 0
-44 -45 46 0
-26 -39 45 0
-45 26 0
-45 39 0
48 -49 50 0
-48 49 50 0
52 54 55 0
-52 -54 55 0
-48 53 54 0
-54 48 0
-54 -53 0
57 58 59 0
-57 -58 59 0
-39 -52 58 0
-58 39 0
-58 52 0
61 -62 63 0
-61 62 63 0
65 66 67 0
-65 -66 67 0
-22 -44 66 0
-66 22 0
-66 44 0
69 71 72 0
-69 -71 72 0
-61 70 71 0
-71 61 0
-71 -70 0
74 75 76 0
-74 -75 76 0
-31 -57 75 0
-75 31 0
-75 57 0
78 -79 80 0
-78 79 80 0
82 83 84 0
-82 -83 84 0
-52 -69 83 0
-83 52 0
-83 69 0
86 87 88 0
-86 -87 88 0
-44 -82 87 0
-87 44 0
-87 82 0
90 92 93 0
-90 -92 93 0
-78 91 92 0
-92 78 0
-92 -91 0
95 96 97 0
-95 -96 97 0
-69 -90 96 0
-96 69 0
-96 90 0
99 100 101 0
-99 -100 101 0
-57 -95 100 0
-100 57 0
-100 95 0
103 -104 105 0
-103 104 105 0
107 109 110 0
-107 -109 110 0
-103 108 109 0
-109 103 0
-109 -108 0
112 113 114 0
-112 -113 114 0
-90 -107 113 0
-113 90 0
-113 107 0
116 -117 118 0
-116 117 118 0
120 122 123 0
-120 -122 123 0
-116 121 122 0
-122 116 0
-122 -121 0
125 126 127 0
-125 -126 127 0
-107 -120 126 0
-126 107 0
-126 120 0
129 130 131 0
-129 -130 131 0
-82 -112 130 0
-130 82 0
-130 112 0
133 -134 135 0
-133 134 135 0
137 138 139 0
-137 -138 139 0
-95 -125 138 0
-138 95 0
-138 125 0
141 143 144 0
-141 -143 144 0
-133 142 143 0
-143 133 0
-143 -142 0
146 147 148 0
-146 -147 148 0
-120 -141 147 0
-147 120 0
-147 141 0
150 151 152 0
-150 -151 152 0
-112 -146 151 0
-151 112 0
-151 146 0
154 -155 156 0
-154 155 156 0
158 160 161 0
-158 -160 161 0
-154 159 160 0
-160 154 0
-160 -159 0
163 164 165 0
-163 -164 165 0
-141 -158 164 0
-164 141 0
-164 158 0
167 168 169 0
-167 -168 169 0
-125 -163 168 0
-168 125 0
-168 163 0
171 -172 173 0
-171 172 173 0
175 177 178 0
-175 -177 178 0
-171 176 177 0
-177 171 0
-177 -176 0
180 181 182 0
-180 -181 182 0
-158 -175 181 0
-181 158 0
-181 175 0
184 -185 186 0
-184 185 186 0
188 190 191 0
-188 -190 191 0
-184 189 190 0
-190 184 0
-190 -189 0
193 194 195 0
-193 -194 195 0
-175 -188 194 0
-194 175 0
-194 188 0
197 -198 199 0
-197 198 199 0
201 203 204 0
-201 -203 204 0
-197 202 203 0
-203 197 0
-203 -202 0
206 -207 208 0
-206 207 208 0
210 -2 211 0
-210 2 211 0
213 214 215 0
-213 -214 215 0
-210 5 214 0
-214 210 0
-214 -5 0
217 -10 218 0
-217 10 218 0
220 221 222 0
-220 -221 222 0
-217 14 221 0
-221 217 0
-221 -14 0
224 -19 225 0
-224 19 225 0
227 228 229 0
-227 -228 229 0
-213 -220 228 0
-228 213 0
-228 220 0
231 232 233 0
-231 -232 233 0
-224 27 232 0
-232 224 0
-232 -27 0
235 236 237 0
-235 -236 237 0
-220 -231 236 0
-236 220 0
-236 231 0
239 -36 240 0
-239 36 240 0
242 243 244 0
-242 -243 244 0
-239 40 243 0
-243 239 0
-243 -40 0
246 247 248 0
-246 -247 248 0
-231 -242 247 0
-247 231 0
-247 242 0
250 -49 251 0
-250 49 251 0
253 254 255 0
-253 -254 255 0
-250 53 254 0
-254 250 0
-254 -53 0
257 258 259 0
-257 -258 259 0
-242 -253 258 0
-258 242 0
-258 253 0
261 -62 262 0
-261 62 262 0
264 265 266 0
-264 -265 266 0
-227 -246 265 0
-265 227 0
-265 246 0
268 269 270 0
-268 -269 270 0
-261 70 269 0
-269 261 0
-269 -70 0
272 273 274 0
-272 -273 274 0
-235 -257 273 0
-273 235 0
-273 257 0
276 -79 277 0
-276 79 277 0
279 280 281 0
-279 -280 281 0
-253 -268 280 0
-280 253 0
-280 268 0
283 284 285 0
-283 -284 285 0
-246 -279 284 0
-284 246 0
-284 279 0
287 288 289 0
-287 -288 289 0
-276 91 288 0
-288 276 0
-288 -91 0
291 292 293 0
-291 -292 293 0
-268 -287 292 0
-292 268 0
-292 287 0
295 296 297 0
-295 -296 297 0
-257 -291 296 0
-296 257 0
-296 291 0
299 -104 300 0
-299 104 300 0
302 303 304 0
-302 -303 304 0
-299 108 303 0
-303 299 0
-303 -108 0
306 307 308 0
-306 -307 308 0
-287 -302 307 0
-307 287 0
-307 302 0
310 -117 311 0
-310 117 311 0
313 314 315 0
-313 -314 315 0
-310 121 314 0
-314 310 0
-314 -121 0
317 318 319 0
-317 -318 319 0
-302 -313 318 0
-318 302 0
-318 313 0
321 322 323 0
-321 -322 323 0
-279 -306 322 0
-322 279 0
-322 306 0
325 -134 326 0
-325 134 326 0
328 329 330 0
-328 -329 330 0
-291 -317 329 0
-329 291 0
-329 317 0
332 325 333 0
-332 -325 333 0
335 -142 336 0
-335 142 336 0
338 339 340 0
-338 -339 340 0
342 343 344 0
-342 -343 344 0
-155 -213 343 0
-343 155 0
-343 213 0
346 347 348 0
-346 -347 348 0
-313 -339 347 0
-347 313 0
-347 339 0
350 351 352 0
-350 -351 352 0
-306 -346 351 0
-351 306 0
-351 346 0
354 -155 355 0
-354 155 355 0
357 358 359 0
-357 -358 359 0
-354 159 358 0
-358 354 0
-358 -159 0
361 362 363 0
-361 -362 363 0
-339 -357 362 0
-362 339 0
-362 357 0
365 366 367 0
-365 -366 367 0
-317 -361 366 0
-366 317 0
-366 361 0
369 -172 370 0
-369 172 370 0
372 373 374 0
-372 -373 374 0
-369 176 373 0
-373 369 0
-373 -176 0
376 377 378 0
-376 -377 378 0
-357 -372 377 0
-377 357 0
-377 372 0
380 -185 381 0
-380 185 381 0
383 384 385 0
-383 -384 385 0
-380 189 384 0
-384 380 0
-384 -189 0
387 388 389 0
-387 -388 389 0
-372 -383 388 0
-388 372 0
-388 383 0
391 -198 392 0
-391 198 392 0
394 397 398 0
-394 -397 398 0
-396 -264 397 0
-383 -395 396 0
-391 -202 395 0
-397 396 0
-397 264 0
-396 383 0
-396 395 0
-395 391 0
-395 202 0
400 402 403 0
-400 -402 403 0
-321 -401 402 0
-346 -376 401 0
-402 321 0
-402 401 0
-401 346 0
-401 376 0
405 406 407 0
-405 -406 407 0
-391 202 406 0
-406 391 0
-406 -202 0
409 -207 410 0
-409 207 410 0
-696 677 0
-696 695 0
-677 660 0
-677 676 0
-660 646 0
-660 659 0
-646 637 0
-646 645 0
-637 625 0
-637 636 0
-625 613 0
-625 624 0
-613 601 0
-613 612 0
-601 589 0
-601 600 0
-589 579 0
-589 588 0
-579 569 0
-579 578 0
-569 560 0
-569 568 0
-560 550 0
-560 559 0
-550 540 0
-550 549 0
-540 530 0
-540 539 0
-530 520 0
-530 529 0
-520 510 0
-520 519 0
-510 502 0
-510 509 0
-502 494 0
-502 501 0
-494 486 0
-494 493 0
-486 478 0
-486 485 0
-478 470 0
-478 477 0
-470 462 0
-470 469 0
-462 454 0
-462 461 0
-454 446 0
-454 453 0
-446 440 0
-446 445 0
-440 434 0
-440 439 0
-434 428 0
-434 433 0
-428 422 0
-428 427 0
-422 418 0
-422 421 0
-418 414 0
-418 417 0
-414 412 0
-414 413 0
-412 -2 2 0
-412 2 -2 0
-413 -2 2 0
-413 2 -2 0
-417 -415 416 0
-417 415 -416 0
-415 210 0
-415 5 0
-416 1 0
-416 5 0
-210 -5 415 0
-1 -5 416 0
-421 -419 420 0
-421 419 -420 0
-419 10 0
-419 213 0
-420 10 0
-420 4 0
-10 -213 419 0
-10 -4 420 0
-427 -424 426 0
-427 424 -426 0
-424 213 0
-424 423 0
-423 217 0
-423 14 0
-426 4 0
-426 425 0
-425 9 0
-425 14 0
-213 -423 424 0
-217 -14 423 0
-4 -425 426 0
-9 -14 425 0
-433 -430 432 0
-433 430 -432 0
-430 220 0
-430 429 0
-429 19 0
-429 213 0
-432 13 0
-432 431 0
-431 19 0
-431 4 0
-220 -429 430 0
-19 -213 429 0
-13 -431 432 0
-19 -4 431 0
-439 -436 438 0
-439 436 -438 0
-436 435 0
-436 227 0
-435 224 0
-435 27 0
-438 437 0
-438 22 0
-437 18 0
-437 27 0
-435 -227 436 0
-224 -27 435 0
-437 -22 438 0
-18 -27 437 0
-445 -442 444 0
-445 442 -444 0
-442 441 0
-442 235 0
-441 36 0
-441 213 0
-444 443 0
-444 31 0
-443 36 0
-443 4 0
-441 -235 442 0
-36 -213 441 0
-443 -31 444 0
-36 -4 443 0
-453 -449 452 0
-453 449 -452 0
-449 227 0
-449 448 0
-448 231 0
-448 447 0
-447 239 0
-447 40 0
-452 22 0
-452 451 0
-451 26 0
-451 450 0
-450 35 0
-450 40 0
-227 -448 449 0
-231 -447 448 0
-239 -40 447 0
-22 -451 452 0
-26 -450 451 0
-35 -40 450 0
-461 -457 460 0
-461 457 -460 0
-457 235 0
-457 456 0
-456 242 0
-456 455 0
-455 49 0
-455 213 0
-460 31 0
-460 459 0
-459 39 0
-459 458 0
-458 49 0
-458 4 0
-235 -456 457 0
-242 -455 456 0
-49 -213 455 0
-31 -459 460 0
-39 -458 459 0
-49 -4 458 0
-469 -465 468 0
-469 465 -468 0
-465 246 0
-465 464 0
-464 463 0
-464 227 0
-463 250 0
-463 53 0
-468 44 0
-468 467 0
-467 466 0
-467 22 0
-466 48 0
-466 53 0
-246 -464 465 0
-463 -227 464 0
-250 -53 463 0
-44 -467 468 0
-466 -22 467 0
-48 -53 466 0
-477 -473 476 0
-477 473 -476 0
-473 257 0
-473 472 0
-472 471 0
-472 235 0
-471 62 0
-471 213 0
-476 57 0
-476 475 0
-475 474 0
-475 31 0
-474 62 0
-474 4 0
-257 -472 473 0
-471 -235 472 0
-62 -213 471 0
-57 -475 476 0
-474 -31 475 0
-62 -4 474 0
-485 -481 484 0
-485 481 -484 0
-481 480 0
-481 264 0
-480 253 0
-480 479 0
-479 261 0
-479 70 0
-484 483 0
-484 65 0
-483 52 0
-483 482 0
-482 61 0
-482 70 0
-480 -264 481 0
-253 -479 480 0
-261 -70 479 0
-483 -65 484 0
-52 -482 483 0
-61 -70 482 0
-493 -489 492 0
-493 489 -492 0
-489 488 0
-489 272 0
-488 268 0
-488 487 0
-487 79 0
-487 213 0
-492 491 0
-492 74 0
-491 69 0
-491 490 0
-490 79 0
-490 4 0
-488 -272 489 0
-268 -487 488 0
-79 -213 487 0
-491 -74 492 0
-69 -490 491 0
-79 -4 490 0
-501 -497 500 0
-501 497 -500 0
-497 496 0
-497 283 0
-496 495 0
-496 227 0
-495 276 0
-495 91 0
-500 499 0
-500 86 0
-499 498 0
-499 22 0
-498 78 0
-498 91 0
-496 -283 497 0
-495 -227 496 0
-276 -91 495 0
-499 -86 500 0
-498 -22 499 0
-78 -91 498 0
-509 -505 508 0
-509 505 -508 0
-505 504 0
-505 295 0
-504 503 0
-504 235 0
-503 104 0
-503 213 0
-508 507 0
-508 99 0
-507 506 0
-507 31 0
-506 104 0
-506 4 0
-504 -295 505 0
-503 -235 504 0
-104 -213 503 0
-507 -99 508 0
-506 -31 507 0
-104 -4 506 0
-519 -514 518 0
-519 514 -518 0
-514 264 0
-514 513 0
-513 279 0
-513 512 0
-512 287 0
-512 511 0
-511 299 0
-511 108 0
-518 65 0
-518 517 0
-517 82 0
-517 516 0
-516 90 0
-516 515 0
-515 103 0
-515 108 0
-264 -513 514 0
-279 -512 513 0
-287 -511 512 0
-299 -108 511 0
-65 -517 518 0
-82 -516 517 0
-90 -515 516 0
-103 -108 515 0
-529 -524 528 0
-529 524 -528 0
-524 272 0
-524 523 0
-523 291 0
-523 522 0
-522 302 0
-522 521 0
-521 117 0
-521 213 0
-528 74 0
-528 527 0
-527 95 0
-527 526 0
-526 107 0
-526 525 0
-525 117 0
-525 4 0
-272 -523 524 0
-291 -522 523 0
-302 -521 522 0
-117 -213 521 0
-74 -527 528 0
-95 -526 527 0
-107 -525 526 0
-117 -4 525 0
-539 -534 538 0
-539 534 -538 0
-534 283 0
-534 533 0
-533 306 0
-533 532 0
-532 531 0
-532 227 0
-531 310 0
-531 121 0
-538 86 0
-538 537 0
-537 112 0
-537 536 0
-536 535 0
-536 22 0
-535 116 0
-535 121 0
-283 -533 534 0
-306 -532 533 0
-531 -227 532 0
-310 -121 531 0
-86 -537 538 0
-112 -536 537 0
-535 -22 536 0
-116 -121 535 0
-549 -544 548 0
-549 544 -548 0
-544 295 0
-544 543 0
-543 317 0
-543 542 0
-542 541 0
-542 235 0
-541 134 0
-541 213 0
-548 99 0
-548 547 0
-547 125 0
-547 546 0
-546 545 0
-546 31 0
-545 134 0
-545 4 0
-295 -543 544 0
-317 -542 543 0
-541 -235 542 0
-134 -213 541 0
-99 -547 548 0
-125 -546 547 0
-545 -31 546 0
-134 -4 545 0
-559 -554 558 0
-559 554 -558 0
-554 321 0
-554 553 0
-553 552 0
-553 264 0
-552 313 0
-552 551 0
-551 325 0
-551 142 0
-558 129 0
-558 557 0
-557 556 0
-557 65 0
-556 120 0
-556 555 0
-555 133 0
-555 142 0
-321 -553 554 0
-552 -264 553 0
-313 -551 552 0
-325 -142 551 0
-129 -557 558 0
-556 -65 557 0
-120 -555 556 0
-133 -142 555 0
-568 -563 567 0
-568 563 -567 0
-563 328 0
-563 562 0
-562 561 0
-562 272 0
-567 137 0
-567 566 0
-566 565 0
-566 74 0
-565 141 0
-565 564 0
-564 155 0
-564 4 0
-328 -562 563 0
-561 -272 562 0
-137 -566 567 0
-565 -74 566 0
-141 -564 565 0
-155 -4 564 0
-578 -573 577 0
-578 573 -577 0
-573 350 0
-573 572 0
-572 571 0
-572 283 0
-571 570 0
-571 227 0
-570 354 0
-570 159 0
-577 150 0
-577 576 0
-576 575 0
-576 86 0
-575 574 0
-575 22 0
-574 154 0
-574 159 0
-350 -572 573 0
-571 -283 572 0
-570 -227 571 0
-354 -159 570 0
-150 -576 577 0
-575 -86 576 0
-574 -22 575 0
-154 -159 574 0
-588 -583 587 0
-588 583 -587 0
-583 365 0
-583 582 0
-582 581 0
-582 295 0
-581 580 0
-581 235 0
-580 172 0
-580 213 0
-587 167 0
-587 586 0
-586 585 0
-586 99 0
-585 584 0
-585 31 0
-584 172 0
-584 4 0
-365 -582 583 0
-581 -295 582 0
-580 -235 581 0
-172 -213 580 0
-167 -586 587 0
-585 -99 586 0
-584 -31 585 0
-172 -4 584 0
-600 -594 599 0
-600 594 -599 0
-594 592 0
-594 593 0
-592 346 0
-592 591 0
-591 357 0
-591 590 0
-590 369 0
-590 176 0
-593 264 0
-593 321 0
-599 597 0
-599 598 0
-597 146 0
-597 596 0
-596 158 0
-596 595 0
-595 171 0
-595 176 0
-598 65 0
-598 129 0
-592 -593 594 0
-346 -591 592 0
-357 -590 591 0
-369 -176 590 0
-264 -321 593 0
-597 -598 599 0
-146 -596 597 0
-158 -595 596 0
-171 -176 595 0
-65 -129 598 0
-612 -606 611 0
-612 606 -611 0
-606 604 0
-606 605 0
-604 361 0
-604 603 0
-603 372 0
-603 602 0
-602 185 0
-602 213 0
-605 272 0
-605 328 0
-611 609 0
-611 610 0
-609 163 0
-609 608 0
-608 175 0
-608 607 0
-607 185 0
-607 4 0
-610 74 0
-610 137 0
-604 -605 606 0
-361 -603 604 0
-372 -602 603 0
-185 -213 602 0
-272 -328 605 0
-609 -610 611 0
-163 -608 609 0
-175 -607 608 0
-185 -4 607 0
-74 -137 610 0
-624 -618 623 0
-624 618 -623 0
-618 616 0
-618 617 0
-616 376 0
-616 615 0
-615 614 0
-615 227 0
-614 380 0
-614 189 0
-617 283 0
-617 350 0
-623 621 0
-623 622 0
-621 180 0
-621 620 0
-620 619 0
-620 22 0
-619 184 0
-619 189 0
-622 86 0
-622 150 0
-616 -617 618 0
-376 -615 616 0
-614 -227 615 0
-380 -189 614 0
-283 -350 617 0
-621 -622 623 0
-180 -620 621 0
-619 -22 620 0
-184 -189 619 0
-86 -150 622 0
-636 -630 635 0
-636 630 -635 0
-630 628 0
-630 629 0
-628 387 0
-628 627 0
-627 626 0
-627 235 0
-626 198 0
-626 213 0
-629 295 0
-629 365 0
-635 633 0
-635 634 0
-633 193 0
-633 632 0
-632 631 0
-632 31 0
-631 198 0
-631 4 0
-634 99 0
-634 167 0
-628 -629 630 0
-387 -627 628 0
-626 -235 627 0
-198 -213 626 0
-295 -365 629 0
-633 -634 635 0
-193 -632 633 0
-631 -31 632 0
-198 -4 631 0
-99 -167 634 0
-645 -638 644 0
-645 638 -644 0
-644 641 0
-644 643 0
-641 640 0
-641 65 0
-640 188 0
-640 639 0
-639 197 0
-639 202 0
-643 129 0
-643 642 0
-642 146 0
-642 180 0
-641 -643 644 0
-640 -65 641 0
-188 -639 640 0
-197 -202 639 0
-129 -642 643 0
-146 -180 642 0
-659 -652 658 0
-659 652 -658 0
-652 649 0
-652 651 0
-649 648 0
-649 272 0
-648 405 0
-648 647 0
-647 207 0
-647 213 0
-651 328 0
-651 650 0
-650 361 0
-650 387 0
-658 655 0
-658 657 0
-655 654 0
-655 74 0
-654 201 0
-654 653 0
-653 207 0
-653 4 0
-657 137 0
-657 656 0
-656 163 0
-656 193 0
-649 -651 652 0
-648 -272 649 0
-405 -647 648 0
-207 -213 647 0
-328 -650 651 0
-361 -387 650 0
-655 -657 658 0
-654 -74 655 0
-201 -653 654 0
-207 -4 653 0
-137 -656 657 0
-163 -193 656 0
-676 -668 675 0
-676 668 -675 0
-668 664 0
-668 667 0
-664 663 0
-664 283 0
-663 662 0
-663 227 0
-662 409 0
-662 661 0
-667 350 0
-667 666 0
-666 376 0
-666 665 0
-665 383 0
-665 405 0
-675 671 0
-675 674 0
-671 670 0
-671 86 0
-670 669 0
-670 22 0
-669 206 0
-669 661 0
-674 150 0
-674 673 0
-673 180 0
-673 672 0
-672 188 0
-672 201 0
-664 -667 668 0
-663 -283 664 0
-662 -227 663 0
-409 -661 662 0
-350 -666 667 0
-376 -665 666 0
-383 -405 665 0
-671 -674 675 0
-670 -86 671 0
-669 -22 670 0
-206 -661 669 0
-150 -673 674 0
-180 -672 673 0
-188 -201 672 0
-695 -686 694 0
-695 686 -694 0
-686 681 0
-686 685 0
-681 -680 0
-681 295 0
-679 235 680 0
679 -235 680 0
-679 -235 680 0
-678 -213 679 0
-685 365 0
-685 684 0
-684 387 0
-684 683 0
-683 405 0
-683 682 0
-682 409 0
-682 -661 0
-694 689 0
-694 693 0
-689 688 0
-689 99 0
-688 687 0
-688 31 0
-687 678 0
-687 4 0
-693 167 0
-693 692 0
-692 193 0
-692 691 0
-691 201 0
-691 690 0
-690 206 0
-690 -661 0
-681 -685 686 0
680 -295 681 0
-680 679 235 0
-679 678 0
-679 213 0
-365 -684 685 0
-387 -683 684 0
-405 -682 683 0
-409 661 682 0
-689 -693 694 0
-688 -99 689 0
-687 -31 688 0
-678 -4 687 0
-167 -692 693 0
-193 -691 692 0
-201 -690 691 0
-206 661 690 0
2009 0
1 -2010 0
-5 -2010 0
-1 5 2010 0
9 -2011 0
-14 -2011 0
-9 14 2011 0
13 -2012 0
4 -2012 0
-13 -4 2012 0
18 -2013 0
-27 -2013 0
-18 27 2013 0
26 -2014 0
13 -2014 0
-26 -13 2014 0
35 -2015 0
-40 -2015 0
-35 40 2015 0
39 -2016 0
26 -2016 0
-39 -26 2016 0
48 -2017 0
-53 -2017 0
-48 53 2017 0
52 -2018 0
39 -2018 0
-52 -39 2018 0
44 -2019 0
22 -2019 0
-44 -22 2019 0
61 -2020 0
-70 -2020 0
-61 70 2020 0
57 -2021 0
31 -2021 0
-57 -31 2021 0
69 -2022 0
52 -2022 0
-69 -52 2022 0
44 -2023 0
82 -2023 0
-44 -82 2023 0
78 -2024 0
-91 -2024 0
-78 91 2024 0
69 -2025 0
90 -2025 0
-69 -90 2025 0
57 -2026 0
95 -2026 0
-57 -95 2026 0
-108 -2027 0
103 -2027 0
108 -103 2027 0
107 -2028 0
90 -2028 0
-107 -90 2028 0
-121 -2029 0
116 -2029 0
121 -116 2029 0
107 -2030 0
120 -2030 0
-107 -120 2030 0
112 -2031 0
82 -2031 0
-112 -82 2031 0
95 -2032 0
125 -2032 0
-95 -125 2032 0
-142 -2033 0
133 -2033 0
142 -133 2033 0
141 -2034 0
120 -2034 0
-141 -120 2034 0
112 -2035 0
146 -2035 0
-112 -146 2035 0
-159 -2036 0
154 -2036 0
159 -154 2036 0
158 -2037 0
141 -2037 0
-158 -141 2037 0
125 -2038 0
163 -2038 0
-125 -163 2038 0
-176 -2039 0
171 -2039 0
176 -171 2039 0
158 -2040 0
175 -2040 0
-158 -175 2040 0
-189 -2041 0
184 -2041 0
189 -184 2041 0
188 -2042 0
175 -2042 0
-188 -175 2042 0
-202 -2043 0
197 -2043 0
202 -197 2043 0
-5 -2044 0
210 -2044 0
5 -210 2044 0
-14 -2045 0
217 -2045 0
14 -217 2045 0
220 -2046 0
213 -2046 0
-220 -213 2046 0
-27 -2047 0
224 -2047 0
27 -224 2047 0
220 -2048 0
231 -2048 0
-220 -231 2048 0
-40 -2049 0
239 -2049 0
40 -239 2049 0
231 -2050 0
242 -2050 0
-231 -242 2050 0
250 -2051 0
-53 -2051 0
-250 53 2051 0
253 -2052 0
242 -2052 0
-253 -242 2052 0
246 -2053 0
227 -2053 0
-246 -227 2053 0
-70 -2054 0
261 -2054 0
70 -261 2054 0
257 -2055 0
235 -2055 0
-257 -235 2055 0
253 -2056 0
268 -2056 0
-253 -268 2056 0
246 -2057 0
279 -2057 0
-246 -279 2057 0
-91 -2058 0
276 -2058 0
91 -276 2058 0
268 -2059 0
287 -2059 0
-268 -287 2059 0
257 -2060 0
291 -2060 0
-257 -291 2060 0
-108 -2061 0
299 -2061 0
108 -299 2061 0
287 -2062 0
302 -2062 0
-287 -302 2062 0
-121 -2063 0
310 -2063 0
121 -310 2063 0
313 -2064 0
302 -2064 0
-313 -302 2064 0
279 -2065 0
306 -2065 0
-279 -306 2065 0
317 -2066 0
291 -2066 0
-317 -291 2066 0
155 -2067 0
213 -2067 0
-155 -213 2067 0
346 -2068 0
306 -2068 0
-346 -306 2068 0
354 -2069 0
-159 -2069 0
-354 159 2069 0
361 -2070 0
317 -2070 0
-361 -317 2070 0
369 -2071 0
-176 -2071 0
-369 176 2071 0
372 -2072 0
357 -2072 0
-372 -357 2072 0
380 -2073 0
-189 -2073 0
-380 189 2073 0
372 -2074 0
383 -2074 0
-372 -383 2074 0
202 -2075 0
391 -2075 0
-202 -391 2075 0
383 -2076 0
395 -2076 0
-383 -395 2076 0
264 -2077 0
396 -2077 0
-264 -396 2077 0
346 -2078 0
376 -2078 0
-346 -376 2078 0
321 -2079 0
401 -2079 0
-321 -401 2079 0
-202 -2080 0
391 -2080 0
202 -391 2080 0
5 -2081 0
210 -2081 0
-5 -210 2081 0
1 -2082 0
5 -2082 0
-1 -5 2082 0
10 -2083 0
213 -2083 0
-10 -213 2083 0
4 -2084 0
10 -2084 0
-4 -10 2084 0
14 -2085 0
217 -2085 0
-14 -217 2085 0
213 -2086 0
423 -2086 0
-213 -423 2086 0
9 -2087 0
14 -2087 0
-9 -14 2087 0
4 -2088 0
425 -2088 0
-4 -425 2088 0
19 -2089 0
213 -2089 0
-19 -213 2089 0
220 -2090 0
429 -2090 0
-220 -429 2090 0
4 -2091 0
19 -2091 0
-4 -19 2091 0
13 -2092 0
431 -2092 0
-13 -431 2092 0
27 -2093 0
224 -2093 0
-27 -224 2093 0
227 -2094 0
435 -2094 0
-227 -435 2094 0
18 -2095 0
27 -2095 0
-18 -27 2095 0
22 -2096 0
437 -2096 0
-22 -437 2096 0
36 -2097 0
213 -2097 0
-36 -213 2097 0
235 -2098 0
441 -2098 0
-235 -441 2098 0
4 -2099 0
36 -2099 0
-4 -36 2099 0
31 -2100 0
443 -2100 0
-31 -443 2100 0
40 -2101 0
239 -2101 0
-40 -239 2101 0
231 -2102 0
447 -2102 0
-231 -447 2102 0
227 -2103 0
448 -2103 0
-227 -448 2103 0
35 -2104 0
40 -2104 0
-35 -40 2104 0
26 -2105 0
450 -2105 0
-26 -450 2105 0
22 -2106 0
451 -2106 0
-22 -451 2106 0
49 -2107 0
213 -2107 0
-49 -213 2107 0
242 -2108 0
455 -2108 0
-242 -455 2108 0
235 -2109 0
456 -2109 0
-235 -456 2109 0
4 -2110 0
49 -2110 0
-4 -49 2110 0
39 -2111 0
458 -2111 0
-39 -458 2111 0
31 -2112 0
459 -2112 0
-31 -459 2112 0
250 -2113 0
53 -2113 0
-250 -53 2113 0
227 -2114 0
463 -2114 0
-227 -463 2114 0
246 -2115 0
464 -2115 0
-246 -464 2115 0
48 -2116 0
53 -2116 0
-48 -53 2116 0
22 -2117 0
466 -2117 0
-22 -466 2117 0
44 -2118 0
467 -2118 0
-44 -467 2118 0
62 -2119 0
213 -2119 0
-62 -213 2119 0
235 -2120 0
471 -2120 0
-235 -471 2120 0
257 -2121 0
472 -2121 0
-257 -472 2121 0
62 -2122 0
4 -2122 0
-62 -4 2122 0
31 -2123 0
474 -2123 0
-31 -474 2123 0
57 -2124 0
475 -2124 0
-57 -475 2124 0
70 -2125 0
261 -2125 0
-70 -261 2125 0
253 -2126 0
479 -2126 0
-253 -479 2126 0
264 -2127 0
480 -2127 0
-264 -480 2127 0
61 -2128 0
70 -2128 0
-61 -70 2128 0
52 -2129 0
482 -2129 0
-52 -482 2129 0
65 -2130 0
483 -2130 0
-65 -483 2130 0
79 -2131 0
213 -2131 0
-79 -213 2131 0
268 -2132 0
487 -2132 0
-268 -487 2132 0
272 -2133 0
488 -2133 0
-272 -488 2133 0
79 -2134 0
4 -2134 0
-79 -4 2134 0
69 -2135 0
490 -2135 0
-69 -490 2135 0
74 -2136 0
491 -2136 0
-74 -491 2136 0
91 -2137 0
276 -2137 0
-91 -276 2137 0
227 -2138 0
495 -2138 0
-227 -495 2138 0
283 -2139 0
496 -2139 0
-283 -496 2139 0
78 -2140 0
91 -2140 0
-78 -91 2140 0
22 -2141 0
498 -2141 0
-22 -498 2141 0
86 -2142 0
499 -2142 0
-86 -499 2142 0
104 -2143 0
213 -2143 0
-104 -213 2143 0
235 -2144 0
503 -2144 0
-235 -503 2144 0
295 -2145 0
504 -2145 0
-295 -504 2145 0
104 -2146 0
4 -2146 0
-104 -4 2146 0
31 -2147 0
506 -2147 0
-31 -506 2147 0
99 -2148 0
507 -2148 0
-99 -507 2148 0
108 -2149 0
299 -2149 0
-108 -299 2149 0
287 -2150 0
511 -2150 0
-287 -511 2150 0
279 -2151 0
512 -2151 0
-279 -512 2151 0
264 -2152 0
513 -2152 0
-264 -513 2152 0
108 -2153 0
103 -2153 0
-108 -103 2153 0
90 -2154 0
515 -2154 0
-90 -515 2154 0
82 -2155 0
516 -2155 0
-82 -516 2155 0
65 -2156 0
517 -2156 0
-65 -517 2156 0
117 -2157 0
213 -2157 0
-117 -213 2157 0
302 -2158 0
521 -2158 0
-302 -521 2158 0
291 -2159 0
522 -2159 0
-291 -522 2159 0
272 -2160 0
523 -2160 0
-272 -523 2160 0
117 -2161 0
4 -2161 0
-117 -4 2161 0
107 -2162 0
525 -2162 0
-107 -525 2162 0
95 -2163 0
526 -2163 0
-95 -526 2163 0
74 -2164 0
527 -2164 0
-74 -527 2164 0
121 -2165 0
310 -2165 0
-121 -310 2165 0
227 -2166 0
531 -2166 0
-227 -531 2166 0
306 -2167 0
532 -2167 0
-306 -532 2167 0
283 -2168 0
533 -2168 0
-283 -533 2168 0
121 -2169 0
116 -2169 0
-121 -116 2169 0
22 -2170 0
535 -2170 0
-22 -535 2170 0
112 -2171 0
536 -2171 0
-112 -536 2171 0
86 -2172 0
537 -2172 0
-86 -537 2172 0
134 -2173 0
213 -2173 0
-134 -213 2173 0
235 -2174 0
541 -2174 0
-235 -541 2174 0
317 -2175 0
542 -2175 0
-317 -542 2175 0
295 -2176 0
543 -2176 0
-295 -543 2176 0
134 -2177 0
4 -2177 0
-134 -4 2177 0
31 -2178 0
545 -2178 0
-31 -545 2178 0
125 -2179 0
546 -2179 0
-125 -546 2179 0
99 -2180 0
547 -2180 0
-99 -547 2180 0
325 -2181 0
142 -2181 0
-325 -142 2181 0
313 -2182 0
551 -2182 0
-313 -551 2182 0
264 -2183 0
552 -2183 0
-264 -552 2183 0
321 -2184 0
553 -2184 0
-321 -553 2184 0
142 -2185 0
133 -2185 0
-142 -133 2185 0
120 -2186 0
555 -2186 0
-120 -555 2186 0
65 -2187 0
556 -2187 0
-65 -556 2187 0
129 -2188 0
557 -2188 0
-129 -557 2188 0
328 -2189 0
562 -2189 0
-328 -562 2189 0
155 -2190 0
4 -2190 0
-155 -4 2190 0
141 -2191 0
564 -2191 0
-141 -564 2191 0
74 -2192 0
565 -2192 0
-74 -565 2192 0
137 -2193 0
566 -2193 0
-137 -566 2193 0
354 -2194 0
159 -2194 0
-354 -159 2194 0
227 -2195 0
570 -2195 0
-227 -570 2195 0
283 -2196 0
571 -2196 0
-283 -571 2196 0
350 -2197 0
572 -2197 0
-350 -572 2197 0
159 -2198 0
154 -2198 0
-159 -154 2198 0
22 -2199 0
574 -2199 0
-22 -574 2199 0
86 -2200 0
575 -2200 0
-86 -575 2200 0
150 -2201 0
576 -2201 0
-150 -576 2201 0
172 -2202 0
213 -2202 0
-172 -213 2202 0
235 -2203 0
580 -2203 0
-235 -580 2203 0
295 -2204 0
581 -2204 0
-295 -581 2204 0
365 -2205 0
582 -2205 0
-365 -582 2205 0
172 -2206 0
4 -2206 0
-172 -4 2206 0
31 -2207 0
584 -2207 0
-31 -584 2207 0
99 -2208 0
585 -2208 0
-99 -585 2208 0
167 -2209 0
586 -2209 0
-167 -586 2209 0
369 -2210 0
176 -2210 0
-369 -176 2210 0
357 -2211 0
590 -2211 0
-357 -590 2211 0
346 -2212 0
591 -2212 0
-346 -591 2212 0
321 -2213 0
264 -2213 0
-321 -264 2213 0
592 -2214 0
593 -2214 0
-592 -593 2214 0
176 -2215 0
171 -2215 0
-176 -171 2215 0
158 -2216 0
595 -2216 0
-158 -595 2216 0
146 -2217 0
596 -2217 0
-146 -596 2217 0
65 -2218 0
129 -2218 0
-65 -129 2218 0
597 -2219 0
598 -2219 0
-597 -598 2219 0
185 -2220 0
213 -2220 0
-185 -213 2220 0
372 -2221 0
602 -2221 0
-372 -602 2221 0
361 -2222 0
603 -2222 0
-361 -603 2222 0
328 -2223 0
272 -2223 0
-328 -272 2223 0
604 -2224 0
605 -2224 0
-604 -605 2224 0
185 -2225 0
4 -2225 0
-185 -4 2225 0
175 -2226 0
607 -2226 0
-175 -607 2226 0
163 -2227 0
608 -2227 0
-163 -608 2227 0
74 -2228 0
137 -2228 0
-74 -137 2228 0
609 -2229 0
610 -2229 0
-609 -610 2229 0
380 -2230 0
189 -2230 0
-380 -189 2230 0
227 -2231 0
614 -2231 0
-227 -614 2231 0
376 -2232 0
615 -2232 0
-376 -615 2232 0
350 -2233 0
283 -2233 0
-350 -283 2233 0
616 -2234 0
617 -2234 0
-616 -617 2234 0
189 -2235 0
184 -2235 0
-189 -184 2235 0
22 -2236 0
619 -2236 0
-22 -619 2236 0
180 -2237 0
620 -2237 0
-180 -620 2237 0
86 -2238 0
150 -2238 0
-86 -150 2238 0
621 -2239 0
622 -2239 0
-621 -622 2239 0
198 -2240 0
213 -2240 0
-198 -213 2240 0
235 -2241 0
626 -2241 0
-235 -626 2241 0
387 -2242 0
627 -2242 0
-387 -627 2242 0
365 -2243 0
295 -2243 0
-365 -295 2243 0
628 -2244 0
629 -2244 0
-628 -629 2244 0
198 -2245 0
4 -2245 0
-198 -4 2245 0
31 -2246 0
631 -2246 0
-31 -631 2246 0
193 -2247 0
632 -2247 0
-193 -632 2247 0
99 -2248 0
167 -2248 0
-99 -167 2248 0
633 -2249 0
634 -2249 0
-633 -634 2249 0
202 -2250 0
197 -2250 0
-202 -197 2250 0
188 -2251 0
639 -2251 0
-188 -639 2251 0
65 -2252 0
640 -2252 0
-65 -640 2252 0
180 -2253 0
146 -2253 0
-180 -146 2253 0
129 -2254 0
642 -2254 0
-129 -642 2254 0
641 -2255 0
643 -2255 0
-641 -643 2255 0
207 -2256 0
213 -2256 0
-207 -213 2256 0
405 -2257 0
647 -2257 0
-405 -647 2257 0
272 -2258 0
648 -2258 0
-272 -648 2258 0
361 -2259 0
387 -2259 0
-361 -387 2259 0
328 -2260 0
650 -2260 0
-328 -650 2260 0
649 -2261 0
651 -2261 0
-649 -651 2261 0
207 -2262 0
4 -2262 0
-207 -4 2262 0
201 -2263 0
653 -2263 0
-201 -653 2263 0
74 -2264 0
654 -2264 0
-74 -654 2264 0
193 -2265 0
163 -2265 0
-193 -163 2265 0
137 -2266 0
656 -2266 0
-137 -656 2266 0
655 -2267 0
657 -2267 0
-655 -657 2267 0
409 -2268 0
661 -2268 0
-409 -661 2268 0
227 -2269 0
662 -2269 0
-227 -662 2269 0
283 -2270 0
663 -2270 0
-283 -663 2270 0
405 -2271 0
383 -2271 0
-405 -383 2271 0
376 -2272 0
665 -2272 0
-376 -665 2272 0
350 -2273 0
666 -2273 0
-350 -666 2273 0
664 -2274 0
667 -2274 0
-664 -667 2274 0
661 -2275 0
206 -2275 0
-661 -206 2275 0
22 -2276 0
669 -2276 0
-22 -669 2276 0
86 -2277 0
670 -2277 0
-86 -670 2277 0
201 -2278 0
188 -2278 0
-201 -188 2278 0
180 -2279 0
672 -2279 0
-180 -672 2279 0
150 -2280 0
673 -2280 0
-150 -673 2280 0
671 -2281 0
674 -2281 0
-671 -674 2281 0
678 -2282 0
213 -2282 0
-678 -213 2282 0
-235 -2283 0
-679 -2283 0
235 679 2283 0
295 -2284 0
-680 -2284 0
-295 680 2284 0
409 -2285 0
-661 -2285 0
-409 661 2285 0
405 -2286 0
682 -2286 0
-405 -682 2286 0
387 -2287 0
683 -2287 0
-387 -683 2287 0
365 -2288 0
684 -2288 0
-365 -684 2288 0
681 -2289 0
685 -2289 0
-681 -685 2289 0
4 -2290 0
678 -2290 0
-4 -678 2290 0
31 -2291 0
687 -2291 0
-31 -687 2291 0
99 -2292 0
688 -2292 0
-99 -688 2292 0
-661 -2293 0
206 -2293 0
661 -206 2293 0
201 -2294 0
690 -2294 0
-201 -690 2294 0
193 -2295 0
691 -2295 0
-193 -691 2295 0
167 -2296 0
692 -2296 0
-167 -692 2296 0
689 -2297 0
693 -2297 0
-689 -693 2297 0
