p cnf 91 105426-105421 105423 0
-105391 105393 0
-105394 105396 0
-105361 105363 0
-105412 105414 0
-105409 105411 0
105337 105338 105339 0
105340 105341 105342 0
105343 105344 105345 0
105346 105347 105348 0
105349 105350 105351 0
105352 105353 105354 0
105355 105356 105357 0
105358 105359 105360 0
105364 105365 105366 0
105367 105368 105369 0
105370 105371 105372 0
105373 105374 105375 0
105376 105377 105378 0
105379 105380 105381 0
105382 105383 105384 0
105385 105386 105387 0
105388 105389 105390 0
105397 105398 105399 0
105400 105401 105402 0
105403 105404 105405 0
105406 105407 105408 0
105415 105416 105417 0
105418 105419 105420 0
105424 105425 105426 0
-105421 105423 0
-105391 105393 0
-105394 105396 0
-105361 105363 0
-105412 105414 0
-105409 105411 0
105337 105338 105339 0
105340 105341 105342 0
105343 105344 105345 0
105346 105347 105348 0
105349 105350 105351 0
105352 105353 105354 0
105355 105356 105357 0
105358 105359 105360 0
105364 105365 105366 0
105367 105368 105369 0
105370 105371 105372 0
105373 105374 105375 0
105376 105377 105378 0
105379 105380 105381 0
105382 105383 105384 0
105385 105386 105387 0
105388 105389 105390 0
105397 105398 105399 0
105400 105401 105402 0
105403 105404 105405 0
105406 105407 105408 0
105415 105416 105417 0
105418 105419 105420 0
105424 105425 105426 0
105337 105338 105339 0
105340 105341 105342 0
-105345 105372 0
105345 -105372 0
-105345 105375 0
105345 -105375 0
105346 105347 105348 0
105349 105350 105351 0
-105354 105384 0
105354 -105384 0
-105357 105399 0
105357 -105399 0
105358 105359 105360 0
-105361 105363 0
105364 105365 105366 0
-105369 105405 0
105369 -105405 0
105376 105377 105378 0
105379 105380 105381 0
105385 105386 105387 0
105388 105389 105390 0
-105393 105411 0
105393 -105411 0
-105394 105396 0
105400 105401 105402 0
105406 105407 105408 0
-105412 105414 0
105415 105416 105417 0
105418 105419 105420 0
-105421 105423 0
105424 105425 105426 0
