p cnf 322 106821104032 104033 104034 0
104035 104036 104037 0
104038 104039 104040 0
104041 104042 104043 0
-105421 105423 0
-104041 105421 0
104041 -105421 0
104044 104045 104046 0
-105391 105393 0
-104044 105391 0
104044 -105391 0
104047 104048 104049 0
104050 104051 104052 0
-106795 106797 0
-104050 106795 0
104050 -106795 0
104053 104054 104055 0
104056 104057 104058 0
104059 104060 104061 0
104062 104063 104064 0
104065 104066 104067 0
-105394 105396 0
-104065 105394 0
104065 -105394 0
104068 104069 104070 0
104071 104072 104073 0
104074 104075 104076 0
104077 104078 104079 0
104080 104081 104082 0
104083 104084 104085 0
104086 104087 104088 0
-105361 105363 0
-104086 105361 0
104086 -105361 0
104089 104090 104091 0
-105412 105414 0
-104089 105412 0
104089 -105412 0
104092 104093 104094 0
104095 104096 104097 0
104098 104099 104100 0
104101 104102 104103 0
104104 104105 104106 0
104107 104108 104109 0
104110 104111 104112 0
-105409 105411 0
-104110 105409 0
104110 -105409 0
104113 104114 104115 0
104116 104117 104118 0
104119 104120 104121 0
105337 105338 105339 0
-106750 106752 0
-105337 106750 0
105337 -106750 0
105340 105341 105342 0
105343 105344 105345 0
105346 105347 105348 0
-106798 106800 0
-105346 106798 0
105346 -106798 0
105349 105350 105351 0
105352 105353 105354 0
-106759 106761 0
-105352 106759 0
105352 -106759 0
105355 105356 105357 0
105358 105359 105360 0
105364 105365 105366 0
105367 105368 105369 0
105370 105371 105372 0
105373 105374 105375 0
-106789 106791 0
-105373 106789 0
105373 -106789 0
105376 105377 105378 0
-106762 106764 0
-105376 106762 0
105376 -106762 0
105379 105380 105381 0
105382 105383 105384 0
105385 105386 105387 0
-106801 106803 0
-105385 106801 0
105385 -106801 0
105388 105389 105390 0
105397 105398 105399 0
105400 105401 105402 0
105403 105404 105405 0
105406 105407 105408 0
105415 105416 105417 0
-106765 106767 0
-105415 106765 0
105415 -106765 0
105418 105419 105420 0
105424 105425 105426 0
106732 106733 106734 0
106735 106736 106737 0
106738 106739 106740 0
106741 106742 106743 0
106744 106745 106746 0
106747 106748 106749 0
106753 106754 106755 0
106756 106757 106758 0
106768 106769 106770 0
106771 106772 106773 0
106774 106775 106776 0
106777 106778 106779 0
106780 106781 106782 0
106783 106784 106785 0
106786 106787 106788 0
106792 106793 106794 0
106804 106805 106806 0
106807 106808 106809 0
106810 106811 106812 0
106813 106814 106815 0
106816 106817 106818 0
106819 106820 106821 0
104032 104033 104034 0
104035 104036 104037 0
104038 104039 104040 0
-104042 105422 0
104042 -105422 0
-104045 105392 0
104045 -105392 0
104047 104048 104049 0
-104051 106796 0
104051 -106796 0
104053 104054 104055 0
104056 104057 104058 0
104059 104060 104061 0
104062 104063 104064 0
-104066 105395 0
104066 -105395 0
104068 104069 104070 0
104071 104072 104073 0
104074 104075 104076 0
104077 104078 104079 0
104080 104081 104082 0
104083 104084 104085 0
-104087 105362 0
104087 -105362 0
-104090 105413 0
104090 -105413 0
104092 104093 104094 0
104095 104096 104097 0
104098 104099 104100 0
104101 104102 104103 0
104104 104105 104106 0
104107 104108 104109 0
-104111 105410 0
104111 -105410 0
104113 104114 104115 0
104116 104117 104118 0
104119 104120 104121 0
-105338 106751 0
105338 -106751 0
105340 105341 105342 0
105343 105344 105345 0
-105347 106799 0
105347 -106799 0
105349 105350 105351 0
-105353 106760 0
105353 -106760 0
105355 105356 105357 0
105358 105359 105360 0
105364 105365 105366 0
105367 105368 105369 0
105370 105371 105372 0
-105374 106790 0
105374 -106790 0
-105377 106763 0
105377 -106763 0
105379 105380 105381 0
105382 105383 105384 0
-105386 106802 0
105386 -106802 0
105388 105389 105390 0
105397 105398 105399 0
105400 105401 105402 0
105403 105404 105405 0
105406 105407 105408 0
-105416 106766 0
105416 -106766 0
105418 105419 105420 0
105424 105425 105426 0
106732 106733 106734 0
106735 106736 106737 0
106738 106739 106740 0
106741 106742 106743 0
106744 106745 106746 0
106747 106748 106749 0
106753 106754 106755 0
106756 106757 106758 0
106768 106769 106770 0
106771 106772 106773 0
106774 106775 106776 0
106777 106778 106779 0
106780 106781 106782 0
106783 106784 106785 0
106786 106787 106788 0
106792 106793 106794 0
106804 106805 106806 0
106807 106808 106809 0
106810 106811 106812 0
106813 106814 106815 0
106816 106817 106818 0
106819 106820 106821 0
-104034 104037 0
104034 -104037 0
-104034 104040 0
104034 -104040 0
-104034 104043 0
104034 -104043 0
-104034 104046 0
104034 -104046 0
-104049 104052 0
104049 -104052 0
-104049 104055 0
104049 -104055 0
-104049 104058 0
104049 -104058 0
-104049 104061 0
104049 -104061 0
-104064 104067 0
104064 -104067 0
-104064 104070 0
104064 -104070 0
-104064 104073 0
104064 -104073 0
-104064 104076 0
104064 -104076 0
104077 104078 104079 0
104080 104081 104082 0
104083 104084 104085 0
-104088 104091 0
104088 -104091 0
-104088 104094 0
104088 -104094 0
-104088 104097 0
104088 -104097 0
-104088 104100 0
104088 -104100 0
-104103 104106 0
104103 -104106 0
-104103 104109 0
104103 -104109 0
-104103 104112 0
104103 -104112 0
-104103 104115 0
104103 -104115 0
104116 104117 104118 0
104119 104120 104121 0
105337 105338 105339 0
-105342 106794 0
105342 -106794 0
-105345 105372 0
105345 -105372 0
-105345 105375 0
105345 -105375 0
-105348 106743 0
105348 -106743 0
-105348 106812 0
105348 -106812 0
105349 105350 105351 0
-105354 105384 0
105354 -105384 0
-105354 106734 0
105354 -106734 0
-105354 106821 0
105354 -106821 0
-105357 105399 0
105357 -105399 0
105358 105359 105360 0
-105361 105363 0
105364 105365 105366 0
-105369 105405 0
105369 -105405 0
-105378 106746 0
105378 -106746 0
-105378 106755 0
105378 -106755 0
-105378 106773 0
105378 -106773 0
-105378 106809 0
105378 -106809 0
105379 105380 105381 0
-105387 106749 0
105387 -106749 0
-105387 106785 0
105387 -106785 0
105388 105389 105390 0
-105393 105411 0
105393 -105411 0
-105394 105396 0
-105402 106788 0
105402 -106788 0
105406 105407 105408 0
-105414 106767 0
105414 -106767 0
-105417 106770 0
105417 -106770 0
105418 105419 105420 0
-105423 106752 0
105423 -106752 0
105424 105425 105426 0
-106737 106776 0
106737 -106776 0
-106737 106815 0
106737 -106815 0
106738 106739 106740 0
106756 106757 106758 0
-106759 106761 0
-106762 106764 0
106777 106778 106779 0
106780 106781 106782 0
-106789 106791 0
-106795 106797 0
-106798 106800 0
-106801 106803 0
106804 106805 106806 0
106816 106817 106818 0
