p cnf 744 111546104032 104033 104034 0
104035 104036 104037 0
104038 104039 104040 0
104041 104042 104043 0
-105421 105423 0
-104041 105421 0
104041 -105421 0
104044 104045 104046 0
-105391 105393 0
-104044 105391 0
104044 -105391 0
104047 104048 104049 0
104050 104051 104052 0
-106795 106797 0
-104050 106795 0
104050 -106795 0
104053 104054 104055 0
104056 104057 104058 0
-109840 109842 0
-104056 109840 0
104056 -109840 0
104059 104060 104061 0
104062 104063 104064 0
104065 104066 104067 0
-105394 105396 0
-104065 105394 0
104065 -105394 0
-111467 111468 0
-104065 111466 0
104065 -111466 0
104068 104069 104070 0
104071 104072 104073 0
104074 104075 104076 0
104077 104078 104079 0
104080 104081 104082 0
104083 104084 104085 0
104086 104087 104088 0
-105361 105363 0
-104086 105361 0
104086 -105361 0
-109868 109869 0
-104086 109867 0
104086 -109867 0
104089 104090 104091 0
-105412 105414 0
-104089 105412 0
104089 -105412 0
-109808 109809 0
-104089 109807 0
104089 -109807 0
104092 104093 104094 0
-109798 109800 0
-104092 109798 0
104092 -109798 0
104095 104096 104097 0
-109819 109821 0
-104095 109819 0
104095 -109819 0
104098 104099 104100 0
104101 104102 104103 0
104104 104105 104106 0
-111484 111486 0
-104104 111484 0
104104 -111484 0
104107 104108 104109 0
-111472 111474 0
-104107 111472 0
104107 -111472 0
104110 104111 104112 0
-105409 105411 0
-104110 105409 0
104110 -105409 0
-111476 111477 0
-104110 111475 0
104110 -111475 0
104113 104114 104115 0
-111502 111504 0
-104113 111502 0
104113 -111502 0
104116 104117 104118 0
104119 104120 104121 0
-109834 109836 0
-104119 109834 0
104119 -109834 0
105337 105338 105339 0
-106750 106752 0
-105337 106750 0
105337 -106750 0
-111491 111492 0
-105337 111490 0
105337 -111490 0
105340 105341 105342 0
-109822 109824 0
-105340 109822 0
105340 -109822 0
105343 105344 105345 0
-109831 109833 0
-105343 109831 0
105343 -109831 0
105346 105347 105348 0
-106798 106800 0
-105346 106798 0
105346 -106798 0
105349 105350 105351 0
105352 105353 105354 0
-106759 106761 0
-105352 106759 0
105352 -106759 0
-108254 108255 0
-105352 108253 0
105352 -108253 0
105355 105356 105357 0
-111469 111471 0
-105355 111469 0
105355 -111469 0
105358 105359 105360 0
105364 105365 105366 0
-108301 108303 0
-105364 108301 0
105364 -108301 0
105367 105368 105369 0
-109825 109827 0
-105367 109825 0
105367 -109825 0
105370 105371 105372 0
105373 105374 105375 0
-106789 106791 0
-105373 106789 0
105373 -106789 0
105376 105377 105378 0
-106762 106764 0
-105376 106762 0
105376 -106762 0
-111479 111480 0
-105376 111478 0
105376 -111478 0
105379 105380 105381 0
105382 105383 105384 0
105385 105386 105387 0
-106801 106803 0
-105385 106801 0
105385 -106801 0
105388 105389 105390 0
105397 105398 105399 0
-108298 108300 0
-105397 108298 0
105397 -108298 0
105400 105401 105402 0
105403 105404 105405 0
105406 105407 105408 0
-111463 111465 0
-105406 111463 0
105406 -111463 0
105415 105416 105417 0
-106765 106767 0
-105415 106765 0
105415 -106765 0
-109811 109812 0
-105415 109810 0
105415 -109810 0
105418 105419 105420 0
105424 105425 105426 0
106732 106733 106734 0
-108220 108222 0
-106732 108220 0
106732 -108220 0
106735 106736 106737 0
-108244 108246 0
-106735 108244 0
106735 -108244 0
106738 106739 106740 0
106741 106742 106743 0
-108250 108252 0
-106741 108250 0
106741 -108250 0
106744 106745 106746 0
-108247 108249 0
-106744 108247 0
106744 -108247 0
-111542 111543 0
-106744 111541 0
106744 -111541 0
106747 106748 106749 0
-111523 111525 0
-106747 111523 0
106747 -111523 0
106753 106754 106755 0
-108229 108231 0
-106753 108229 0
106753 -108229 0
-111536 111537 0
-106753 111535 0
106753 -111535 0
106756 106757 106758 0
106768 106769 106770 0
-109804 109806 0
-106768 109804 0
106768 -109804 0
106771 106772 106773 0
-108304 108306 0
-106771 108304 0
106771 -108304 0
-111488 111489 0
-106771 111487 0
106771 -111487 0
106774 106775 106776 0
106777 106778 106779 0
106780 106781 106782 0
106783 106784 106785 0
106786 106787 106788 0
-108259 108261 0
-106786 108259 0
106786 -108259 0
-109880 109881 0
-106786 109879 0
106786 -109879 0
106792 106793 106794 0
106804 106805 106806 0
106807 106808 106809 0
-111460 111462 0
-106807 111460 0
106807 -111460 0
106810 106811 106812 0
106813 106814 106815 0
106816 106817 106818 0
106819 106820 106821 0
-108262 108264 0
-106819 108262 0
106819 -108262 0
108217 108218 108219 0
-109864 109866 0
-108217 109864 0
108217 -109864 0
108223 -108225 0
-111505 -111507 0
-108223 111505 0
108223 -111505 0
108226 108227 108228 0
108232 108233 108234 0
-109837 109839 0
-108232 109837 0
108232 -109837 0
108235 108236 108237 0
-109849 109851 0
-108235 109849 0
108235 -109849 0
108238 -108240 0
108241 -108243 0
108256 108257 108258 0
108265 108266 108267 0
-109828 109830 0
-108265 109828 0
108265 -109828 0
108268 108269 108270 0
108271 108272 108273 0
108274 108275 108276 0
108277 108278 108279 0
108280 108281 108282 0
108283 -108285 0
108286 -108288 0
-111493 -111495 0
-108286 111493 0
108286 -111493 0
108289 108290 108291 0
-109876 109878 0
-108289 109876 0
108289 -109876 0
108292 108293 108294 0
108295 108296 108297 0
109792 109793 109794 0
109795 109796 109797 0
109801 109802 109803 0
109813 -109815 0
109816 -109818 0
109843 -109845 0
109846 -109848 0
109852 -109854 0
109855 -109857 0
109858 -109860 0
109861 -109863 0
109870 109871 109872 0
109873 109874 109875 0
-111481 111483 0
-109873 111481 0
109873 -111481 0
111457 111458 111459 0
111496 111497 111498 0
111499 -111501 0
111508 -111510 0
111511 -111513 0
111514 -111516 0
111517 111518 111519 0
111520 -111522 0
111526 -111528 0
111529 111530 111531 0
111532 111533 111534 0
111538 -111540 0
111544 -111546 0
104032 104033 104034 0
104035 104036 104037 0
104038 104039 104040 0
-104042 105422 0
104042 -105422 0
-104045 105392 0
104045 -105392 0
104047 104048 104049 0
-104051 106796 0
104051 -106796 0
104053 104054 104055 0
-104057 109841 0
104057 -109841 0
104059 104060 104061 0
104062 104063 104064 0
-104066 105395 0
104066 -105395 0
-104066 111467 0
104066 -111467 0
104068 104069 104070 0
104071 104072 104073 0
104074 104075 104076 0
104077 104078 104079 0
104080 104081 104082 0
104083 104084 104085 0
-104087 105362 0
104087 -105362 0
-104087 109868 0
104087 -109868 0
-104090 105413 0
104090 -105413 0
-104090 109808 0
104090 -109808 0
-104093 109799 0
104093 -109799 0
-104096 109820 0
104096 -109820 0
104098 104099 104100 0
104101 104102 104103 0
-104105 111485 0
104105 -111485 0
-104108 111473 0
104108 -111473 0
-104111 105410 0
104111 -105410 0
-104111 111476 0
104111 -111476 0
-104114 111503 0
104114 -111503 0
104116 104117 104118 0
-104120 109835 0
104120 -109835 0
-105338 106751 0
105338 -106751 0
-105338 111491 0
105338 -111491 0
-105341 109823 0
105341 -109823 0
-105344 109832 0
105344 -109832 0
-105347 106799 0
105347 -106799 0
105349 105350 105351 0
-105353 106760 0
105353 -106760 0
-105353 108254 0
105353 -108254 0
-105356 111470 0
105356 -111470 0
105358 105359 105360 0
-105365 108302 0
105365 -108302 0
-105368 109826 0
105368 -109826 0
105370 105371 105372 0
-105374 106790 0
105374 -106790 0
-105377 106763 0
105377 -106763 0
-105377 111479 0
105377 -111479 0
105379 105380 105381 0
105382 105383 105384 0
-105386 106802 0
105386 -106802 0
105388 105389 105390 0
-105398 108299 0
105398 -108299 0
105400 105401 105402 0
105403 105404 105405 0
-105407 111464 0
105407 -111464 0
-105416 106766 0
105416 -106766 0
-105416 109811 0
105416 -109811 0
105418 105419 105420 0
105424 105425 105426 0
-106733 108221 0
106733 -108221 0
-106736 108245 0
106736 -108245 0
106738 106739 106740 0
-106742 108251 0
106742 -108251 0
-106745 108248 0
106745 -108248 0
-106745 111542 0
106745 -111542 0
-106748 111524 0
106748 -111524 0
-106754 108230 0
106754 -108230 0
-106754 111536 0
106754 -111536 0
106756 106757 106758 0
-106769 109805 0
106769 -109805 0
-106772 108305 0
106772 -108305 0
-106772 111488 0
106772 -111488 0
106774 106775 106776 0
106777 106778 106779 0
106780 106781 106782 0
106783 106784 106785 0
-106787 108260 0
106787 -108260 0
-106787 109880 0
106787 -109880 0
106792 106793 106794 0
106804 106805 106806 0
-106808 111461 0
106808 -111461 0
106810 106811 106812 0
106813 106814 106815 0
106816 106817 106818 0
-106820 108263 0
106820 -108263 0
-108218 109865 0
108218 -109865 0
-108224 111506 0
108224 -111506 0
108226 108227 108228 0
-108233 109838 0
108233 -109838 0
-108236 109850 0
108236 -109850 0
108238 -108240 0
108241 -108243 0
108256 108257 108258 0
-108266 109829 0
108266 -109829 0
108268 108269 108270 0
108271 108272 108273 0
108274 108275 108276 0
108277 108278 108279 0
108280 108281 108282 0
108283 -108285 0
-108287 111494 0
108287 -111494 0
-108290 109877 0
108290 -109877 0
108292 108293 108294 0
108295 108296 108297 0
109792 109793 109794 0
109795 109796 109797 0
109801 109802 109803 0
109813 -109815 0
109816 -109818 0
109843 -109845 0
109846 -109848 0
109852 -109854 0
109855 -109857 0
109858 -109860 0
109861 -109863 0
109870 109871 109872 0
-109874 111482 0
109874 -111482 0
111457 111458 111459 0
111496 111497 111498 0
111499 -111501 0
111508 -111510 0
111511 -111513 0
111514 -111516 0
111517 111518 111519 0
111520 -111522 0
111526 -111528 0
111529 111530 111531 0
111532 111533 111534 0
111538 -111540 0
111544 -111546 0
-104034 104037 0
104034 -104037 0
-104034 104040 0
104034 -104040 0
-104034 104043 0
104034 -104043 0
-104034 104046 0
104034 -104046 0
-104049 104052 0
104049 -104052 0
-104049 104055 0
104049 -104055 0
-104049 104058 0
104049 -104058 0
-104049 104061 0
104049 -104061 0
-104049 108240 0
104049 -108240 0
-104049 108243 0
104049 -108243 0
-104049 111510 0
104049 -111510 0
-104064 104067 0
104064 -104067 0
-104064 104070 0
104064 -104070 0
-104064 104073 0
104064 -104073 0
-104064 104076 0
104064 -104076 0
-104064 109815 0
104064 -109815 0
-104064 109818 0
104064 -109818 0
104077 104078 104079 0
104080 104081 104082 0
104083 104084 104085 0
-104088 104091 0
104088 -104091 0
-104088 104094 0
104088 -104094 0
-104088 104097 0
104088 -104097 0
-104088 104100 0
104088 -104100 0
-104088 108285 0
104088 -108285 0
-104088 108288 0
104088 -108288 0
-104103 104106 0
104103 -104106 0
-104103 104109 0
104103 -104109 0
-104103 104112 0
104103 -104112 0
-104103 104115 0
104103 -104115 0
-104103 109857 0
104103 -109857 0
-104103 109860 0
104103 -109860 0
104116 104117 104118 0
-104121 108237 0
104121 -108237 0
-104121 108291 0
104121 -108291 0
-104121 111507 0
104121 -111507 0
-105339 109848 0
105339 -109848 0
-105339 111531 0
105339 -111531 0
-105339 111534 0
105339 -111534 0
-105342 106794 0
105342 -106794 0
-105342 108219 0
105342 -108219 0
-105342 108276 0
105342 -108276 0
-105345 105372 0
105345 -105372 0
-105345 105375 0
105345 -105375 0
-105345 108225 0
105345 -108225 0
-105345 111501 0
105345 -111501 0
-105348 106743 0
105348 -106743 0
-105348 106812 0
105348 -106812 0
105349 105350 105351 0
-105354 105384 0
105354 -105384 0
-105354 106734 0
105354 -106734 0
-105354 106821 0
105354 -106821 0
-105354 111495 0
105354 -111495 0
-105357 105399 0
105357 -105399 0
-105357 108258 0
105357 -108258 0
-105357 108270 0
105357 -108270 0
-105357 108297 0
105357 -108297 0
-105357 109854 0
105357 -109854 0
105358 105359 105360 0
-105363 111462 0
105363 -111462 0
-105366 108228 0
105366 -108228 0
-105369 105405 0
105369 -105405 0
-105369 108267 0
105369 -108267 0
-105369 111540 0
105369 -111540 0
-105369 111546 0
105369 -111546 0
-105378 106746 0
105378 -106746 0
-105378 106755 0
105378 -106755 0
-105378 106773 0
105378 -106773 0
-105378 106809 0
105378 -106809 0
-105378 109845 0
105378 -109845 0
105379 105380 105381 0
-105387 106749 0
105387 -106749 0
-105387 106785 0
105387 -106785 0
-105387 109863 0
105387 -109863 0
-105387 111459 0
105387 -111459 0
-105387 111519 0
105387 -111519 0
105388 105389 105390 0
-105393 105411 0
105393 -105411 0
-105396 108261 0
105396 -108261 0
-105396 109830 0
105396 -109830 0
-105396 109866 0
105396 -109866 0
-105402 106788 0
105402 -106788 0
-105402 108234 0
105402 -108234 0
-105402 108282 0
105402 -108282 0
-105402 111513 0
105402 -111513 0
-105402 111528 0
105402 -111528 0
-105408 108279 0
105408 -108279 0
-105408 109875 0
105408 -109875 0
-105414 106767 0
105414 -106767 0
-105414 108222 0
105414 -108222 0
-105414 108249 0
105414 -108249 0
-105417 106770 0
105417 -106770 0
-105417 108294 0
105417 -108294 0
-105417 111516 0
105417 -111516 0
-105417 111522 0
105417 -111522 0
105418 105419 105420 0
-105423 106752 0
105423 -106752 0
-105423 111474 0
105423 -111474 0
105424 105425 105426 0
-106737 106776 0
106737 -106776 0
-106737 106815 0
106737 -106815 0
106738 106739 106740 0
106756 106757 106758 0
-106761 108231 0
106761 -108231 0
-106761 109800 0
106761 -109800 0
-106764 108264 0
106764 -108264 0
-106764 109821 0
106764 -109821 0
106777 106778 106779 0
106780 106781 106782 0
-106789 106791 0
-106797 109836 0
106797 -109836 0
-106800 111486 0
106800 -111486 0
-106800 111525 0
106800 -111525 0
-106803 108252 0
106803 -108252 0
-106803 111504 0
106803 -111504 0
106804 106805 106806 0
106816 106817 106818 0
-108246 108306 0
108246 -108306 0
-108246 109806 0
108246 -109806 0
-108254 108255 0
108271 108272 108273 0
-108300 109851 0
108300 -109851 0
-108300 111483 0
108300 -111483 0
-108303 109839 0
108303 -109839 0
109792 109793 109794 0
109795 109796 109797 0
109801 109802 109803 0
-109808 109809 0
-109811 109812 0
-109822 109824 0
-109825 109827 0
-109831 109833 0
-109842 109878 0
109842 -109878 0
-109842 111465 0
109842 -111465 0
-109842 111471 0
109842 -111471 0
-109868 109869 0
109870 109871 109872 0
-109880 109881 0
-111467 111468 0
-111476 111477 0
-111479 111480 0
-111488 111489 0
-111491 111492 0
111496 111497 111498 0
-111536 111537 0
-111542 111543 0
