p cnf 1359 119106104032 104033 104034 0
104035 104036 104037 0
104038 104039 104040 0
104041 104042 104043 0
-105421 105423 0
-104041 105421 0
104041 -105421 0
104044 104045 104046 0
-105391 105393 0
-104044 105391 0
104044 -105391 0
104047 104048 104049 0
-113212 113214 0
-104047 113212 0
104047 -113212 0
-119030 119031 0
-104047 119029 0
104047 -119029 0
104050 104051 104052 0
-106795 106797 0
-104050 106795 0
104050 -106795 0
-119075 119076 0
-104050 119074 0
104050 -119074 0
104053 104054 104055 0
-113227 113229 0
-104053 113227 0
104053 -113227 0
-119024 119025 0
-104053 119023 0
104053 -119023 0
104056 104057 104058 0
-109840 109842 0
-104056 109840 0
104056 -109840 0
-113291 113292 0
-104056 113290 0
104056 -113290 0
104059 104060 104061 0
-113248 113250 0
-104059 113248 0
104059 -113248 0
104062 104063 104064 0
-115072 115074 0
-104062 115072 0
104062 -115072 0
-117014 117015 0
-104062 117013 0
104062 -117013 0
104065 104066 104067 0
-105394 105396 0
-104065 105394 0
104065 -105394 0
-111467 111468 0
-104065 111466 0
104065 -111466 0
104068 104069 104070 0
-115120 115122 0
-104068 115120 0
104068 -115120 0
-116996 116997 0
-104068 116995 0
104068 -116995 0
104071 104072 104073 0
-117028 117030 0
-104071 117028 0
104071 -117028 0
104074 104075 104076 0
-115126 115128 0
-104074 115126 0
104074 -115126 0
-117071 117072 0
-104074 117070 0
104074 -117070 0
104077 104078 104079 0
104080 104081 104082 0
104083 104084 104085 0
104086 104087 104088 0
-105361 105363 0
-104086 105361 0
104086 -105361 0
-109868 109869 0
-104086 109867 0
104086 -109867 0
104089 104090 104091 0
-105412 105414 0
-104089 105412 0
104089 -105412 0
-109808 109809 0
-104089 109807 0
104089 -109807 0
104092 104093 104094 0
-109798 109800 0
-104092 109798 0
104092 -109798 0
-113237 113238 0
-104092 113236 0
104092 -113236 0
104095 104096 104097 0
-109819 109821 0
-104095 109819 0
104095 -109819 0
104098 104099 104100 0
-113299 113301 0
-104098 113299 0
104098 -113299 0
104101 104102 104103 0
104104 104105 104106 0
-111484 111486 0
-104104 111484 0
104104 -111484 0
104107 104108 104109 0
-111472 111474 0
-104107 111472 0
104107 -111472 0
-119033 119034 0
-104107 119032 0
104107 -119032 0
104110 104111 104112 0
-105409 105411 0
-104110 105409 0
104110 -105409 0
-111476 111477 0
-104110 111475 0
104110 -111475 0
104113 104114 104115 0
-111502 111504 0
-104113 111502 0
104113 -111502 0
104116 104117 104118 0
104119 104120 104121 0
-109834 109836 0
-104119 109834 0
104119 -109834 0
-119051 119052 0
-104119 119050 0
104119 -119050 0
105337 105338 105339 0
-106750 106752 0
-105337 106750 0
105337 -106750 0
-111491 111492 0
-105337 111490 0
105337 -111490 0
105340 105341 105342 0
-109822 109824 0
-105340 109822 0
105340 -109822 0
-115130 115131 0
-105340 115129 0
105340 -115129 0
105343 105344 105345 0
-109831 109833 0
-105343 109831 0
105343 -109831 0
-113258 113259 0
-105343 113257 0
105343 -113257 0
105346 105347 105348 0
-106798 106800 0
-105346 106798 0
105346 -106798 0
-115097 115098 0
-105346 115096 0
105346 -115096 0
105349 105350 105351 0
105352 105353 105354 0
-106759 106761 0
-105352 106759 0
105352 -106759 0
-108254 108255 0
-105352 108253 0
105352 -108253 0
105355 105356 105357 0
-111469 111471 0
-105355 111469 0
105355 -111469 0
105358 105359 105360 0
105364 105365 105366 0
-108301 108303 0
-105364 108301 0
105364 -108301 0
105367 105368 105369 0
-109825 109827 0
-105367 109825 0
105367 -109825 0
-119105 119106 0
-105367 119104 0
105367 -119104 0
105370 105371 105372 0
105373 105374 105375 0
-106789 106791 0
-105373 106789 0
105373 -106789 0
-117068 117069 0
-105373 117067 0
105373 -117067 0
105376 105377 105378 0
-106762 106764 0
-105376 106762 0
105376 -106762 0
-111479 111480 0
-105376 111478 0
105376 -111478 0
105379 105380 105381 0
105382 105383 105384 0
-115102 115104 0
-105382 115102 0
105382 -115102 0
105385 105386 105387 0
-106801 106803 0
-105385 106801 0
105385 -106801 0
-115100 115101 0
-105385 115099 0
105385 -115099 0
105388 105389 105390 0
105397 105398 105399 0
-108298 108300 0
-105397 108298 0
105397 -108298 0
105400 105401 105402 0
-117037 117039 0
-105400 117037 0
105400 -117037 0
105403 105404 105405 0
-113242 113244 0
-105403 113242 0
105403 -113242 0
-117035 117036 0
-105403 117034 0
105403 -117034 0
105406 105407 105408 0
-111463 111465 0
-105406 111463 0
105406 -111463 0
-115118 115119 0
-105406 115117 0
105406 -115117 0
105415 105416 105417 0
-106765 106767 0
-105415 106765 0
105415 -106765 0
-109811 109812 0
-105415 109810 0
105415 -109810 0
105418 105419 105420 0
105424 105425 105426 0
106732 106733 106734 0
-108220 108222 0
-106732 108220 0
106732 -108220 0
-115106 115107 0
-106732 115105 0
106732 -115105 0
106735 106736 106737 0
-108244 108246 0
-106735 108244 0
106735 -108244 0
-115076 115077 0
-106735 115075 0
106735 -115075 0
106738 106739 106740 0
106741 106742 106743 0
-108250 108252 0
-106741 108250 0
106741 -108250 0
-115109 115110 0
-106741 115108 0
106741 -115108 0
106744 106745 106746 0
-108247 108249 0
-106744 108247 0
106744 -108247 0
-111542 111543 0
-106744 111541 0
106744 -111541 0
106747 106748 106749 0
-111523 111525 0
-106747 111523 0
106747 -111523 0
106753 106754 106755 0
-108229 108231 0
-106753 108229 0
106753 -108229 0
-111536 111537 0
-106753 111535 0
106753 -111535 0
106756 106757 106758 0
106768 106769 106770 0
-109804 109806 0
-106768 109804 0
106768 -109804 0
106771 106772 106773 0
-108304 108306 0
-106771 108304 0
106771 -108304 0
-111488 111489 0
-106771 111487 0
106771 -111487 0
106774 106775 106776 0
106777 106778 106779 0
106780 106781 106782 0
106783 106784 106785 0
-115060 115062 0
-106783 115060 0
106783 -115060 0
106786 106787 106788 0
-108259 108261 0
-106786 108259 0
106786 -108259 0
-109880 109881 0
-106786 109879 0
106786 -109879 0
106792 106793 106794 0
-119086 119088 0
-106792 119086 0
106792 -119086 0
106804 106805 106806 0
106807 106808 106809 0
-111460 111462 0
-106807 111460 0
106807 -111460 0
-119045 119046 0
-106807 119044 0
106807 -119044 0
106810 106811 106812 0
-115063 115065 0
-106810 115063 0
106810 -115063 0
106813 106814 106815 0
106816 106817 106818 0
106819 106820 106821 0
-108262 108264 0
-106819 108262 0
106819 -108262 0
108217 108218 108219 0
-109864 109866 0
-108217 109864 0
108217 -109864 0
-119048 119049 0
-108217 119047 0
108217 -119047 0
108223 -108225 0
-111505 -111507 0
-108223 111505 0
108223 -111505 0
108226 108227 108228 0
-119098 119100 0
-108226 119098 0
108226 -119098 0
108232 108233 108234 0
-109837 109839 0
-108232 109837 0
108232 -109837 0
-113267 113268 0
-108232 113266 0
108232 -113266 0
108235 108236 108237 0
-109849 109851 0
-108235 109849 0
108235 -109849 0
-113273 113274 0
-108235 113272 0
108235 -113272 0
108238 -108240 0
-117055 -117057 0
-108238 117055 0
108238 -117055 0
108241 -108243 0
108256 108257 108258 0
-119089 119091 0
-108256 119089 0
108256 -119089 0
108265 108266 108267 0
-109828 109830 0
-108265 109828 0
108265 -109828 0
-119093 119094 0
-108265 119092 0
108265 -119092 0
108268 108269 108270 0
-115066 115068 0
-108268 115066 0
108268 -115066 0
-119102 119103 0
-108268 119101 0
108268 -119101 0
108271 108272 108273 0
108274 108275 108276 0
-115069 115071 0
-108274 115069 0
108274 -115069 0
108277 108278 108279 0
-117016 117018 0
-108277 117016 0
108277 -117016 0
108280 108281 108282 0
-117019 117021 0
-108280 117019 0
108280 -117019 0
108283 -108285 0
108286 -108288 0
-111493 -111495 0
-108286 111493 0
108286 -111493 0
108289 108290 108291 0
-109876 109878 0
-108289 109876 0
108289 -109876 0
-113264 113265 0
-108289 113263 0
108289 -113263 0
108292 108293 108294 0
-113293 113295 0
-108292 113293 0
108292 -113293 0
108295 108296 108297 0
-119083 119085 0
-108295 119083 0
108295 -119083 0
109792 109793 109794 0
109795 109796 109797 0
109801 109802 109803 0
109813 -109815 0
-113251 -113253 0
-109813 113251 0
109813 -113251 0
109816 -109818 0
-113221 -113223 0
-109816 113221 0
109816 -113221 0
109843 -109845 0
109846 -109848 0
-115057 -115059 0
-109846 115057 0
109846 -115057 0
109852 -109854 0
-113245 -113247 0
-109852 113245 0
109852 -113245 0
109855 -109857 0
109858 -109860 0
109861 -109863 0
-117049 -117051 0
-109861 117049 0
109861 -117049 0
109870 109871 109872 0
109873 109874 109875 0
-111481 111483 0
-109873 111481 0
109873 -111481 0
111457 111458 111459 0
-115081 115083 0
-111457 115081 0
111457 -115081 0
-119057 119058 0
-111457 119056 0
111457 -119056 0
111496 111497 111498 0
111499 -111501 0
111508 -111510 0
111511 -111513 0
-115144 -115146 0
-111511 115144 0
111511 -115144 0
111514 -111516 0
-115141 -115143 0
-111514 115141 0
111514 -115141 0
111517 111518 111519 0
111520 -111522 0
111526 -111528 0
111529 111530 111531 0
-113218 113220 0
-111529 113218 0
111529 -113218 0
111532 111533 111534 0
111538 -111540 0
111544 -111546 0
113215 -113217 0
113224 113225 113226 0
113230 113231 113232 0
-119035 119037 0
-113230 119035 0
113230 -119035 0
113233 113234 113235 0
-119062 119064 0
-113233 119062 0
113233 -119062 0
113239 -113241 0
113254 -113256 0
113260 -113262 0
113269 -113271 0
113275 113276 113277 0
-117022 117024 0
-113275 117022 0
113275 -117022 0
113278 113279 113280 0
113281 113282 113283 0
113284 -113286 0
113287 113288 113289 0
113296 -113298 0
115078 115079 115080 0
-119059 119061 0
-115078 119059 0
115078 -119059 0
115084 115085 115086 0
-117073 117075 0
-115084 117073 0
115084 -117073 0
115087 115088 115089 0
115090 115091 115092 0
115093 115094 115095 0
115111 -115113 0
115114 -115116 0
115123 115124 115125 0
-117031 117033 0
-115123 117031 0
115123 -117031 0
115132 -115134 0
-119080 -119082 0
-115132 119080 0
115132 -119080 0
115135 -115137 0
115138 -115140 0
116992 116993 116994 0
-119026 119028 0
-116992 119026 0
116992 -119026 0
116998 116999 117000 0
117001 -117003 0
117004 117005 117006 0
117007 117008 117009 0
-119065 119067 0
-117007 119065 0
117007 -119065 0
117010 117011 117012 0
-119071 119073 0
-117010 119071 0
117010 -119071 0
117025 117026 117027 0
117040 -117042 0
117043 -117045 0
117046 -117048 0
117052 -117054 0
117058 -117060 0
117061 -117063 0
117064 117065 117066 0
-119077 119079 0
-117064 119077 0
117064 -119077 0
117076 117077 117078 0
117079 -117081 0
119017 119018 119019 0
119020 -119022 0
119038 -119040 0
119041 119042 119043 0
119053 -119055 0
119068 119069 119070 0
119095 -119097 0
104032 104033 104034 0
104035 104036 104037 0
104038 104039 104040 0
-104042 105422 0
104042 -105422 0
-104045 105392 0
104045 -105392 0
-104048 113213 0
104048 -113213 0
-104048 119030 0
104048 -119030 0
-104051 106796 0
104051 -106796 0
-104051 119075 0
104051 -119075 0
-104054 113228 0
104054 -113228 0
-104054 119024 0
104054 -119024 0
-104057 109841 0
104057 -109841 0
-104057 113291 0
104057 -113291 0
-104060 113249 0
104060 -113249 0
-104063 115073 0
104063 -115073 0
-104063 117014 0
104063 -117014 0
-104066 105395 0
104066 -105395 0
-104066 111467 0
104066 -111467 0
-104069 115121 0
104069 -115121 0
-104069 116996 0
104069 -116996 0
-104072 117029 0
104072 -117029 0
-104075 115127 0
104075 -115127 0
-104075 117071 0
104075 -117071 0
104077 104078 104079 0
104080 104081 104082 0
104083 104084 104085 0
-104087 105362 0
104087 -105362 0
-104087 109868 0
104087 -109868 0
-104090 105413 0
104090 -105413 0
-104090 109808 0
104090 -109808 0
-104093 109799 0
104093 -109799 0
-104093 113237 0
104093 -113237 0
-104096 109820 0
104096 -109820 0
-104099 113300 0
104099 -113300 0
104101 104102 104103 0
-104105 111485 0
104105 -111485 0
-104108 111473 0
104108 -111473 0
-104108 119033 0
104108 -119033 0
-104111 105410 0
104111 -105410 0
-104111 111476 0
104111 -111476 0
-104114 111503 0
104114 -111503 0
104116 104117 104118 0
-104120 109835 0
104120 -109835 0
-104120 119051 0
104120 -119051 0
-105338 106751 0
105338 -106751 0
-105338 111491 0
105338 -111491 0
-105341 109823 0
105341 -109823 0
-105341 115130 0
105341 -115130 0
-105344 109832 0
105344 -109832 0
-105344 113258 0
105344 -113258 0
-105347 106799 0
105347 -106799 0
-105347 115097 0
105347 -115097 0
105349 105350 105351 0
-105353 106760 0
105353 -106760 0
-105353 108254 0
105353 -108254 0
-105356 111470 0
105356 -111470 0
105358 105359 105360 0
-105365 108302 0
105365 -108302 0
-105368 109826 0
105368 -109826 0
-105368 119105 0
105368 -119105 0
105370 105371 105372 0
-105374 106790 0
105374 -106790 0
-105374 117068 0
105374 -117068 0
-105377 106763 0
105377 -106763 0
-105377 111479 0
105377 -111479 0
105379 105380 105381 0
-105383 115103 0
105383 -115103 0
-105386 106802 0
105386 -106802 0
-105386 115100 0
105386 -115100 0
105388 105389 105390 0
-105398 108299 0
105398 -108299 0
-105401 117038 0
105401 -117038 0
-105404 113243 0
105404 -113243 0
-105404 117035 0
105404 -117035 0
-105407 111464 0
105407 -111464 0
-105407 115118 0
105407 -115118 0
-105416 106766 0
105416 -106766 0
-105416 109811 0
105416 -109811 0
105418 105419 105420 0
105424 105425 105426 0
-106733 108221 0
106733 -108221 0
-106733 115106 0
106733 -115106 0
-106736 108245 0
106736 -108245 0
-106736 115076 0
106736 -115076 0
106738 106739 106740 0
-106742 108251 0
106742 -108251 0
-106742 115109 0
106742 -115109 0
-106745 108248 0
106745 -108248 0
-106745 111542 0
106745 -111542 0
-106748 111524 0
106748 -111524 0
-106754 108230 0
106754 -108230 0
-106754 111536 0
106754 -111536 0
106756 106757 106758 0
-106769 109805 0
106769 -109805 0
-106772 108305 0
106772 -108305 0
-106772 111488 0
106772 -111488 0
106774 106775 106776 0
106777 106778 106779 0
106780 106781 106782 0
-106784 115061 0
106784 -115061 0
-106787 108260 0
106787 -108260 0
-106787 109880 0
106787 -109880 0
-106793 119087 0
106793 -119087 0
106804 106805 106806 0
-106808 111461 0
106808 -111461 0
-106808 119045 0
106808 -119045 0
-106811 115064 0
106811 -115064 0
106813 106814 106815 0
106816 106817 106818 0
-106820 108263 0
106820 -108263 0
-108218 109865 0
108218 -109865 0
-108218 119048 0
108218 -119048 0
-108224 111506 0
108224 -111506 0
-108227 119099 0
108227 -119099 0
-108233 109838 0
108233 -109838 0
-108233 113267 0
108233 -113267 0
-108236 109850 0
108236 -109850 0
-108236 113273 0
108236 -113273 0
-108239 117056 0
108239 -117056 0
108241 -108243 0
-108257 119090 0
108257 -119090 0
-108266 109829 0
108266 -109829 0
-108266 119093 0
108266 -119093 0
-108269 115067 0
108269 -115067 0
-108269 119102 0
108269 -119102 0
108271 108272 108273 0
-108275 115070 0
108275 -115070 0
-108278 117017 0
108278 -117017 0
-108281 117020 0
108281 -117020 0
108283 -108285 0
-108287 111494 0
108287 -111494 0
-108290 109877 0
108290 -109877 0
-108290 113264 0
108290 -113264 0
-108293 113294 0
108293 -113294 0
-108296 119084 0
108296 -119084 0
109792 109793 109794 0
109795 109796 109797 0
109801 109802 109803 0
-109814 113252 0
109814 -113252 0
-109817 113222 0
109817 -113222 0
109843 -109845 0
-109847 115058 0
109847 -115058 0
-109853 113246 0
109853 -113246 0
109855 -109857 0
109858 -109860 0
-109862 117050 0
109862 -117050 0
109870 109871 109872 0
-109874 111482 0
109874 -111482 0
-111458 115082 0
111458 -115082 0
-111458 119057 0
111458 -119057 0
111496 111497 111498 0
111499 -111501 0
111508 -111510 0
-111512 115145 0
111512 -115145 0
-111515 115142 0
111515 -115142 0
111517 111518 111519 0
111520 -111522 0
111526 -111528 0
-111530 113219 0
111530 -113219 0
111532 111533 111534 0
111538 -111540 0
111544 -111546 0
113215 -113217 0
113224 113225 113226 0
-113231 119036 0
113231 -119036 0
-113234 119063 0
113234 -119063 0
113239 -113241 0
113254 -113256 0
113260 -113262 0
113269 -113271 0
-113276 117023 0
113276 -117023 0
113278 113279 113280 0
113281 113282 113283 0
113284 -113286 0
113287 113288 113289 0
113296 -113298 0
-115079 119060 0
115079 -119060 0
-115085 117074 0
115085 -117074 0
115087 115088 115089 0
115090 115091 115092 0
115093 115094 115095 0
115111 -115113 0
115114 -115116 0
-115124 117032 0
115124 -117032 0
-115133 119081 0
115133 -119081 0
115135 -115137 0
115138 -115140 0
-116993 119027 0
116993 -119027 0
116998 116999 117000 0
117001 -117003 0
117004 117005 117006 0
-117008 119066 0
117008 -119066 0
-117011 119072 0
117011 -119072 0
117025 117026 117027 0
117040 -117042 0
117043 -117045 0
117046 -117048 0
117052 -117054 0
117058 -117060 0
117061 -117063 0
-117065 119078 0
117065 -119078 0
117076 117077 117078 0
117079 -117081 0
119017 119018 119019 0
119020 -119022 0
119038 -119040 0
119041 119042 119043 0
119053 -119055 0
119068 119069 119070 0
119095 -119097 0
-104034 104037 0
104034 -104037 0
-104034 104040 0
104034 -104040 0
-104034 104043 0
104034 -104043 0
-104034 104046 0
104034 -104046 0
-104034 115059 0
104034 -115059 0
-104049 104052 0
104049 -104052 0
-104049 104055 0
104049 -104055 0
-104049 104058 0
104049 -104058 0
-104049 104061 0
104049 -104061 0
-104049 108240 0
104049 -108240 0
-104049 108243 0
104049 -108243 0
-104049 111510 0
104049 -111510 0
-104049 117003 0
104049 -117003 0
-104064 104067 0
104064 -104067 0
-104064 104070 0
104064 -104070 0
-104064 104073 0
104064 -104073 0
-104064 104076 0
104064 -104076 0
-104064 109815 0
104064 -109815 0
-104064 109818 0
104064 -109818 0
-104064 119082 0
104064 -119082 0
104077 104078 104079 0
104080 104081 104082 0
104083 104084 104085 0
-104088 104091 0
104088 -104091 0
-104088 104094 0
104088 -104094 0
-104088 104097 0
104088 -104097 0
-104088 104100 0
104088 -104100 0
-104088 108285 0
104088 -108285 0
-104088 108288 0
104088 -108288 0
-104103 104106 0
104103 -104106 0
-104103 104109 0
104103 -104109 0
-104103 104112 0
104103 -104112 0
-104103 104115 0
104103 -104115 0
-104103 109857 0
104103 -109857 0
-104103 109860 0
104103 -109860 0
-104103 117042 0
104103 -117042 0
104116 104117 104118 0
-104121 108237 0
104121 -108237 0
-104121 108291 0
104121 -108291 0
-104121 111507 0
104121 -111507 0
-104121 113232 0
104121 -113232 0
-104121 113235 0
104121 -113235 0
-104121 117057 0
104121 -117057 0
-105339 109848 0
105339 -109848 0
-105339 111531 0
105339 -111531 0
-105339 111534 0
105339 -111534 0
-105339 117078 0
105339 -117078 0
-105339 119043 0
105339 -119043 0
-105342 106794 0
105342 -106794 0
-105342 108219 0
105342 -108219 0
-105342 108276 0
105342 -108276 0
-105342 113223 0
105342 -113223 0
-105342 119019 0
105342 -119019 0
-105345 105372 0
105345 -105372 0
-105345 105375 0
105345 -105375 0
-105345 108225 0
105345 -108225 0
-105345 111501 0
105345 -111501 0
-105345 113277 0
105345 -113277 0
-105345 117027 0
105345 -117027 0
-105348 106743 0
105348 -106743 0
-105348 106812 0
105348 -106812 0
-105348 113256 0
105348 -113256 0
-105348 115080 0
105348 -115080 0
-105348 115095 0
105348 -115095 0
-105348 117051 0
105348 -117051 0
105349 105350 105351 0
-105354 105384 0
105354 -105384 0
-105354 106734 0
105354 -106734 0
-105354 106821 0
105354 -106821 0
-105354 111495 0
105354 -111495 0
-105354 113289 0
105354 -113289 0
-105357 105399 0
105357 -105399 0
-105357 108258 0
105357 -108258 0
-105357 108270 0
105357 -108270 0
-105357 108297 0
105357 -108297 0
-105357 109854 0
105357 -109854 0
105358 105359 105360 0
-105363 111462 0
105363 -111462 0
-105366 108228 0
105366 -108228 0
-105366 113253 0
105366 -113253 0
-105366 113262 0
105366 -113262 0
-105366 116994 0
105366 -116994 0
-105366 117066 0
105366 -117066 0
-105366 119070 0
105366 -119070 0
-105369 105405 0
105369 -105405 0
-105369 108267 0
105369 -108267 0
-105369 111540 0
105369 -111540 0
-105369 111546 0
105369 -111546 0
-105369 115137 0
105369 -115137 0
-105369 115146 0
105369 -115146 0
-105369 117009 0
105369 -117009 0
-105369 117012 0
105369 -117012 0
-105378 106746 0
105378 -106746 0
-105378 106755 0
105378 -106755 0
-105378 106773 0
105378 -106773 0
-105378 106809 0
105378 -106809 0
-105378 109845 0
105378 -109845 0
-105378 115143 0
105378 -115143 0
105379 105380 105381 0
-105387 106749 0
105387 -106749 0
-105387 106785 0
105387 -106785 0
-105387 109863 0
105387 -109863 0
-105387 111459 0
105387 -111459 0
-105387 111519 0
105387 -111519 0
-105387 113241 0
105387 -113241 0
105388 105389 105390 0
-105393 105411 0
105393 -105411 0
-105393 115062 0
105393 -115062 0
-105393 115065 0
105393 -115065 0
-105396 108261 0
105396 -108261 0
-105396 109830 0
105396 -109830 0
-105396 109866 0
105396 -109866 0
-105396 117060 0
105396 -117060 0
-105396 119028 0
105396 -119028 0
-105402 106788 0
105402 -106788 0
-105402 108234 0
105402 -108234 0
-105402 108282 0
105402 -108282 0
-105402 111513 0
105402 -111513 0
-105402 111528 0
105402 -111528 0
-105402 115134 0
105402 -115134 0
-105402 115140 0
105402 -115140 0
-105402 117000 0
105402 -117000 0
-105408 108279 0
105408 -108279 0
-105408 109875 0
105408 -109875 0
-105408 113247 0
105408 -113247 0
-105408 115125 0
105408 -115125 0
-105408 117006 0
105408 -117006 0
-105408 119055 0
105408 -119055 0
-105414 106767 0
105414 -106767 0
-105414 108222 0
105414 -108222 0
-105414 108249 0
105414 -108249 0
-105414 113217 0
105414 -113217 0
-105414 113271 0
105414 -113271 0
-105414 113286 0
105414 -113286 0
-105414 117075 0
105414 -117075 0
-105417 106770 0
105417 -106770 0
-105417 108294 0
105417 -108294 0
-105417 111516 0
105417 -111516 0
-105417 111522 0
105417 -111522 0
-105417 113226 0
105417 -113226 0
-105417 113280 0
105417 -113280 0
-105417 115113 0
105417 -115113 0
-105417 115116 0
105417 -115116 0
105418 105419 105420 0
-105423 106752 0
105423 -106752 0
-105423 111474 0
105423 -111474 0
-105423 117045 0
105423 -117045 0
-105423 117081 0
105423 -117081 0
-105423 119061 0
105423 -119061 0
105424 105425 105426 0
-106737 106776 0
106737 -106776 0
-106737 106815 0
106737 -106815 0
-106737 113298 0
106737 -113298 0
-106737 115086 0
106737 -115086 0
-106737 115089 0
106737 -115089 0
106738 106739 106740 0
106756 106757 106758 0
-106761 108231 0
106761 -108231 0
-106761 109800 0
106761 -109800 0
-106761 113295 0
106761 -113295 0
-106764 108264 0
106764 -108264 0
-106764 109821 0
106764 -109821 0
-106764 119097 0
106764 -119097 0
106777 106778 106779 0
106780 106781 106782 0
-106791 113214 0
106791 -113214 0
-106791 117018 0
106791 -117018 0
-106791 119064 0
106791 -119064 0
-106791 119091 0
106791 -119091 0
-106797 109836 0
106797 -109836 0
-106797 115068 0
106797 -115068 0
-106797 117024 0
106797 -117024 0
-106797 117033 0
106797 -117033 0
-106800 111486 0
106800 -111486 0
-106800 111525 0
106800 -111525 0
-106800 113220 0
106800 -113220 0
-106800 119022 0
106800 -119022 0
-106800 119040 0
106800 -119040 0
-106803 108252 0
106803 -108252 0
-106803 111504 0
106803 -111504 0
106804 106805 106806 0
106816 106817 106818 0
-108246 108306 0
108246 -108306 0
-108246 109806 0
108246 -109806 0
-108246 113301 0
108246 -113301 0
-108246 115104 0
108246 -115104 0
-108254 108255 0
108271 108272 108273 0
-108300 109851 0
108300 -109851 0
-108300 111483 0
108300 -111483 0
-108300 113250 0
108300 -113250 0
-108303 109839 0
108303 -109839 0
-108303 113244 0
108303 -113244 0
-108303 115122 0
108303 -115122 0
109792 109793 109794 0
109795 109796 109797 0
109801 109802 109803 0
-109808 109809 0
-109811 109812 0
-109824 117030 0
109824 -117030 0
-109824 119073 0
109824 -119073 0
-109824 119100 0
109824 -119100 0
-109827 115071 0
109827 -115071 0
-109827 115074 0
109827 -115074 0
-109827 117039 0
109827 -117039 0
-109833 113229 0
109833 -113229 0
-109833 117054 0
109833 -117054 0
-109833 119037 0
109833 -119037 0
-109833 119085 0
109833 -119085 0
-109842 109878 0
109842 -109878 0
-109842 111465 0
109842 -111465 0
-109842 111471 0
109842 -111471 0
-109842 117048 0
109842 -117048 0
-109842 117063 0
109842 -117063 0
-109868 109869 0
109870 109871 109872 0
-109880 109881 0
-111467 111468 0
-111476 111477 0
-111479 111480 0
-111488 111489 0
-111491 111492 0
111496 111497 111498 0
-111536 111537 0
-111542 111543 0
-113237 113238 0
-113258 113259 0
-113264 113265 0
-113267 113268 0
-113273 113274 0
113281 113282 113283 0
-113291 113292 0
-115076 115077 0
-115081 115083 0
115090 115091 115092 0
-115097 115098 0
-115100 115101 0
-115106 115107 0
-115109 115110 0
-115118 115119 0
-115128 117021 0
115128 -117021 0
-115128 119067 0
115128 -119067 0
-115128 119079 0
115128 -119079 0
-115128 119088 0
115128 -119088 0
-115130 115131 0
-116996 116997 0
-117014 117015 0
-117035 117036 0
-117068 117069 0
-117071 117072 0
-119024 119025 0
-119030 119031 0
-119033 119034 0
-119045 119046 0
-119048 119049 0
-119051 119052 0
-119057 119058 0
-119075 119076 0
-119093 119094 0
-119102 119103 0
-119105 119106 0
