p cnf 93 125721-125648 125649 0
-125644 -125646 0
-125668 -125670 0
-125692 -125694 0
-125716 -125718 0
-125702 125703 0
-125674 -125676 0
-125663 125664 0
-125641 125643 0
-125636 125637 0
-125710 -125712 0
-125633 125634 0
-125687 125688 0
-125720 125721 0
-125638 -125640 0
-125651 125652 0
125653 -125655 0
125656 -125658 0
125659 -125661 0
125665 -125667 0
125671 -125673 0
125677 -125679 0
125680 -125682 0
125683 -125685 0
125689 -125691 0
125695 -125697 0
125698 -125700 0
125704 -125706 0
125707 -125709 0
125713 -125715 0
-125648 125649 0
-125644 -125646 0
-125668 -125670 0
-125692 -125694 0
-125716 -125718 0
-125702 125703 0
-125674 -125676 0
-125663 125664 0
-125641 125643 0
-125636 125637 0
-125710 -125712 0
-125633 125634 0
-125687 125688 0
-125720 125721 0
-125638 -125640 0
-125651 125652 0
125653 -125655 0
125656 -125658 0
125659 -125661 0
125665 -125667 0
125671 -125673 0
125677 -125679 0
125680 -125682 0
125683 -125685 0
125689 -125691 0
125695 -125697 0
125698 -125700 0
125704 -125706 0
125707 -125709 0
125713 -125715 0
-125712 125718 0
125712 -125718 0
-125676 125715 0
125676 -125715 0
-125692 -125694 0
-125682 125691 0
125682 -125691 0
-125682 125697 0
125682 -125697 0
-125682 125706 0
125682 -125706 0
125659 -125661 0
125677 -125679 0
-125638 -125640 0
-125685 125700 0
125685 -125700 0
-125655 125658 0
125655 -125658 0
-125641 125643 0
-125667 125673 0
125667 -125673 0
-125667 125709 0
125667 -125709 0
-125668 -125670 0
-125644 -125646 0
-125633 125634 0
-125636 125637 0
-125648 125649 0
-125651 125652 0
-125663 125664 0
-125687 125688 0
-125702 125703 0
-125720 125721 0
