p cnf 105 104121104032 104033 104034 0
104035 104036 104037 0
104038 104039 104040 0
104041 104042 104043 0
104044 104045 104046 0
104047 104048 104049 0
104050 104051 104052 0
104053 104054 104055 0
104056 104057 104058 0
104059 104060 104061 0
104062 104063 104064 0
104065 104066 104067 0
104068 104069 104070 0
104071 104072 104073 0
104074 104075 104076 0
104077 104078 104079 0
104080 104081 104082 0
104083 104084 104085 0
104086 104087 104088 0
104089 104090 104091 0
104092 104093 104094 0
104095 104096 104097 0
104098 104099 104100 0
104101 104102 104103 0
104104 104105 104106 0
104107 104108 104109 0
104110 104111 104112 0
104113 104114 104115 0
104116 104117 104118 0
104119 104120 104121 0
104032 104033 104034 0
104035 104036 104037 0
104038 104039 104040 0
104041 104042 104043 0
104044 104045 104046 0
104047 104048 104049 0
104050 104051 104052 0
104053 104054 104055 0
104056 104057 104058 0
104059 104060 104061 0
104062 104063 104064 0
104065 104066 104067 0
104068 104069 104070 0
104071 104072 104073 0
104074 104075 104076 0
104077 104078 104079 0
104080 104081 104082 0
104083 104084 104085 0
104086 104087 104088 0
104089 104090 104091 0
104092 104093 104094 0
104095 104096 104097 0
104098 104099 104100 0
104101 104102 104103 0
104104 104105 104106 0
104107 104108 104109 0
104110 104111 104112 0
104113 104114 104115 0
104116 104117 104118 0
104119 104120 104121 0
-104034 104037 0
104034 -104037 0
-104034 104040 0
104034 -104040 0
-104034 104043 0
104034 -104043 0
-104034 104046 0
104034 -104046 0
-104049 104052 0
104049 -104052 0
-104049 104055 0
104049 -104055 0
-104049 104058 0
104049 -104058 0
-104049 104061 0
104049 -104061 0
-104064 104067 0
104064 -104067 0
-104064 104070 0
104064 -104070 0
-104064 104073 0
104064 -104073 0
-104064 104076 0
104064 -104076 0
104077 104078 104079 0
104080 104081 104082 0
104083 104084 104085 0
-104088 104091 0
104088 -104091 0
-104088 104094 0
104088 -104094 0
-104088 104097 0
104088 -104097 0
-104088 104100 0
104088 -104100 0
-104103 104106 0
104103 -104106 0
-104103 104109 0
104103 -104109 0
-104103 104112 0
104103 -104112 0
-104103 104115 0
104103 -104115 0
104116 104117 104118 0
104119 104120 104121 0
