Starting solver
parsing
Xvars : [1, 2, 3, 4, 5, 6, 7, 8, 9, 12, 13, 14, 15, 16, 17, 18, 19, 20]
count of X variables 18
Yvars : [10, 11, 21]
count of Y variables 3
No of clauses = 1026
FOR y = 10, dependancy vars are [1, 2, 3, 4, 5, 6, 7, 8, 9, 12, 13, 14, 15, 16, 17, 18, 19, 20]
FOR y = 11, dependancy vars are [1, 2, 3, 4, 5, 6, 7, 8, 9, 12, 13, 14, 15, 16, 17, 18, 19, 20]
FOR y = 21, dependancy vars are [12, 13, 14, 15, 16, 17, 18, 19, 20]
10
[[1, 2, 3, 4, 5, 6, 7, 8, 9, -12, 13, 14, 15, 16, 17, 18, 19, 20], [-1, 2, 3, 4, 5, 6, 7, 8, 9, 12, -13, 14, 15, 16, 17, 18, 19, 20], [1, -2, 3, 4, 5, 6, 7, 8, 9, -12, -13, 14, 15, 16, 17, 18, 19, 20], [-1, -2, 3, 4, 5, 6, 7, 8, 9, 12, 13, -14, 15, 16, 17, 18, 19, 20], [1, 2, -3, 4, 5, 6, 7, 8, 9, -12, 13, -14, 15, 16, 17, 18, 19, 20], [-1, 2, -3, 4, 5, 6, 7, 8, 9, 12, -13, 14, 15, 16, 17, 18, 19, 20], [1, -2, -3, 4, 5, 6, 7, 8, 9, -12, -13, 14, 15, 16, 17, 18, 19, 20], [-1, -2, -3, 4, 5, 6, 7, 8, 9, 12, 13, -14, 15, 16, 17, 18, 19, 20], [1, 2, 3, -4, 5, 6, 7, 8, 9, -12, 13, -14, 15, 16, 17, 18, 19, 20], [-1, 2, 3, -4, 5, 6, 7, 8, 9, -12, -13, 14, 15, 16, 17, 18, 19, 20], [1, -2, 3, -4, 5, 6, 7, 8, 9, 12, 13, -14, 15, 16, 17, 18, 19, 20], [-1, -2, 3, -4, 5, 6, 7, 8, 9, -12, 13, -14, 15, 16, 17, 18, 19, 20], [1, 2, -3, -4, 5, 6, 7, 8, 9, 12, 13, -14, 15, 16, 17, 18, 19, 20], [-1, 2, -3, -4, 5, 6, 7, 8, 9, -12, 13, -14, 15, 16, 17, 18, 19, 20], [1, -2, -3, -4, 5, 6, 7, 8, 9, -12, 13, -14, 15, 16, 17, 18, 19, 20], [-1, -2, -3, -4, 5, 6, 7, 8, 9, -12, -13, -14, 15, 16, 17, 18, 19, 20], [1, 2, 3, 4, -5, 6, 7, 8, 9, 12, 13, 14, -15, 16, 17, 18, 19, 20], [-1, 2, 3, 4, -5, 6, 7, 8, 9, -12, 13, 14, -15, 16, 17, 18, 19, 20], [1, -2, 3, 4, -5, 6, 7, 8, 9, 12, -13, 14, -15, 16, 17, 18, 19, 20], [-1, -2, 3, 4, -5, 6, 7, 8, 9, -12, -13, 14, -15, 16, 17, 18, 19, 20], [1, 2, -3, 4, -5, 6, 7, 8, 9, 12, 13, 14, -15, 16, 17, 18, 19, 20], [-1, 2, -3, 4, -5, 6, 7, 8, 9, -12, 13, 14, -15, 16, 17, 18, 19, 20], [1, -2, -3, 4, -5, 6, 7, 8, 9, 12, -13, 14, -15, 16, 17, 18, 19, 20], [-1, -2, -3, 4, -5, 6, 7, 8, 9, -12, -13, 14, -15, 16, 17, 18, 19, 20], [1, 2, 3, -4, -5, 6, 7, 8, 9, -12, 13, 14, -15, 16, 17, 18, 19, 20], [-1, 2, 3, -4, -5, 6, 7, 8, 9, 12, -13, 14, -15, 16, 17, 18, 19, 20], [1, -2, 3, -4, -5, 6, 7, 8, 9, -12, -13, 14, -15, 16, 17, 18, 19, 20], [-1, -2, 3, -4, -5, 6, 7, 8, 9, 12, -13, 14, -15, 16, 17, 18, 19, 20], [1, 2, -3, -4, -5, 6, 7, 8, 9, -12, -13, 14, -15, 16, 17, 18, 19, 20], [-1, 2, -3, -4, -5, 6, 7, 8, 9, -12, -13, 14, -15, 16, 17, 18, 19, 20], [1, -2, -3, -4, -5, 6, 7, 8, 9, -12, 13, -14, -15, 16, 17, 18, 19, 20], [-1, -2, -3, -4, -5, 6, 7, 8, 9, 12, -13, -14, -15, 16, 17, 18, 19, 20], [1, 2, 3, 4, 5, -6, 7, 8, 9, -12, -13, -14, -15, 16, 17, 18, 19, 20], [-1, 2, 3, 4, 5, -6, 7, 8, 9, 12, 13, 14, 15, -16, 17, 18, 19, 20], [1, -2, 3, 4, 5, -6, 7, 8, 9, -12, 13, 14, 15, -16, 17, 18, 19, 20], [-1, -2, 3, 4, 5, -6, 7, 8, 9, 12, -13, -14, -15, 16, 17, 18, 19, 20], [1, 2, -3, 4, 5, -6, 7, 8, 9, -12, -13, -14, -15, 16, 17, 18, 19, 20], [-1, 2, -3, 4, 5, -6, 7, 8, 9, 12, 13, 14, 15, -16, 17, 18, 19, 20], [1, -2, -3, 4, 5, -6, 7, 8, 9, -12, 13, 14, 15, -16, 17, 18, 19, 20], [-1, -2, -3, 4, 5, -6, 7, 8, 9, -12, -13, -14, -15, 16, 17, 18, 19, 20], [1, 2, 3, -4, 5, -6, 7, 8, 9, 12, 13, 14, 15, -16, 17, 18, 19, 20], [-1, 2, 3, -4, 5, -6, 7, 8, 9, -12, 13, 14, 15, -16, 17, 18, 19, 20], [1, -2, 3, -4, 5, -6, 7, 8, 9, 12, 13, 14, 15, -16, 17, 18, 19, 20], [-1, -2, 3, -4, 5, -6, 7, 8, 9, -12, 13, 14, 15, -16, 17, 18, 19, 20], [1, 2, -3, -4, 5, -6, 7, 8, 9, -12, 13, 14, 15, -16, 17, 18, 19, 20], [-1, 2, -3, -4, 5, -6, 7, 8, 9, -12, -13, 14, 15, -16, 17, 18, 19, 20], [1, -2, -3, -4, 5, -6, 7, 8, 9, 12, 13, -14, 15, -16, 17, 18, 19, 20], [-1, -2, -3, -4, 5, -6, 7, 8, 9, -12, 13, -14, 15, -16, 17, 18, 19, 20], [1, 2, 3, 4, -5, -6, 7, 8, 9, 12, -13, -14, 15, -16, 17, 18, 19, 20], [-1, 2, 3, 4, -5, -6, 7, 8, 9, -12, -13, -14, 15, -16, 17, 18, 19, 20], [1, -2, 3, 4, -5, -6, 7, 8, 9, 12, 13, -14, 15, -16, 17, 18, 19, 20], [-1, -2, 3, 4, -5, -6, 7, 8, 9, -12, 13, -14, 15, -16, 17, 18, 19, 20], [1, 2, -3, 4, -5, -6, 7, 8, 9, 12, -13, -14, 15, -16, 17, 18, 19, 20], [-1, 2, -3, 4, -5, -6, 7, 8, 9, -12, -13, -14, 15, -16, 17, 18, 19, 20], [1, -2, -3, 4, -5, -6, 7, 8, 9, -12, 13, -14, 15, -16, 17, 18, 19, 20], [-1, -2, -3, 4, -5, -6, 7, 8, 9, 12, -13, -14, 15, -16, 17, 18, 19, 20], [1, 2, 3, -4, -5, -6, 7, 8, 9, -12, -13, -14, 15, -16, 17, 18, 19, 20], [-1, 2, 3, -4, -5, -6, 7, 8, 9, 12, -13, -14, 15, -16, 17, 18, 19, 20], [1, -2, 3, -4, -5, -6, 7, 8, 9, -12, -13, -14, 15, -16, 17, 18, 19, 20], [-1, -2, 3, -4, -5, -6, 7, 8, 9, -12, -13, -14, 15, -16, 17, 18, 19, 20], [1, 2, -3, -4, -5, -6, 7, 8, 9, -12, 13, 14, -15, -16, 17, 18, 19, 20], [-1, 2, -3, -4, -5, -6, 7, 8, 9, 12, -13, 14, -15, -16, 17, 18, 19, 20], [1, -2, -3, -4, -5, -6, 7, 8, 9, -12, -13, 14, -15, -16, 17, 18, 19, 20], [-1, -2, -3, -4, -5, -6, 7, 8, 9, 12, 13, -14, -15, -16, 17, 18, 19, 20], [1, 2, 3, 4, 5, 6, -7, 8, 9, -12, 13, -14, -15, -16, 17, 18, 19, 20], [-1, 2, 3, 4, 5, 6, -7, 8, 9, 12, -13, 14, -15, -16, 17, 18, 19, 20], [1, -2, 3, 4, 5, 6, -7, 8, 9, -12, -13, 14, -15, -16, 17, 18, 19, 20], [-1, -2, 3, 4, 5, 6, -7, 8, 9, 12, 13, -14, -15, -16, 17, 18, 19, 20], [1, 2, -3, 4, 5, 6, -7, 8, 9, -12, 13, -14, -15, -16, 17, 18, 19, 20], [-1, 2, -3, 4, 5, 6, -7, 8, 9, -12, -13, 14, -15, -16, 17, 18, 19, 20], [1, -2, -3, 4, 5, 6, -7, 8, 9, 12, 13, -14, -15, -16, 17, 18, 19, 20], [-1, -2, -3, 4, 5, 6, -7, 8, 9, -12, 13, -14, -15, -16, 17, 18, 19, 20], [1, 2, 3, -4, 5, 6, -7, 8, 9, 12, 13, -14, -15, -16, 17, 18, 19, 20], [-1, 2, 3, -4, 5, 6, -7, 8, 9, -12, 13, -14, -15, -16, 17, 18, 19, 20], [1, -2, 3, -4, 5, 6, -7, 8, 9, -12, 13, -14, -15, -16, 17, 18, 19, 20], [-1, -2, 3, -4, 5, 6, -7, 8, 9, -12, -13, -14, -15, -16, 17, 18, 19, 20], [1, 2, -3, -4, 5, 6, -7, 8, 9, 12, 13, 14, 15, 16, -17, 18, 19, 20], [-1, 2, -3, -4, 5, 6, -7, 8, 9, -12, 13, 14, 15, 16, -17, 18, 19, 20], [1, -2, -3, -4, 5, 6, -7, 8, 9, 12, -13, 14, 15, 16, -17, 18, 19, 20], [-1, -2, -3, -4, 5, 6, -7, 8, 9, -12, -13, 14, 15, 16, -17, 18, 19, 20], [1, 2, 3, 4, -5, 6, -7, 8, 9, 12, 13, 14, 15, 16, -17, 18, 19, 20], [-1, 2, 3, 4, -5, 6, -7, 8, 9, -12, 13, 14, 15, 16, -17, 18, 19, 20], [1, -2, 3, 4, -5, 6, -7, 8, 9, 12, -13, 14, 15, 16, -17, 18, 19, 20], [-1, -2, 3, 4, -5, 6, -7, 8, 9, -12, -13, 14, 15, 16, -17, 18, 19, 20], [1, 2, -3, 4, -5, 6, -7, 8, 9, -12, 13, 14, 15, 16, -17, 18, 19, 20], [-1, 2, -3, 4, -5, 6, -7, 8, 9, 12, -13, 14, 15, 16, -17, 18, 19, 20], [1, -2, -3, 4, -5, 6, -7, 8, 9, -12, -13, 14, 15, 16, -17, 18, 19, 20], [-1, -2, -3, 4, -5, 6, -7, 8, 9, 12, -13, 14, 15, 16, -17, 18, 19, 20], [1, 2, 3, -4, -5, 6, -7, 8, 9, -12, -13, 14, 15, 16, -17, 18, 19, 20], [-1, 2, 3, -4, -5, 6, -7, 8, 9, -12, -13, 14, 15, 16, -17, 18, 19, 20], [1, -2, 3, -4, -5, 6, -7, 8, 9, -12, 13, -14, 15, 16, -17, 18, 19, 20], [-1, -2, 3, -4, -5, 6, -7, 8, 9, 12, -13, -14, 15, 16, -17, 18, 19, 20], [1, 2, -3, -4, -5, 6, -7, 8, 9, -12, -13, -14, 15, 16, -17, 18, 19, 20], [-1, 2, -3, -4, -5, 6, -7, 8, 9, 12, 13, 14, -15, 16, -17, 18, 19, 20], [1, -2, -3, -4, -5, 6, -7, 8, 9, -12, 13, 14, -15, 16, -17, 18, 19, 20], [-1, -2, -3, -4, -5, 6, -7, 8, 9, 12, -13, -14, 15, 16, -17, 18, 19, 20], [1, 2, 3, 4, 5, -6, -7, 8, 9, -12, -13, -14, 15, 16, -17, 18, 19, 20], [-1, 2, 3, 4, 5, -6, -7, 8, 9, 12, 13, 14, -15, 16, -17, 18, 19, 20], [1, -2, 3, 4, 5, -6, -7, 8, 9, -12, 13, 14, -15, 16, -17, 18, 19, 20], [-1, -2, 3, 4, 5, -6, -7, 8, 9, -12, -13, -14, 15, 16, -17, 18, 19, 20], [1, 2, -3, 4, 5, -6, -7, 8, 9, 12, 13, 14, -15, 16, -17, 18, 19, 20], [-1, 2, -3, 4, 5, -6, -7, 8, 9, -12, 13, 14, -15, 16, -17, 18, 19, 20], [1, -2, -3, 4, 5, -6, -7, 8, 9, 12, 13, 14, -15, 16, -17, 18, 19, 20], [-1, -2, -3, 4, 5, -6, -7, 8, 9, -12, 13, 14, -15, 16, -17, 18, 19, 20], [1, 2, 3, -4, 5, -6, -7, 8, 9, -12, 13, 14, -15, 16, -17, 18, 19, 20], [-1, 2, 3, -4, 5, -6, -7, 8, 9, -12, -13, 14, -15, 16, -17, 18, 19, 20], [1, -2, 3, -4, 5, -6, -7, 8, 9, 12, 13, -14, -15, 16, -17, 18, 19, 20], [-1, -2, 3, -4, 5, -6, -7, 8, 9, -12, 13, -14, -15, 16, -17, 18, 19, 20], [1, 2, -3, -4, 5, -6, -7, 8, 9, 12, -13, -14, -15, 16, -17, 18, 19, 20], [-1, 2, -3, -4, 5, -6, -7, 8, 9, -12, -13, -14, -15, 16, -17, 18, 19, 20], [1, -2, -3, -4, 5, -6, -7, 8, 9, 12, 13, -14, -15, 16, -17, 18, 19, 20], [-1, -2, -3, -4, 5, -6, -7, 8, 9, -12, 13, -14, -15, 16, -17, 18, 19, 20], [1, 2, 3, 4, -5, -6, -7, 8, 9, 12, -13, -14, -15, 16, -17, 18, 19, 20], [-1, 2, 3, 4, -5, -6, -7, 8, 9, -12, -13, -14, -15, 16, -17, 18, 19, 20], [1, -2, 3, 4, -5, -6, -7, 8, 9, -12, 13, -14, -15, 16, -17, 18, 19, 20], [-1, -2, 3, 4, -5, -6, -7, 8, 9, 12, -13, -14, -15, 16, -17, 18, 19, 20], [1, 2, -3, 4, -5, -6, -7, 8, 9, -12, -13, -14, -15, 16, -17, 18, 19, 20], [-1, 2, -3, 4, -5, -6, -7, 8, 9, 12, -13, -14, -15, 16, -17, 18, 19, 20], [1, -2, -3, 4, -5, -6, -7, 8, 9, -12, -13, -14, -15, 16, -17, 18, 19, 20], [-1, -2, -3, 4, -5, -6, -7, 8, 9, -12, -13, -14, -15, 16, -17, 18, 19, 20], [1, 2, 3, -4, -5, -6, -7, 8, 9, -12, 13, 14, 15, -16, -17, 18, 19, 20], [-1, 2, 3, -4, -5, -6, -7, 8, 9, 12, -13, 14, 15, -16, -17, 18, 19, 20], [1, -2, 3, -4, -5, -6, -7, 8, 9, -12, -13, 14, 15, -16, -17, 18, 19, 20], [-1, -2, 3, -4, -5, -6, -7, 8, 9, 12, 13, -14, 15, -16, -17, 18, 19, 20], [1, 2, -3, -4, -5, -6, -7, 8, 9, -12, 13, -14, 15, -16, -17, 18, 19, 20], [-1, 2, -3, -4, -5, -6, -7, 8, 9, 12, -13, 14, 15, -16, -17, 18, 19, 20], [1, -2, -3, -4, -5, -6, -7, 8, 9, -12, -13, 14, 15, -16, -17, 18, 19, 20], [-1, -2, -3, -4, -5, -6, -7, 8, 9, 12, 13, -14, 15, -16, -17, 18, 19, 20], [1, 2, 3, 4, 5, 6, 7, -8, 9, -12, 13, -14, 15, -16, -17, 18, 19, 20], [-1, 2, 3, 4, 5, 6, 7, -8, 9, -12, -13, 14, 15, -16, -17, 18, 19, 20], [1, -2, 3, 4, 5, 6, 7, -8, 9, 12, 13, -14, 15, -16, -17, 18, 19, 20], [-1, -2, 3, 4, 5, 6, 7, -8, 9, -12, 13, -14, 15, -16, -17, 18, 19, 20], [1, 2, -3, 4, 5, 6, 7, -8, 9, 12, 13, -14, 15, -16, -17, 18, 19, 20], [-1, 2, -3, 4, 5, 6, 7, -8, 9, -12, 13, -14, 15, -16, -17, 18, 19, 20], [1, -2, -3, 4, 5, 6, 7, -8, 9, -12, 13, -14, 15, -16, -17, 18, 19, 20], [-1, -2, -3, 4, 5, 6, 7, -8, 9, 12, -13, -14, 15, 16, 17, 18, 19, 20], [1, 2, 3, -4, 5, 6, 7, -8, 9, 12, -13, 14, 15, -16, 17, 18, 19, 20], [-1, 2, 3, -4, 5, 6, 7, -8, 9, -12, -13, -14, 15, -16, -17, 18, 19, 20], [1, -2, 3, -4, 5, 6, 7, -8, 9, 12, -13, -14, -15, -16, 17, 18, 19, 20], [-1, -2, 3, -4, 5, 6, 7, -8, 9, -12, 13, 14, -15, -16, -17, 18, 19, 20], [1, 2, -3, -4, 5, 6, 7, -8, 9, 12, 13, 14, 15, -16, -17, 18, 19, 20], [-1, 2, -3, -4, 5, 6, 7, -8, 9, -12, 13, 14, -15, -16, -17, 18, 19, 20], [1, -2, -3, -4, 5, 6, 7, -8, 9, -12, -13, -14, 15, 16, 17, 18, 19, 20], [-1, -2, -3, -4, 5, 6, 7, -8, 9, -12, -13, 14, 15, -16, 17, 18, 19, 20], [1, 2, 3, 4, -5, 6, 7, -8, 9, -12, 13, -14, -15, -16, -17, 18, 19, 20], [-1, 2, 3, 4, -5, 6, 7, -8, 9, -12, -13, -14, -15, -16, 17, 18, 19, 20], [1, -2, 3, 4, -5, 6, 7, -8, 9, -12, -13, -14, -15, -16, -17, 18, 19, 20], [-1, -2, 3, 4, -5, 6, 7, -8, 9, -12, 13, 14, 15, -16, -17, 18, 19, 20], [1, 2, -3, 4, -5, 6, 7, -8, 9, -12, -13, -14, -15, -16, -17, 18, 19, 20], [-1, 2, -3, 4, -5, 6, 7, -8, 9, 12, 13, 14, -15, 16, 17, 18, 19, 20], [1, -2, -3, 4, -5, 6, 7, -8, 9, 12, 13, -14, 15, -16, 17, 18, 19, 20], [-1, -2, -3, 4, -5, 6, 7, -8, 9, -12, -13, 14, 15, 16, 17, -18, 19, 20], [1, 2, 3, -4, -5, 6, 7, -8, 9, 12, 13, 14, 15, 16, -17, 18, 19, 20], [-1, 2, 3, -4, -5, 6, 7, -8, 9, -12, 13, -14, 15, 16, 17, -18, 19, 20], [1, -2, 3, -4, -5, 6, 7, -8, 9, 12, -13, 14, 15, -16, -17, 18, 19, 20], [-1, -2, 3, -4, -5, 6, 7, -8, 9, -12, 13, -14, 15, 16, 17, -18, 19, 20], [1, 2, -3, -4, -5, 6, 7, -8, 9, -12, 13, 14, -15, 16, 17, 18, 19, 20], [-1, 2, -3, -4, -5, 6, 7, -8, 9, -12, 13, -14, 15, -16, 17, 18, 19, 20], [1, -2, -3, -4, -5, 6, 7, -8, 9, -12, 13, 14, -15, 16, 17, -18, 19, 20], [-1, -2, -3, -4, -5, 6, 7, -8, 9, -12, 13, 14, 15, 16, -17, 18, 19, 20], [1, 2, 3, 4, 5, -6, 7, -8, 9, -12, -13, 14, -15, 16, 17, -18, 19, 20], [-1, 2, 3, 4, 5, -6, 7, -8, 9, -12, -13, 14, 15, -16, -17, 18, 19, 20], [1, -2, 3, 4, 5, -6, 7, -8, 9, -12, -13, 14, -15, 16, 17, -18, 19, 20], [-1, -2, 3, 4, 5, -6, 7, -8, 9, 12, -13, 14, -15, 16, 17, 18, 19, 20], [1, 2, -3, 4, 5, -6, 7, -8, 9, 12, -13, -14, 15, -16, 17, 18, 19, 20], [-1, 2, -3, 4, 5, -6, 7, -8, 9, -12, -13, -14, -15, 16, 17, -18, 19, 20], [1, -2, -3, 4, 5, -6, 7, -8, 9, 12, -13, 14, 15, 16, -17, 18, 19, 20], [-1, -2, -3, 4, 5, -6, 7, -8, 9, -12, 13, 14, 15, -16, 17, -18, 19, 20], [1, 2, 3, -4, 5, -6, 7, -8, 9, 12, 13, -14, 15, -16, -17, 18, 19, 20], [-1, 2, 3, -4, 5, -6, 7, -8, 9, -12, 13, 14, 15, -16, 17, -18, 19, 20], [1, -2, 3, -4, 5, -6, 7, -8, 9, -12, -13, 14, -15, 16, 17, 18, 19, 20], [-1, -2, 3, -4, 5, -6, 7, -8, 9, -12, -13, -14, 15, -16, 17, 18, 19, 20], [1, 2, -3, -4, 5, -6, 7, -8, 9, -12, 13, -14, 15, -16, 17, -18, 19, 20], [-1, 2, -3, -4, 5, -6, 7, -8, 9, -12, -13, 14, 15, 16, -17, 18, 19, 20], [1, -2, -3, -4, 5, -6, 7, -8, 9, -12, -13, -14, 15, -16, 17, -18, 19, 20], [-1, -2, -3, -4, 5, -6, 7, -8, 9, -12, 13, -14, 15, -16, -17, 18, 19, 20], [1, 2, 3, 4, -5, -6, 7, -8, 9, -12, -13, -14, 15, -16, 17, -18, 19, 20], [-1, 2, 3, 4, -5, -6, 7, -8, 9, -12, -13, 14, -15, 16, 17, 18, 19, 20], [1, -2, 3, 4, -5, -6, 7, -8, 9, -12, 13, -14, 15, -16, 17, 18, 19, 20], [-1, -2, 3, 4, -5, -6, 7, -8, 9, -12, -13, 14, -15, -16, 17, -18, 19, 20], [1, 2, -3, 4, -5, -6, 7, -8, 9, -12, -13, -14, -15, -16, 17, 18, 19, 20], [-1, 2, -3, 4, -5, -6, 7, -8, 9, -12, 13, -14, -15, -16, 17, -18, 19, 20], [1, -2, -3, 4, -5, -6, 7, -8, 9, 12, 13, -14, 15, -16, -17, 18, 19, 20], [-1, -2, -3, 4, -5, -6, 7, -8, 9, -12, 13, -14, -15, -16, 17, -18, 19, 20], [1, 2, 3, -4, -5, -6, 7, -8, 9, 12, -13, -14, 15, 16, 17, 18, 19, 20], [-1, 2, 3, -4, -5, -6, 7, -8, 9, 12, -13, -14, 15, -16, 17, 18, 19, 20], [1, -2, 3, -4, -5, -6, 7, -8, 9, -12, 13, 14, 15, 16, -17, -18, 19, 20], [-1, -2, 3, -4, -5, -6, 7, -8, 9, 12, 13, 14, 15, 16, -17, 18, 19, 20], [1, 2, -3, -4, -5, -6, 7, -8, 9, -12, -13, 14, 15, 16, -17, -18, 19, 20], [-1, 2, -3, -4, -5, -6, 7, -8, 9, -12, 13, -14, 15, -16, -17, 18, 19, 20], [1, -2, -3, -4, -5, -6, 7, -8, 9, -12, -13, 14, 15, 16, -17, -18, 19, 20], [-1, -2, -3, -4, -5, -6, 7, -8, 9, -12, -13, -14, 15, 16, 17, 18, 19, 20], [1, 2, 3, 4, 5, 6, -7, -8, 9, -12, -13, -14, 15, -16, 17, 18, 19, 20], [-1, 2, 3, 4, 5, 6, -7, -8, 9, -12, -13, -14, 15, 16, -17, -18, 19, 20], [1, -2, 3, 4, 5, 6, -7, -8, 9, -12, 13, 14, 15, 16, -17, 18, 19, 20], [-1, -2, 3, 4, 5, 6, -7, -8, 9, -12, 13, 14, -15, 16, -17, -18, 19, 20], [1, 2, -3, 4, 5, 6, -7, -8, 9, 12, 13, 14, 15, -16, -17, 18, 19, 20], [-1, 2, -3, 4, 5, 6, -7, -8, 9, -12, 13, 14, -15, 16, -17, -18, 19, 20], [1, -2, -3, 4, 5, 6, -7, -8, 9, 12, 13, 14, -15, 16, 17, 18, 19, 20], [-1, -2, -3, 4, 5, 6, -7, -8, 9, 12, -13, 14, 15, -16, 17, 18, 19, 20], [1, 2, 3, -4, 5, 6, -7, -8, 9, -12, 13, -14, -15, 16, -17, -18, 19, 20], [-1, 2, 3, -4, 5, 6, -7, -8, 9, 12, -13, 14, 15, 16, -17, 18, 19, 20], [1, -2, 3, -4, 5, 6, -7, -8, 9, -12, -13, -14, -15, 16, -17, -18, 19, 20], [-1, -2, 3, -4, 5, 6, -7, -8, 9, -12, 13, 14, 15, -16, -17, 18, 19, 20], [1, 2, -3, -4, 5, 6, -7, -8, 9, -12, -13, -14, -15, 16, -17, -18, 19, 20], [-1, 2, -3, -4, 5, 6, -7, -8, 9, -12, 13, 14, -15, 16, 17, 18, 19, 20], [1, -2, -3, -4, 5, 6, -7, -8, 9, -12, -13, 14, 15, -16, 17, 18, 19, 20], [-1, -2, -3, -4, 5, 6, -7, -8, 9, -12, -13, 14, 15, -16, -17, -18, 19, 20], [1, 2, 3, 4, -5, 6, -7, -8, 9, -12, -13, 14, 15, 16, -17, 18, 19, 20], [-1, 2, 3, 4, -5, 6, -7, -8, 9, -12, 13, -14, 15, -16, -17, -18, 19, 20], [1, -2, 3, 4, -5, 6, -7, -8, 9, 12, -13, 14, 15, -16, -17, 18, 19, 20], [-1, -2, 3, 4, -5, 6, -7, -8, 9, -12, 13, -14, 15, -16, -17, -18, 19, 20], [1, 2, -3, 4, -5, 6, -7, -8, 9, 12, -13, 14, -15, 16, 17, 18, 19, 20], [-1, 2, -3, 4, -5, 6, -7, -8, 9, 12, 13, -14, 15, -16, 17, 18, 19, 20], [1, -2, -3, 4, -5, 6, -7, -8, 9, -12, 13, 14, -15, -16, -17, -18, 19, 20], [-1, -2, -3, 4, -5, 6, -7, -8, 9, 12, -13, -14, -15, -16, 17, 18, 19, 20], [1, 2, 3, -4, -5, 6, -7, -8, 9, -12, -13, 14, -15, -16, -17, -18, 19, 20], [-1, 2, 3, -4, -5, 6, -7, -8, 9, -12, -13, 14, 15, -16, -17, 18, 19, 20], [1, -2, 3, -4, -5, 6, -7, -8, 9, -12, -13, 14, -15, -16, -17, -18, 19, 20], [-1, -2, 3, -4, -5, 6, -7, -8, 9, 12, -13, 14, -15, 16, 17, 18, 19, 20], [1, 2, -3, -4, -5, 6, -7, -8, 9, 12, -13, 14, 15, -16, 17, 18, 19, 20], [-1, 2, -3, -4, -5, 6, -7, -8, 9, -12, -13, -14, -15, -16, -17, -18, 19, 20], [1, -2, -3, -4, -5, 6, -7, -8, 9, 12, 13, 14, 15, 16, -17, 18, 19, 20], [-1, -2, -3, -4, -5, 6, -7, -8, 9, -12, 13, 14, 15, 16, 17, 18, -19, 20], [1, 2, 3, 4, 5, -6, -7, -8, 9, 12, -13, 14, 15, -16, -17, 18, 19, 20], [-1, 2, 3, 4, 5, -6, -7, -8, 9, -12, 13, 14, 15, 16, 17, 18, -19, 20], [1, -2, 3, 4, 5, -6, -7, -8, 9, -12, -13, 14, -15, 16, 17, 18, 19, 20], [-1, -2, 3, 4, 5, -6, -7, -8, 9, -12, -13, 14, 15, -16, 17, 18, 19, 20], [1, 2, -3, 4, 5, -6, -7, -8, 9, -12, 13, -14, 15, 16, 17, 18, -19, 20], [-1, 2, -3, 4, 5, -6, -7, -8, 9, -12, 13, 14, 15, 16, -17, 18, 19, 20], [1, -2, -3, 4, 5, -6, -7, -8, 9, -12, -13, -14, 15, 16, 17, 18, -19, 20], [-1, -2, -3, 4, 5, -6, -7, -8, 9, -12, -13, 14, 15, -16, -17, 18, 19, 20], [1, 2, 3, -4, 5, -6, -7, -8, 9, -12, -13, -14, 15, 16, 17, 18, -19, 20], [-1, 2, 3, -4, 5, -6, -7, -8, 9, 12, -13, -14, 15, 16, 17, 18, 19, 20], [1, -2, 3, -4, 5, -6, -7, -8, 9, 12, 13, -14, 15, -16, 17, 18, 19, 20], [-1, -2, 3, -4, 5, -6, -7, -8, 9, -12, -13, 14, -15, 16, 17, 18, -19, 20], [1, 2, -3, -4, 5, -6, -7, -8, 9, 12, -13, 14, 15, 16, -17, 18, 19, 20], [-1, 2, -3, -4, 5, -6, -7, -8, 9, -12, 13, -14, -15, 16, 17, 18, -19, 20], [1, -2, -3, -4, 5, -6, -7, -8, 9, 12, 13, -14, 15, -16, -17, 18, 19, 20], [-1, -2, -3, -4, 5, -6, -7, -8, 9, -12, 13, -14, -15, 16, 17, 18, -19, 20], [1, 2, 3, 4, -5, -6, -7, -8, 9, -12, -13, -14, 15, 16, 17, 18, 19, 20], [-1, 2, 3, 4, -5, -6, -7, -8, 9, -12, 13, -14, 15, -16, 17, 18, 19, 20], [1, -2, 3, 4, -5, -6, -7, -8, 9, -12, 13, 14, 15, -16, 17, 18, -19, 20], [-1, -2, 3, 4, -5, -6, -7, -8, 9, -12, -13, 14, 15, 16, -17, 18, 19, 20], [1, 2, -3, 4, -5, -6, -7, -8, 9, -12, -13, 14, 15, -16, 17, 18, -19, 20], [-1, 2, -3, 4, -5, -6, -7, -8, 9, -12, 13, -14, 15, -16, -17, 18, 19, 20], [1, -2, -3, 4, -5, -6, -7, -8, 9, -12, -13, 14, 15, -16, 17, 18, -19, 20], [-1, -2, -3, 4, -5, -6, -7, -8, 9, 12, 13, 14, -15, 16, 17, 18, 19, 20], [1, 2, 3, -4, -5, -6, -7, -8, 9, 12, -13, -14, 15, -16, 17, 18, 19, 20], [-1, 2, 3, -4, -5, -6, -7, -8, 9, -12, -13, -14, 15, -16, 17, 18, -19, 20], [1, -2, 3, -4, -5, -6, -7, -8, 9, 12, -13, -14, -15, -16, 17, 18, 19, 20], [-1, -2, 3, -4, -5, -6, -7, -8, 9, -12, 13, 14, -15, -16, 17, 18, -19, 20], [1, 2, -3, -4, -5, -6, -7, -8, 9, 12, 13, 14, 15, -16, -17, 18, 19, 20], [-1, 2, -3, -4, -5, -6, -7, -8, 9, -12, 13, 14, -15, -16, 17, 18, -19, 20], [1, -2, -3, -4, -5, -6, -7, -8, 9, -12, 13, 14, -15, 16, 17, 18, 19, 20], [-1, -2, -3, -4, -5, -6, -7, -8, 9, -12, -13, -14, 15, -16, 17, 18, 19, 20], [1, 2, 3, 4, 5, 6, 7, 8, -9, -12, 13, -14, -15, -16, 17, 18, -19, 20], [-1, 2, 3, 4, 5, 6, 7, 8, -9, -12, -13, -14, -15, -16, 17, 18, 19, 20], [1, -2, 3, 4, 5, 6, 7, 8, -9, -12, -13, -14, -15, -16, 17, 18, -19, 20], [-1, -2, 3, 4, 5, 6, 7, 8, -9, -12, 13, 14, 15, -16, -17, 18, 19, 20], [1, 2, -3, 4, 5, 6, 7, 8, -9, -12, -13, -14, -15, -16, 17, 18, -19, 20], [-1, 2, -3, 4, 5, 6, 7, 8, -9, -12, 13, 14, -15, 16, 17, 18, 19, 20], [1, -2, -3, 4, 5, 6, 7, 8, -9, -12, 13, -14, 15, -16, 17, 18, 19, 20], [-1, -2, -3, 4, 5, 6, 7, 8, -9, -12, -13, 14, 15, 16, -17, 18, -19, 20], [1, 2, 3, -4, 5, 6, 7, 8, -9, -12, 13, 14, 15, 16, -17, 18, 19, 20], [-1, 2, 3, -4, 5, 6, 7, 8, -9, -12, 13, -14, 15, 16, -17, 18, -19, 20], [1, -2, 3, -4, 5, 6, 7, 8, -9, 12, 13, 14, 15, -16, -17, 18, 19, 20], [-1, -2, 3, -4, 5, 6, 7, 8, -9, -12, 13, -14, 15, 16, -17, 18, -19, 20], [1, 2, -3, -4, 5, 6, 7, 8, -9, 12, -13, 14, -15, 16, 17, 18, 19, 20], [-1, 2, -3, -4, 5, 6, 7, 8, -9, 12, -13, -14, 15, -16, 17, 18, 19, 20], [1, -2, -3, -4, 5, 6, 7, 8, -9, -12, 13, 14, -15, 16, -17, 18, -19, 20], [-1, -2, -3, -4, 5, 6, 7, 8, -9, 12, -13, 14, 15, 16, -17, 18, 19, 20], [1, 2, 3, 4, -5, 6, 7, 8, -9, -12, -13, 14, -15, 16, -17, 18, -19, 20], [-1, 2, 3, 4, -5, 6, 7, 8, -9, -12, 13, 14, 15, -16, -17, 18, 19, 20], [1, -2, 3, 4, -5, 6, 7, 8, -9, -12, -13, 14, -15, 16, -17, 18, -19, 20], [-1, -2, 3, 4, -5, 6, 7, 8, -9, -12, -13, 14, -15, 16, 17, 18, 19, 20], [1, 2, -3, 4, -5, 6, 7, 8, -9, -12, -13, -14, 15, -16, 17, 18, 19, 20], [-1, 2, -3, 4, -5, 6, 7, 8, -9, -12, -13, -14, -15, 16, -17, 18, -19, 20], [1, -2, -3, 4, -5, 6, 7, 8, -9, -12, -13, 14, 15, 16, -17, 18, 19, 20], [-1, -2, -3, 4, -5, 6, 7, 8, -9, -12, 13, 14, 15, -16, -17, 18, -19, 20], [1, 2, 3, -4, -5, 6, 7, 8, -9, 12, -13, 14, 15, -16, -17, 18, 19, 20], [-1, 2, 3, -4, -5, 6, 7, 8, -9, -12, 13, 14, 15, -16, -17, 18, -19, 20], [1, -2, 3, -4, -5, 6, 7, 8, -9, 12, -13, -14, 15, 16, 17, 18, 19, 20], [-1, -2, 3, -4, -5, 6, 7, 8, -9, 12, -13, 14, 15, -16, 17, 18, 19, 20], [1, 2, -3, -4, -5, 6, 7, 8, -9, -12, 13, -14, 15, -16, -17, 18, -19, 20], [-1, 2, -3, -4, -5, 6, 7, 8, -9, 12, -13, -14, -15, -16, 17, 18, 19, 20], [1, -2, -3, -4, -5, 6, 7, 8, -9, -12, -13, -14, 15, -16, -17, 18, -19, 20], [-1, -2, -3, -4, -5, 6, 7, 8, -9, -12, -13, 14, 15, -16, -17, 18, 19, 20], [1, 2, 3, 4, 5, -6, 7, 8, -9, -12, -13, -14, 15, -16, -17, 18, -19, 20], [-1, 2, 3, 4, 5, -6, 7, 8, -9, -12, -13, -14, 15, 16, 17, 18, 19, 20], [1, -2, 3, 4, 5, -6, 7, 8, -9, -12, -13, 14, 15, -16, 17, 18, 19, 20], [-1, -2, 3, 4, 5, -6, 7, 8, -9, -12, -13, 14, -15, -16, -17, 18, -19, 20], [1, 2, -3, 4, 5, -6, 7, 8, -9, -12, -13, -14, -15, -16, 17, 18, 19, 20], [-1, 2, -3, 4, 5, -6, 7, 8, -9, -12, 13, -14, -15, -16, -17, 18, -19, 20], [1, -2, -3, 4, 5, -6, 7, 8, -9, 12, 13, -14, 15, -16, -17, 18, 19, 20], [-1, -2, -3, 4, 5, -6, 7, 8, -9, -12, 13, -14, -15, -16, -17, 18, -19, 20], [1, 2, 3, -4, 5, -6, 7, 8, -9, 12, 13, 14, -15, 16, 17, 18, 19, 20], [-1, 2, 3, -4, 5, -6, 7, 8, -9, 12, 13, -14, 15, -16, 17, 18, 19, 20], [1, -2, 3, -4, 5, -6, 7, 8, -9, -12, 13, 14, 15, 16, 17, -18, -19, 20], [-1, -2, 3, -4, 5, -6, 7, 8, -9, 12, 13, 14, 15, 16, -17, 18, 19, 20], [1, 2, -3, -4, 5, -6, 7, 8, -9, -12, -13, 14, 15, 16, 17, -18, -19, 20], [-1, 2, -3, -4, 5, -6, 7, 8, -9, -12, 13, -14, 15, -16, -17, 18, 19, 20], [1, -2, -3, -4, 5, -6, 7, 8, -9, -12, -13, 14, 15, 16, 17, -18, -19, 20], [-1, -2, -3, -4, 5, -6, 7, 8, -9, 12, 13, 14, -15, 16, 17, 18, 19, 20], [1, 2, 3, 4, -5, -6, 7, 8, -9, 12, -13, 14, 15, -16, 17, 18, 19, 20], [-1, 2, 3, 4, -5, -6, 7, 8, -9, -12, -13, -14, 15, 16, 17, -18, -19, 20], [1, -2, 3, 4, -5, -6, 7, 8, -9, 12, -13, 14, 15, 16, -17, 18, 19, 20], [-1, -2, 3, 4, -5, -6, 7, 8, -9, -12, 13, 14, -15, 16, 17, -18, -19, 20], [1, 2, -3, 4, -5, -6, 7, 8, -9, 12, 13, -14, 15, -16, -17, 18, 19, 20], [-1, 2, -3, 4, -5, -6, 7, 8, -9, -12, 13, 14, -15, 16, 17, -18, -19, 20], [1, -2, -3, 4, -5, -6, 7, 8, -9, -12, 13, 14, -15, 16, 17, 18, 19, 20], [-1, -2, -3, 4, -5, -6, 7, 8, -9, -12, -13, 14, 15, -16, 17, 18, 19, 20], [1, 2, 3, -4, -5, -6, 7, 8, -9, -12, 13, -14, -15, 16, 17, -18, -19, 20], [-1, 2, 3, -4, -5, -6, 7, 8, -9, -12, -13, 14, 15, 16, -17, 18, 19, 20], [1, -2, 3, -4, -5, -6, 7, 8, -9, -12, -13, -14, -15, 16, 17, -18, -19, 20], [-1, -2, 3, -4, -5, -6, 7, 8, -9, -12, 13, -14, 15, -16, -17, 18, 19, 20], [1, 2, -3, -4, -5, -6, 7, 8, -9, -12, -13, -14, -15, 16, 17, -18, -19, 20], [-1, 2, -3, -4, -5, -6, 7, 8, -9, 12, -13, 14, -15, 16, 17, 18, 19, 20], [1, -2, -3, -4, -5, -6, 7, 8, -9, 12, 13, -14, 15, -16, 17, 18, 19, 20], [-1, -2, -3, -4, -5, -6, 7, 8, -9, -12, -13, 14, 15, -16, 17, -18, -19, 20], [1, 2, 3, 4, 5, 6, -7, 8, -9, 12, -13, -14, -15, -16, 17, 18, 19, 20], [-1, 2, 3, 4, 5, 6, -7, 8, -9, -12, 13, -14, 15, -16, 17, -18, -19, 20], [1, -2, 3, 4, 5, 6, -7, 8, -9, 12, 13, 14, 15, -16, -17, 18, 19, 20], [-1, -2, 3, 4, 5, 6, -7, 8, -9, -12, 13, -14, 15, -16, 17, -18, -19, 20], [1, 2, -3, 4, 5, 6, -7, 8, -9, -12, -13, 14, -15, 16, 17, 18, 19, 20], [-1, 2, -3, 4, 5, 6, -7, 8, -9, -12, 13, -14, 15, -16, 17, 18, 19, 20], [1, -2, -3, 4, 5, 6, -7, 8, -9, -12, 13, 14, -15, -16, 17, -18, -19, 20], [-1, -2, -3, 4, 5, 6, -7, 8, -9, -12, -13, -14, -15, -16, 17, 18, 19, 20], [1, 2, 3, -4, 5, 6, -7, 8, -9, -12, -13, 14, -15, -16, 17, -18, -19, 20], [-1, 2, 3, -4, 5, 6, -7, 8, -9, -12, 13, 14, 15, -16, -17, 18, 19, 20], [1, -2, 3, -4, 5, 6, -7, 8, -9, -12, -13, 14, -15, -16, 17, -18, -19, 20], [-1, -2, 3, -4, 5, 6, -7, 8, -9, 12, -13, -14, 15, 16, 17, 18, 19, 20], [1, 2, -3, -4, 5, 6, -7, 8, -9, 12, -13, -14, 15, -16, 17, 18, 19, 20], [-1, 2, -3, -4, 5, 6, -7, 8, -9, -12, -13, -14, -15, -16, 17, -18, -19, 20], [1, -2, -3, -4, 5, 6, -7, 8, -9, 12, 13, 14, 15, 16, -17, 18, 19, 20], [-1, -2, -3, -4, 5, 6, -7, 8, -9, -12, 13, 14, 15, 16, -17, -18, -19, 20], [1, 2, 3, 4, -5, 6, -7, 8, -9, 12, -13, 14, 15, -16, -17, 18, 19, 20], [-1, 2, 3, 4, -5, 6, -7, 8, -9, -12, 13, 14, 15, 16, -17, -18, -19, 20], [1, -2, 3, 4, -5, 6, -7, 8, -9, -12, -13, -14, 15, 16, 17, 18, 19, 20], [-1, -2, 3, 4, -5, 6, -7, 8, -9, -12, -13, -14, 15, -16, 17, 18, 19, 20], [1, 2, -3, 4, -5, 6, -7, 8, -9, -12, 13, -14, 15, 16, -17, -18, -19, 20], [-1, 2, -3, 4, -5, 6, -7, 8, -9, -12, 13, 14, 15, 16, -17, 18, 19, 20], [1, -2, -3, 4, -5, 6, -7, 8, -9, -12, -13, -14, 15, 16, -17, -18, -19, 20], [-1, -2, -3, 4, -5, 6, -7, 8, -9, -12, -13, 14, 15, -16, -17, 18, 19, 20], [1, 2, 3, -4, -5, 6, -7, 8, -9, -12, -13, -14, 15, 16, -17, -18, -19, 20], [-1, 2, 3, -4, -5, 6, -7, 8, -9, -12, -13, -14, 15, 16, 17, 18, 19, 20], [1, -2, 3, -4, -5, 6, -7, 8, -9, -12, 13, -14, 15, -16, 17, 18, 19, 20], [-1, -2, 3, -4, -5, 6, -7, 8, -9, -12, -13, 14, -15, 16, -17, -18, -19, 20], [1, 2, -3, -4, -5, 6, -7, 8, -9, -12, -13, 14, 15, 16, -17, 18, 19, 20], [-1, 2, -3, -4, -5, 6, -7, 8, -9, -12, 13, -14, -15, 16, -17, -18, -19, 20], [1, -2, -3, -4, -5, 6, -7, 8, -9, 12, -13, 14, 15, -16, -17, 18, 19, 20], [-1, -2, -3, -4, -5, 6, -7, 8, -9, -12, 13, -14, -15, 16, -17, -18, -19, 20], [1, 2, 3, 4, 5, -6, -7, 8, -9, 12, 13, 14, -15, 16, 17, 18, 19, 20], [-1, 2, 3, 4, 5, -6, -7, 8, -9, 12, -13, -14, 15, -16, 17, 18, 19, 20], [1, -2, 3, 4, 5, -6, -7, 8, -9, -12, 13, 14, 15, -16, -17, -18, -19, 20], [-1, -2, 3, 4, 5, -6, -7, 8, -9, 12, -13, -14, -15, -16, 17, 18, 19, 20], [1, 2, -3, 4, 5, -6, -7, 8, -9, -12, -13, 14, 15, -16, -17, -18, -19, 20], [-1, 2, -3, 4, 5, -6, -7, 8, -9, -12, -13, 14, 15, -16, -17, 18, 19, 20], [1, -2, -3, 4, 5, -6, -7, 8, -9, -12, -13, 14, 15, -16, -17, -18, -19, 20], [-1, -2, -3, 4, 5, -6, -7, 8, -9, -12, 13, 14, -15, 16, 17, 18, 19, 20], [1, 2, 3, -4, 5, -6, -7, 8, -9, -12, -13, -14, 15, -16, 17, 18, 19, 20], [-1, 2, 3, -4, 5, -6, -7, 8, -9, -12, -13, -14, 15, -16, -17, -18, -19, 20], [1, -2, 3, -4, 5, -6, -7, 8, -9, -12, -13, -14, -15, -16, 17, 18, 19, 20], [-1, -2, 3, -4, 5, -6, -7, 8, -9, -12, 13, 14, -15, -16, -17, -18, -19, 20], [1, 2, -3, -4, 5, -6, -7, 8, -9, 12, 13, -14, 15, -16, -17, 18, 19, 20], [-1, 2, -3, -4, 5, -6, -7, 8, -9, -12, 13, 14, -15, -16, -17, -18, -19, 20], [1, -2, -3, -4, 5, -6, -7, 8, -9, 12, -13, 14, -15, 16, 17, 18, 19, 20], [-1, -2, -3, -4, 5, -6, -7, 8, -9, 12, -13, 14, 15, -16, 17, 18, 19, 20], [1, 2, 3, 4, -5, -6, -7, 8, -9, -12, 13, -14, -15, -16, -17, -18, -19, 20], [-1, 2, 3, 4, -5, -6, -7, 8, -9, 12, 13, 14, 15, 16, -17, 18, 19, 20], [1, -2, 3, 4, -5, -6, -7, 8, -9, -12, -13, -14, -15, -16, -17, -18, -19, 20], [-1, -2, 3, 4, -5, -6, -7, 8, -9, -12, 13, -14, 15, -16, -17, 18, 19, 20], [1, 2, -3, 4, -5, -6, -7, 8, -9, -12, -13, -14, -15, -16, -17, -18, -19, 20], [-1, 2, -3, 4, -5, -6, -7, 8, -9, -12, -13, 14, -15, 16, 17, 18, 19, 20], [1, -2, -3, 4, -5, -6, -7, 8, -9, -12, -13, 14, 15, -16, 17, 18, 19, 20], [-1, -2, -3, 4, -5, -6, -7, 8, -9, -12, -13, 14, 15, 16, 17, 18, 19, -20], [1, 2, 3, -4, -5, -6, -7, 8, -9, -12, 13, 14, 15, 16, -17, 18, 19, 20], [-1, 2, 3, -4, -5, -6, -7, 8, -9, -12, 13, -14, 15, 16, 17, 18, 19, -20], [1, -2, 3, -4, -5, -6, -7, 8, -9, 12, 13, 14, 15, -16, -17, 18, 19, 20], [-1, -2, 3, -4, -5, -6, -7, 8, -9, -12, 13, -14, 15, 16, 17, 18, 19, -20], [1, 2, -3, -4, -5, -6, -7, 8, -9, 12, -13, -14, 15, 16, 17, 18, 19, 20], [-1, 2, -3, -4, -5, -6, -7, 8, -9, 12, 13, -14, 15, -16, 17, 18, 19, 20], [1, -2, -3, -4, -5, -6, -7, 8, -9, -12, 13, 14, -15, 16, 17, 18, 19, -20], [-1, -2, -3, -4, -5, -6, -7, 8, -9, 12, -13, 14, 15, 16, -17, 18, 19, 20], [1, 2, 3, 4, 5, 6, 7, -8, -9, -12, -13, 14, -15, 16, 17, 18, 19, -20], [-1, 2, 3, 4, 5, 6, 7, -8, -9, -12, 13, 14, 15, -16, -17, 18, 19, 20], [1, -2, 3, 4, 5, 6, 7, -8, -9, -12, -13, 14, -15, 16, 17, 18, 19, -20]]
11
[[-1, -2, -3, 4, 5, 6, 7, -8, 9, -12, -13, -14, 15, -16, -17, 18, 19, 20], [1, 2, 3, -4, 5, 6, 7, -8, 9, 12, 13, 14, -15, -16, -17, 18, 19, 20], [-1, 2, 3, -4, 5, 6, 7, -8, 9, 12, 13, 14, -15, -16, -17, 18, 19, 20], [1, -2, 3, -4, 5, 6, 7, -8, 9, 12, -13, 14, -15, -16, -17, 18, 19, 20], [-1, -2, 3, -4, 5, 6, 7, -8, 9, 12, -13, 14, -15, -16, -17, 18, 19, 20], [1, 2, -3, -4, 5, 6, 7, -8, 9, -12, -13, 14, -15, -16, -17, 18, 19, 20], [-1, 2, -3, -4, 5, 6, 7, -8, 9, -12, -13, 14, -15, -16, -17, 18, 19, 20], [1, -2, -3, -4, 5, 6, 7, -8, 9, -12, 13, -14, -15, -16, -17, 18, 19, 20], [-1, -2, -3, -4, 5, 6, 7, -8, 9, 12, -13, -14, -15, -16, -17, 18, 19, 20], [1, 2, 3, 4, -5, 6, 7, -8, 9, 12, -13, -14, -15, -16, -17, 18, 19, 20], [-1, 2, 3, 4, -5, 6, 7, -8, 9, 12, 13, 14, 15, 16, 17, -18, 19, 20], [1, -2, 3, 4, -5, 6, 7, -8, 9, 12, 13, 14, 15, 16, 17, -18, 19, 20], [-1, -2, 3, 4, -5, 6, 7, -8, 9, -12, 13, 14, 15, 16, 17, -18, 19, 20], [1, 2, -3, 4, -5, 6, 7, -8, 9, -12, 13, 14, 15, 16, 17, -18, 19, 20], [-1, 2, -3, 4, -5, 6, 7, -8, 9, -12, -13, 14, 15, 16, 17, -18, 19, 20], [1, -2, -3, 4, -5, 6, 7, -8, 9, 12, 13, -14, 15, 16, 17, -18, 19, 20], [-1, -2, -3, 4, -5, 6, 7, -8, 9, 12, 13, -14, 15, 16, 17, -18, 19, 20], [1, 2, 3, -4, -5, 6, 7, -8, 9, 12, -13, -14, 15, 16, 17, -18, 19, 20], [-1, 2, 3, -4, -5, 6, 7, -8, 9, 12, -13, -14, 15, 16, 17, -18, 19, 20], [1, -2, 3, -4, -5, 6, 7, -8, 9, -12, -13, -14, 15, 16, 17, -18, 19, 20], [-1, -2, 3, -4, -5, 6, 7, -8, 9, -12, -13, -14, 15, 16, 17, -18, 19, 20], [1, 2, -3, -4, -5, 6, 7, -8, 9, -12, 13, 14, -15, 16, 17, -18, 19, 20], [-1, 2, -3, -4, -5, 6, 7, -8, 9, 12, -13, 14, -15, 16, 17, -18, 19, 20], [1, -2, -3, -4, -5, 6, 7, -8, 9, 12, -13, 14, -15, 16, 17, -18, 19, 20], [-1, -2, -3, -4, -5, 6, 7, -8, 9, 12, 13, -14, -15, 16, 17, -18, 19, 20], [1, 2, 3, 4, 5, -6, 7, -8, 9, 12, 13, -14, -15, 16, 17, -18, 19, 20], [-1, 2, 3, 4, 5, -6, 7, -8, 9, -12, 13, -14, -15, 16, 17, -18, 19, 20], [1, -2, 3, 4, 5, -6, 7, -8, 9, -12, 13, -14, -15, 16, 17, -18, 19, 20], [-1, -2, 3, 4, 5, -6, 7, -8, 9, -12, -13, -14, -15, 16, 17, -18, 19, 20], [1, 2, -3, 4, 5, -6, 7, -8, 9, 12, 13, 14, 15, -16, 17, -18, 19, 20], [-1, 2, -3, 4, 5, -6, 7, -8, 9, 12, 13, 14, 15, -16, 17, -18, 19, 20], [1, -2, -3, 4, 5, -6, 7, -8, 9, 12, -13, 14, 15, -16, 17, -18, 19, 20], [-1, -2, -3, 4, 5, -6, 7, -8, 9, 12, -13, 14, 15, -16, 17, -18, 19, 20], [1, 2, 3, -4, 5, -6, 7, -8, 9, -12, -13, 14, 15, -16, 17, -18, 19, 20], [-1, 2, 3, -4, 5, -6, 7, -8, 9, -12, -13, 14, 15, -16, 17, -18, 19, 20], [1, -2, 3, -4, 5, -6, 7, -8, 9, -12, 13, -14, 15, -16, 17, -18, 19, 20], [-1, -2, 3, -4, 5, -6, 7, -8, 9, 12, -13, -14, 15, -16, 17, -18, 19, 20], [1, 2, -3, -4, 5, -6, 7, -8, 9, 12, -13, -14, 15, -16, 17, -18, 19, 20], [-1, 2, -3, -4, 5, -6, 7, -8, 9, 12, 13, 14, -15, -16, 17, -18, 19, 20], [1, -2, -3, -4, 5, -6, 7, -8, 9, 12, 13, 14, -15, -16, 17, -18, 19, 20], [-1, -2, -3, -4, 5, -6, 7, -8, 9, -12, 13, 14, -15, -16, 17, -18, 19, 20], [1, 2, 3, 4, -5, -6, 7, -8, 9, -12, 13, 14, -15, -16, 17, -18, 19, 20], [-1, 2, 3, 4, -5, -6, 7, -8, 9, -12, -13, 14, -15, -16, 17, -18, 19, 20], [1, -2, 3, 4, -5, -6, 7, -8, 9, 12, 13, -14, -15, -16, 17, -18, 19, 20], [-1, -2, 3, 4, -5, -6, 7, -8, 9, 12, 13, -14, -15, -16, 17, -18, 19, 20], [1, 2, -3, 4, -5, -6, 7, -8, 9, 12, -13, -14, -15, -16, 17, -18, 19, 20], [-1, 2, -3, 4, -5, -6, 7, -8, 9, 12, -13, -14, -15, -16, 17, -18, 19, 20], [1, -2, -3, 4, -5, -6, 7, -8, 9, -12, -13, -14, -15, -16, 17, -18, 19, 20], [-1, -2, -3, 4, -5, -6, 7, -8, 9, -12, -13, -14, -15, -16, 17, -18, 19, 20], [1, 2, 3, -4, -5, -6, 7, -8, 9, -12, 13, 14, 15, 16, -17, -18, 19, 20], [-1, 2, 3, -4, -5, -6, 7, -8, 9, 12, -13, 14, 15, 16, -17, -18, 19, 20], [1, -2, 3, -4, -5, -6, 7, -8, 9, 12, -13, 14, 15, 16, -17, -18, 19, 20], [-1, -2, 3, -4, -5, -6, 7, -8, 9, 12, 13, -14, 15, 16, -17, -18, 19, 20], [1, 2, -3, -4, -5, -6, 7, -8, 9, 12, 13, -14, 15, 16, -17, -18, 19, 20], [-1, 2, -3, -4, -5, -6, 7, -8, 9, -12, 13, -14, 15, 16, -17, -18, 19, 20], [1, -2, -3, -4, -5, -6, 7, -8, 9, -12, 13, -14, 15, 16, -17, -18, 19, 20], [-1, -2, -3, -4, -5, -6, 7, -8, 9, -12, -13, -14, 15, 16, -17, -18, 19, 20], [1, 2, 3, 4, 5, 6, -7, -8, 9, 12, 13, 14, -15, 16, -17, -18, 19, 20], [-1, 2, 3, 4, 5, 6, -7, -8, 9, 12, 13, 14, -15, 16, -17, -18, 19, 20], [1, -2, 3, 4, 5, 6, -7, -8, 9, 12, -13, 14, -15, 16, -17, -18, 19, 20], [-1, -2, 3, 4, 5, 6, -7, -8, 9, 12, -13, 14, -15, 16, -17, -18, 19, 20], [1, 2, -3, 4, 5, 6, -7, -8, 9, -12, -13, 14, -15, 16, -17, -18, 19, 20], [-1, 2, -3, 4, 5, 6, -7, -8, 9, -12, -13, 14, -15, 16, -17, -18, 19, 20], [1, -2, -3, 4, 5, 6, -7, -8, 9, -12, 13, -14, -15, 16, -17, -18, 19, 20], [-1, -2, -3, 4, 5, 6, -7, -8, 9, 12, -13, -14, -15, 16, -17, -18, 19, 20], [1, 2, 3, -4, 5, 6, -7, -8, 9, 12, -13, -14, -15, 16, -17, -18, 19, 20], [-1, 2, 3, -4, 5, 6, -7, -8, 9, 12, 13, 14, 15, -16, -17, -18, 19, 20], [1, -2, 3, -4, 5, 6, -7, -8, 9, 12, 13, 14, 15, -16, -17, -18, 19, 20], [-1, -2, 3, -4, 5, 6, -7, -8, 9, -12, 13, 14, 15, -16, -17, -18, 19, 20], [1, 2, -3, -4, 5, 6, -7, -8, 9, -12, 13, 14, 15, -16, -17, -18, 19, 20], [-1, 2, -3, -4, 5, 6, -7, -8, 9, -12, -13, 14, 15, -16, -17, -18, 19, 20], [1, -2, -3, -4, 5, 6, -7, -8, 9, 12, 13, -14, 15, -16, -17, -18, 19, 20], [-1, -2, -3, -4, 5, 6, -7, -8, 9, 12, 13, -14, 15, -16, -17, -18, 19, 20], [1, 2, 3, 4, -5, 6, -7, -8, 9, 12, -13, -14, 15, -16, -17, -18, 19, 20], [-1, 2, 3, 4, -5, 6, -7, -8, 9, 12, -13, -14, 15, -16, -17, -18, 19, 20], [1, -2, 3, 4, -5, 6, -7, -8, 9, -12, -13, -14, 15, -16, -17, -18, 19, 20], [-1, -2, 3, 4, -5, 6, -7, -8, 9, -12, -13, -14, 15, -16, -17, -18, 19, 20], [1, 2, -3, 4, -5, 6, -7, -8, 9, -12, 13, 14, -15, -16, -17, -18, 19, 20], [-1, 2, -3, 4, -5, 6, -7, -8, 9, 12, -13, 14, -15, -16, -17, -18, 19, 20], [1, -2, -3, 4, -5, 6, -7, -8, 9, 12, -13, 14, -15, -16, -17, -18, 19, 20], [-1, -2, -3, 4, -5, 6, -7, -8, 9, 12, 13, -14, -15, -16, -17, -18, 19, 20], [1, 2, 3, -4, -5, 6, -7, -8, 9, 12, 13, -14, -15, -16, -17, -18, 19, 20], [-1, 2, 3, -4, -5, 6, -7, -8, 9, -12, 13, -14, -15, -16, -17, -18, 19, 20], [1, -2, 3, -4, -5, 6, -7, -8, 9, -12, 13, -14, -15, -16, -17, -18, 19, 20], [-1, -2, 3, -4, -5, 6, -7, -8, 9, -12, -13, -14, -15, -16, -17, -18, 19, 20], [1, 2, -3, -4, -5, 6, -7, -8, 9, 12, 13, 14, 15, 16, 17, 18, -19, 20], [-1, 2, -3, -4, -5, 6, -7, -8, 9, 12, 13, 14, 15, 16, 17, 18, -19, 20], [1, -2, -3, -4, -5, 6, -7, -8, 9, 12, -13, 14, 15, 16, 17, 18, -19, 20], [-1, -2, -3, -4, -5, 6, -7, -8, 9, 12, -13, 14, 15, 16, 17, 18, -19, 20], [1, 2, 3, 4, 5, -6, -7, -8, 9, -12, -13, 14, 15, 16, 17, 18, -19, 20], [-1, 2, 3, 4, 5, -6, -7, -8, 9, -12, -13, 14, 15, 16, 17, 18, -19, 20], [1, -2, 3, 4, 5, -6, -7, -8, 9, -12, 13, -14, 15, 16, 17, 18, -19, 20], [-1, -2, 3, 4, 5, -6, -7, -8, 9, 12, -13, -14, 15, 16, 17, 18, -19, 20], [1, 2, -3, 4, 5, -6, -7, -8, 9, 12, -13, -14, 15, 16, 17, 18, -19, 20], [-1, 2, -3, 4, 5, -6, -7, -8, 9, 12, 13, 14, -15, 16, 17, 18, -19, 20], [1, -2, -3, 4, 5, -6, -7, -8, 9, 12, 13, 14, -15, 16, 17, 18, -19, 20], [-1, -2, -3, 4, 5, -6, -7, -8, 9, -12, 13, 14, -15, 16, 17, 18, -19, 20], [1, 2, 3, -4, 5, -6, -7, -8, 9, -12, 13, 14, -15, 16, 17, 18, -19, 20], [-1, 2, 3, -4, 5, -6, -7, -8, 9, -12, -13, 14, -15, 16, 17, 18, -19, 20], [1, -2, 3, -4, 5, -6, -7, -8, 9, 12, 13, -14, -15, 16, 17, 18, -19, 20], [-1, -2, 3, -4, 5, -6, -7, -8, 9, 12, 13, -14, -15, 16, 17, 18, -19, 20], [1, 2, -3, -4, 5, -6, -7, -8, 9, 12, -13, -14, -15, 16, 17, 18, -19, 20], [-1, 2, -3, -4, 5, -6, -7, -8, 9, 12, -13, -14, -15, 16, 17, 18, -19, 20], [1, -2, -3, -4, 5, -6, -7, -8, 9, -12, -13, -14, -15, 16, 17, 18, -19, 20], [-1, -2, -3, -4, 5, -6, -7, -8, 9, -12, -13, -14, -15, 16, 17, 18, -19, 20], [1, 2, 3, 4, -5, -6, -7, -8, 9, -12, 13, 14, 15, -16, 17, 18, -19, 20], [-1, 2, 3, 4, -5, -6, -7, -8, 9, 12, -13, 14, 15, -16, 17, 18, -19, 20], [1, -2, 3, 4, -5, -6, -7, -8, 9, 12, -13, 14, 15, -16, 17, 18, -19, 20], [-1, -2, 3, 4, -5, -6, -7, -8, 9, 12, 13, -14, 15, -16, 17, 18, -19, 20], [1, 2, -3, 4, -5, -6, -7, -8, 9, 12, 13, -14, 15, -16, 17, 18, -19, 20], [-1, 2, -3, 4, -5, -6, -7, -8, 9, -12, 13, -14, 15, -16, 17, 18, -19, 20], [1, -2, -3, 4, -5, -6, -7, -8, 9, -12, 13, -14, 15, -16, 17, 18, -19, 20], [-1, -2, -3, 4, -5, -6, -7, -8, 9, -12, -13, -14, 15, -16, 17, 18, -19, 20], [1, 2, 3, -4, -5, -6, -7, -8, 9, 12, 13, 14, -15, -16, 17, 18, -19, 20], [-1, 2, 3, -4, -5, -6, -7, -8, 9, 12, 13, 14, -15, -16, 17, 18, -19, 20], [1, -2, 3, -4, -5, -6, -7, -8, 9, 12, -13, 14, -15, -16, 17, 18, -19, 20], [-1, -2, 3, -4, -5, -6, -7, -8, 9, 12, -13, 14, -15, -16, 17, 18, -19, 20], [1, 2, -3, -4, -5, -6, -7, -8, 9, -12, -13, 14, -15, -16, 17, 18, -19, 20], [-1, 2, -3, -4, -5, -6, -7, -8, 9, -12, -13, 14, -15, -16, 17, 18, -19, 20], [1, -2, -3, -4, -5, -6, -7, -8, 9, -12, 13, -14, -15, -16, 17, 18, -19, 20], [-1, -2, -3, -4, -5, -6, -7, -8, 9, 12, -13, -14, -15, -16, 17, 18, -19, 20], [1, 2, 3, 4, 5, 6, 7, 8, -9, 12, -13, -14, -15, -16, 17, 18, -19, 20], [-1, 2, 3, 4, 5, 6, 7, 8, -9, 12, 13, 14, 15, 16, -17, 18, -19, 20], [1, -2, 3, 4, 5, 6, 7, 8, -9, 12, 13, 14, 15, 16, -17, 18, -19, 20], [-1, -2, 3, 4, 5, 6, 7, 8, -9, -12, 13, 14, 15, 16, -17, 18, -19, 20], [1, 2, -3, 4, 5, 6, 7, 8, -9, -12, 13, 14, 15, 16, -17, 18, -19, 20], [-1, 2, -3, 4, 5, 6, 7, 8, -9, -12, -13, 14, 15, 16, -17, 18, -19, 20], [1, -2, -3, 4, 5, 6, 7, 8, -9, 12, 13, -14, 15, 16, -17, 18, -19, 20], [-1, -2, -3, 4, 5, 6, 7, 8, -9, 12, 13, -14, 15, 16, -17, 18, -19, 20], [1, 2, 3, -4, 5, 6, 7, 8, -9, 12, -13, -14, 15, 16, -17, 18, -19, 20], [-1, 2, 3, -4, 5, 6, 7, 8, -9, 12, -13, -14, 15, 16, -17, 18, -19, 20], [1, -2, 3, -4, 5, 6, 7, 8, -9, -12, -13, -14, 15, 16, -17, 18, -19, 20], [-1, -2, 3, -4, 5, 6, 7, 8, -9, -12, -13, -14, 15, 16, -17, 18, -19, 20], [1, 2, -3, -4, 5, 6, 7, 8, -9, -12, 13, 14, -15, 16, -17, 18, -19, 20], [-1, 2, -3, -4, 5, 6, 7, 8, -9, 12, -13, 14, -15, 16, -17, 18, -19, 20], [1, -2, -3, -4, 5, 6, 7, 8, -9, 12, -13, 14, -15, 16, -17, 18, -19, 20], [-1, -2, -3, -4, 5, 6, 7, 8, -9, 12, 13, -14, -15, 16, -17, 18, -19, 20], [1, 2, 3, 4, -5, 6, 7, 8, -9, 12, 13, -14, -15, 16, -17, 18, -19, 20], [-1, 2, 3, 4, -5, 6, 7, 8, -9, -12, 13, -14, -15, 16, -17, 18, -19, 20], [1, -2, 3, 4, -5, 6, 7, 8, -9, -12, 13, -14, -15, 16, -17, 18, -19, 20], [-1, -2, 3, 4, -5, 6, 7, 8, -9, -12, -13, -14, -15, 16, -17, 18, -19, 20], [1, 2, -3, 4, -5, 6, 7, 8, -9, 12, 13, 14, 15, -16, -17, 18, -19, 20], [-1, 2, -3, 4, -5, 6, 7, 8, -9, 12, 13, 14, 15, -16, -17, 18, -19, 20], [1, -2, -3, 4, -5, 6, 7, 8, -9, 12, -13, 14, 15, -16, -17, 18, -19, 20], [-1, -2, -3, 4, -5, 6, 7, 8, -9, 12, -13, 14, 15, -16, -17, 18, -19, 20], [1, 2, 3, -4, -5, 6, 7, 8, -9, -12, -13, 14, 15, -16, -17, 18, -19, 20], [-1, 2, 3, -4, -5, 6, 7, 8, -9, -12, -13, 14, 15, -16, -17, 18, -19, 20], [1, -2, 3, -4, -5, 6, 7, 8, -9, -12, 13, -14, 15, -16, -17, 18, -19, 20], [-1, -2, 3, -4, -5, 6, 7, 8, -9, 12, -13, -14, 15, -16, -17, 18, -19, 20], [1, 2, -3, -4, -5, 6, 7, 8, -9, 12, -13, -14, 15, -16, -17, 18, -19, 20], [-1, 2, -3, -4, -5, 6, 7, 8, -9, 12, 13, 14, -15, -16, -17, 18, -19, 20], [1, -2, -3, -4, -5, 6, 7, 8, -9, 12, 13, 14, -15, -16, -17, 18, -19, 20], [-1, -2, -3, -4, -5, 6, 7, 8, -9, -12, 13, 14, -15, -16, -17, 18, -19, 20], [1, 2, 3, 4, 5, -6, 7, 8, -9, -12, 13, 14, -15, -16, -17, 18, -19, 20], [-1, 2, 3, 4, 5, -6, 7, 8, -9, -12, -13, 14, -15, -16, -17, 18, -19, 20], [1, -2, 3, 4, 5, -6, 7, 8, -9, 12, 13, -14, -15, -16, -17, 18, -19, 20], [-1, -2, 3, 4, 5, -6, 7, 8, -9, 12, 13, -14, -15, -16, -17, 18, -19, 20], [1, 2, -3, 4, 5, -6, 7, 8, -9, 12, -13, -14, -15, -16, -17, 18, -19, 20], [-1, 2, -3, 4, 5, -6, 7, 8, -9, 12, -13, -14, -15, -16, -17, 18, -19, 20], [1, -2, -3, 4, 5, -6, 7, 8, -9, -12, -13, -14, -15, -16, -17, 18, -19, 20], [-1, -2, -3, 4, 5, -6, 7, 8, -9, -12, -13, -14, -15, -16, -17, 18, -19, 20], [1, 2, 3, -4, 5, -6, 7, 8, -9, -12, 13, 14, 15, 16, 17, -18, -19, 20], [-1, 2, 3, -4, 5, -6, 7, 8, -9, 12, -13, 14, 15, 16, 17, -18, -19, 20], [1, -2, 3, -4, 5, -6, 7, 8, -9, 12, -13, 14, 15, 16, 17, -18, -19, 20], [-1, -2, 3, -4, 5, -6, 7, 8, -9, 12, 13, -14, 15, 16, 17, -18, -19, 20], [1, 2, -3, -4, 5, -6, 7, 8, -9, 12, 13, -14, 15, 16, 17, -18, -19, 20], [-1, 2, -3, -4, 5, -6, 7, 8, -9, -12, 13, -14, 15, 16, 17, -18, -19, 20], [1, -2, -3, -4, 5, -6, 7, 8, -9, -12, 13, -14, 15, 16, 17, -18, -19, 20], [-1, -2, -3, -4, 5, -6, 7, 8, -9, -12, -13, -14, 15, 16, 17, -18, -19, 20], [1, 2, 3, 4, -5, -6, 7, 8, -9, 12, 13, 14, -15, 16, 17, -18, -19, 20], [-1, 2, 3, 4, -5, -6, 7, 8, -9, 12, 13, 14, -15, 16, 17, -18, -19, 20], [1, -2, 3, 4, -5, -6, 7, 8, -9, 12, -13, 14, -15, 16, 17, -18, -19, 20], [-1, -2, 3, 4, -5, -6, 7, 8, -9, 12, -13, 14, -15, 16, 17, -18, -19, 20], [1, 2, -3, 4, -5, -6, 7, 8, -9, -12, -13, 14, -15, 16, 17, -18, -19, 20], [-1, 2, -3, 4, -5, -6, 7, 8, -9, -12, -13, 14, -15, 16, 17, -18, -19, 20], [1, -2, -3, 4, -5, -6, 7, 8, -9, -12, 13, -14, -15, 16, 17, -18, -19, 20], [-1, -2, -3, 4, -5, -6, 7, 8, -9, 12, -13, -14, -15, 16, 17, -18, -19, 20], [1, 2, 3, -4, -5, -6, 7, 8, -9, 12, -13, -14, -15, 16, 17, -18, -19, 20], [-1, 2, 3, -4, -5, -6, 7, 8, -9, 12, 13, 14, 15, -16, 17, -18, -19, 20], [1, -2, 3, -4, -5, -6, 7, 8, -9, 12, 13, 14, 15, -16, 17, -18, -19, 20], [-1, -2, 3, -4, -5, -6, 7, 8, -9, -12, 13, 14, 15, -16, 17, -18, -19, 20], [1, 2, -3, -4, -5, -6, 7, 8, -9, -12, 13, 14, 15, -16, 17, -18, -19, 20], [-1, 2, -3, -4, -5, -6, 7, 8, -9, -12, -13, 14, 15, -16, 17, -18, -19, 20], [1, -2, -3, -4, -5, -6, 7, 8, -9, 12, 13, -14, 15, -16, 17, -18, -19, 20], [-1, -2, -3, -4, -5, -6, 7, 8, -9, 12, 13, -14, 15, -16, 17, -18, -19, 20], [1, 2, 3, 4, 5, 6, -7, 8, -9, 12, -13, -14, 15, -16, 17, -18, -19, 20], [-1, 2, 3, 4, 5, 6, -7, 8, -9, 12, -13, -14, 15, -16, 17, -18, -19, 20], [1, -2, 3, 4, 5, 6, -7, 8, -9, -12, -13, -14, 15, -16, 17, -18, -19, 20], [-1, -2, 3, 4, 5, 6, -7, 8, -9, -12, -13, -14, 15, -16, 17, -18, -19, 20], [1, 2, -3, 4, 5, 6, -7, 8, -9, -12, 13, 14, -15, -16, 17, -18, -19, 20], [-1, 2, -3, 4, 5, 6, -7, 8, -9, 12, -13, 14, -15, -16, 17, -18, -19, 20], [1, -2, -3, 4, 5, 6, -7, 8, -9, 12, -13, 14, -15, -16, 17, -18, -19, 20], [-1, -2, -3, 4, 5, 6, -7, 8, -9, 12, 13, -14, -15, -16, 17, -18, -19, 20], [1, 2, 3, -4, 5, 6, -7, 8, -9, 12, 13, -14, -15, -16, 17, -18, -19, 20], [-1, 2, 3, -4, 5, 6, -7, 8, -9, -12, 13, -14, -15, -16, 17, -18, -19, 20], [1, -2, 3, -4, 5, 6, -7, 8, -9, -12, 13, -14, -15, -16, 17, -18, -19, 20], [-1, -2, 3, -4, 5, 6, -7, 8, -9, -12, -13, -14, -15, -16, 17, -18, -19, 20], [1, 2, -3, -4, 5, 6, -7, 8, -9, 12, 13, 14, 15, 16, -17, -18, -19, 20], [-1, 2, -3, -4, 5, 6, -7, 8, -9, 12, 13, 14, 15, 16, -17, -18, -19, 20], [1, -2, -3, -4, 5, 6, -7, 8, -9, 12, -13, 14, 15, 16, -17, -18, -19, 20], [-1, -2, -3, -4, 5, 6, -7, 8, -9, 12, -13, 14, 15, 16, -17, -18, -19, 20], [1, 2, 3, 4, -5, 6, -7, 8, -9, -12, -13, 14, 15, 16, -17, -18, -19, 20], [-1, 2, 3, 4, -5, 6, -7, 8, -9, -12, -13, 14, 15, 16, -17, -18, -19, 20], [1, -2, 3, 4, -5, 6, -7, 8, -9, -12, 13, -14, 15, 16, -17, -18, -19, 20], [-1, -2, 3, 4, -5, 6, -7, 8, -9, 12, -13, -14, 15, 16, -17, -18, -19, 20], [1, 2, -3, 4, -5, 6, -7, 8, -9, 12, -13, -14, 15, 16, -17, -18, -19, 20], [-1, 2, -3, 4, -5, 6, -7, 8, -9, 12, 13, 14, -15, 16, -17, -18, -19, 20], [1, -2, -3, 4, -5, 6, -7, 8, -9, 12, 13, 14, -15, 16, -17, -18, -19, 20], [-1, -2, -3, 4, -5, 6, -7, 8, -9, -12, 13, 14, -15, 16, -17, -18, -19, 20], [1, 2, 3, -4, -5, 6, -7, 8, -9, -12, 13, 14, -15, 16, -17, -18, -19, 20], [-1, 2, 3, -4, -5, 6, -7, 8, -9, -12, -13, 14, -15, 16, -17, -18, -19, 20], [1, -2, 3, -4, -5, 6, -7, 8, -9, 12, 13, -14, -15, 16, -17, -18, -19, 20], [-1, -2, 3, -4, -5, 6, -7, 8, -9, 12, 13, -14, -15, 16, -17, -18, -19, 20], [1, 2, -3, -4, -5, 6, -7, 8, -9, 12, -13, -14, -15, 16, -17, -18, -19, 20], [-1, 2, -3, -4, -5, 6, -7, 8, -9, 12, -13, -14, -15, 16, -17, -18, -19, 20], [1, -2, -3, -4, -5, 6, -7, 8, -9, -12, -13, -14, -15, 16, -17, -18, -19, 20], [-1, -2, -3, -4, -5, 6, -7, 8, -9, -12, -13, -14, -15, 16, -17, -18, -19, 20], [1, 2, 3, 4, 5, -6, -7, 8, -9, -12, 13, 14, 15, -16, -17, -18, -19, 20], [-1, 2, 3, 4, 5, -6, -7, 8, -9, 12, -13, 14, 15, -16, -17, -18, -19, 20], [1, -2, 3, 4, 5, -6, -7, 8, -9, 12, -13, 14, 15, -16, -17, -18, -19, 20], [-1, -2, 3, 4, 5, -6, -7, 8, -9, 12, 13, -14, 15, -16, -17, -18, -19, 20], [1, 2, -3, 4, 5, -6, -7, 8, -9, 12, 13, -14, 15, -16, -17, -18, -19, 20], [-1, 2, -3, 4, 5, -6, -7, 8, -9, -12, 13, -14, 15, -16, -17, -18, -19, 20], [1, -2, -3, 4, 5, -6, -7, 8, -9, -12, 13, -14, 15, -16, -17, -18, -19, 20], [-1, -2, -3, 4, 5, -6, -7, 8, -9, -12, -13, -14, 15, -16, -17, -18, -19, 20], [1, 2, 3, -4, 5, -6, -7, 8, -9, 12, 13, 14, -15, -16, -17, -18, -19, 20], [-1, 2, 3, -4, 5, -6, -7, 8, -9, 12, 13, 14, -15, -16, -17, -18, -19, 20], [1, -2, 3, -4, 5, -6, -7, 8, -9, 12, -13, 14, -15, -16, -17, -18, -19, 20], [-1, -2, 3, -4, 5, -6, -7, 8, -9, 12, -13, 14, -15, -16, -17, -18, -19, 20], [1, 2, -3, -4, 5, -6, -7, 8, -9, -12, -13, 14, -15, -16, -17, -18, -19, 20], [-1, 2, -3, -4, 5, -6, -7, 8, -9, -12, -13, 14, -15, -16, -17, -18, -19, 20], [1, -2, -3, -4, 5, -6, -7, 8, -9, -12, 13, -14, -15, -16, -17, -18, -19, 20], [-1, -2, -3, -4, 5, -6, -7, 8, -9, 12, -13, -14, -15, -16, -17, -18, -19, 20], [1, 2, 3, 4, -5, -6, -7, 8, -9, 12, -13, -14, -15, -16, -17, -18, -19, 20], [-1, 2, 3, 4, -5, -6, -7, 8, -9, 12, 13, 14, 15, 16, 17, 18, 19, -20], [1, -2, 3, 4, -5, -6, -7, 8, -9, 12, 13, 14, 15, 16, 17, 18, 19, -20], [-1, -2, 3, 4, -5, -6, -7, 8, -9, -12, 13, 14, 15, 16, 17, 18, 19, -20], [1, 2, -3, 4, -5, -6, -7, 8, -9, -12, 13, 14, 15, 16, 17, 18, 19, -20], [-1, 2, -3, 4, -5, -6, -7, 8, -9, -12, -13, 14, 15, 16, 17, 18, 19, -20], [1, -2, -3, 4, -5, -6, -7, 8, -9, 12, 13, -14, 15, 16, 17, 18, 19, -20], [-1, -2, -3, 4, -5, -6, -7, 8, -9, 12, 13, -14, 15, 16, 17, 18, 19, -20], [1, 2, 3, -4, -5, -6, -7, 8, -9, 12, -13, -14, 15, 16, 17, 18, 19, -20], [-1, 2, 3, -4, -5, -6, -7, 8, -9, 12, -13, -14, 15, 16, 17, 18, 19, -20], [1, -2, 3, -4, -5, -6, -7, 8, -9, -12, -13, -14, 15, 16, 17, 18, 19, -20], [-1, -2, 3, -4, -5, -6, -7, 8, -9, -12, -13, -14, 15, 16, 17, 18, 19, -20], [1, 2, -3, -4, -5, -6, -7, 8, -9, -12, 13, 14, -15, 16, 17, 18, 19, -20], [-1, 2, -3, -4, -5, -6, -7, 8, -9, 12, -13, 14, -15, 16, 17, 18, 19, -20], [1, -2, -3, -4, -5, -6, -7, 8, -9, 12, -13, 14, -15, 16, 17, 18, 19, -20], [-1, -2, -3, -4, -5, -6, -7, 8, -9, 12, 13, -14, -15, 16, 17, 18, 19, -20], [1, 2, 3, 4, 5, 6, 7, -8, -9, 12, 13, -14, -15, 16, 17, 18, 19, -20], [-1, 2, 3, 4, 5, 6, 7, -8, -9, -12, 13, -14, -15, 16, 17, 18, 19, -20], [1, -2, 3, 4, 5, 6, 7, -8, -9, -12, 13, -14, -15, 16, 17, 18, 19, -20]]
21
[[12, 13, 14, 15, 16, 17, 18, 19, 20], [-12, 13, 14, 15, 16, 17, 18, 19, 20], [12, 13, 14, 15, 16, 17, 18, 19, 20], [12, -13, 14, 15, 16, 17, 18, 19, 20], [12, 13, 14, 15, 16, 17, 18, 19, 20], [-12, -13, 14, 15, 16, 17, 18, 19, 20], [12, 13, 14, 15, 16, 17, 18, 19, 20], [12, 13, -14, 15, 16, 17, 18, 19, 20], [12, 13, 14, 15, 16, 17, 18, 19, 20], [-12, 13, -14, 15, 16, 17, 18, 19, 20], [-12, 13, 14, 15, 16, 17, 18, 19, 20], [12, -13, 14, 15, 16, 17, 18, 19, 20], [-12, 13, 14, 15, 16, 17, 18, 19, 20], [-12, -13, 14, 15, 16, 17, 18, 19, 20], [-12, 13, 14, 15, 16, 17, 18, 19, 20], [12, 13, -14, 15, 16, 17, 18, 19, 20], [-12, 13, 14, 15, 16, 17, 18, 19, 20], [-12, 13, -14, 15, 16, 17, 18, 19, 20], [12, -13, 14, 15, 16, 17, 18, 19, 20], [-12, -13, 14, 15, 16, 17, 18, 19, 20], [12, -13, 14, 15, 16, 17, 18, 19, 20], [12, 13, -14, 15, 16, 17, 18, 19, 20], [12, -13, 14, 15, 16, 17, 18, 19, 20], [-12, 13, -14, 15, 16, 17, 18, 19, 20], [-12, -13, 14, 15, 16, 17, 18, 19, 20], [12, 13, -14, 15, 16, 17, 18, 19, 20], [-12, -13, 14, 15, 16, 17, 18, 19, 20], [-12, 13, -14, 15, 16, 17, 18, 19, 20], [12, 13, -14, 15, 16, 17, 18, 19, 20], [-12, 13, -14, 15, 16, 17, 18, 19, 20], [12, -13, -14, 15, 16, 17, 18, 19, 20], [-12, -13, -14, 15, 16, 17, 18, 19, 20], [12, -13, -14, 15, 16, 17, 18, 19, 20], [12, 13, 14, -15, 16, 17, 18, 19, 20], [12, -13, -14, 15, 16, 17, 18, 19, 20], [-12, 13, 14, -15, 16, 17, 18, 19, 20], [12, -13, -14, 15, 16, 17, 18, 19, 20], [12, -13, 14, -15, 16, 17, 18, 19, 20], [12, -13, -14, 15, 16, 17, 18, 19, 20], [-12, -13, 14, -15, 16, 17, 18, 19, 20], [-12, -13, -14, 15, 16, 17, 18, 19, 20], [12, 13, 14, -15, 16, 17, 18, 19, 20], [-12, -13, -14, 15, 16, 17, 18, 19, 20], [-12, 13, 14, -15, 16, 17, 18, 19, 20], [-12, -13, -14, 15, 16, 17, 18, 19, 20], [12, -13, 14, -15, 16, 17, 18, 19, 20], [-12, -13, -14, 15, 16, 17, 18, 19, 20], [-12, -13, 14, -15, 16, 17, 18, 19, 20], [12, 13, 14, -15, 16, 17, 18, 19, 20], [-12, 13, 14, -15, 16, 17, 18, 19, 20], [12, 13, 14, -15, 16, 17, 18, 19, 20], [12, -13, 14, -15, 16, 17, 18, 19, 20], [12, 13, 14, -15, 16, 17, 18, 19, 20], [-12, -13, 14, -15, 16, 17, 18, 19, 20], [-12, 13, 14, -15, 16, 17, 18, 19, 20], [12, -13, 14, -15, 16, 17, 18, 19, 20], [-12, 13, 14, -15, 16, 17, 18, 19, 20], [-12, -13, 14, -15, 16, 17, 18, 19, 20], [12, -13, 14, -15, 16, 17, 18, 19, 20], [-12, -13, 14, -15, 16, 17, 18, 19, 20], [12, 13, -14, -15, 16, 17, 18, 19, 20], [-12, 13, -14, -15, 16, 17, 18, 19, 20], [12, 13, -14, -15, 16, 17, 18, 19, 20], [12, -13, -14, -15, 16, 17, 18, 19, 20], [12, 13, -14, -15, 16, 17, 18, 19, 20], [-12, -13, -14, -15, 16, 17, 18, 19, 20], [12, 13, -14, -15, 16, 17, 18, 19, 20], [12, 13, 14, 15, -16, 17, 18, 19, 20], [12, 13, -14, -15, 16, 17, 18, 19, 20], [-12, 13, 14, 15, -16, 17, 18, 19, 20], [-12, 13, -14, -15, 16, 17, 18, 19, 20], [12, -13, -14, -15, 16, 17, 18, 19, 20], [-12, 13, -14, -15, 16, 17, 18, 19, 20], [-12, -13, -14, -15, 16, 17, 18, 19, 20], [-12, 13, -14, -15, 16, 17, 18, 19, 20], [12, 13, 14, 15, -16, 17, 18, 19, 20], [-12, 13, -14, -15, 16, 17, 18, 19, 20], [-12, 13, 14, 15, -16, 17, 18, 19, 20], [12, -13, -14, -15, 16, 17, 18, 19, 20], [-12, -13, -14, -15, 16, 17, 18, 19, 20], [12, -13, -14, -15, 16, 17, 18, 19, 20], [12, 13, 14, 15, -16, 17, 18, 19, 20], [12, -13, -14, -15, 16, 17, 18, 19, 20], [-12, 13, 14, 15, -16, 17, 18, 19, 20], [-12, -13, -14, -15, 16, 17, 18, 19, 20], [12, 13, 14, 15, -16, 17, 18, 19, 20], [-12, -13, -14, -15, 16, 17, 18, 19, 20], [-12, 13, 14, 15, -16, 17, 18, 19, 20], [12, 13, 14, 15, -16, 17, 18, 19, 20], [-12, 13, 14, 15, -16, 17, 18, 19, 20], [12, -13, 14, 15, -16, 17, 18, 19, 20], [-12, -13, 14, 15, -16, 17, 18, 19, 20], [12, -13, 14, 15, -16, 17, 18, 19, 20], [12, 13, -14, 15, -16, 17, 18, 19, 20], [12, -13, 14, 15, -16, 17, 18, 19, 20], [-12, 13, -14, 15, -16, 17, 18, 19, 20], [12, -13, 14, 15, -16, 17, 18, 19, 20], [12, -13, -14, 15, -16, 17, 18, 19, 20], [12, -13, 14, 15, -16, 17, 18, 19, 20], [-12, -13, -14, 15, -16, 17, 18, 19, 20], [-12, -13, 14, 15, -16, 17, 18, 19, 20], [12, 13, -14, 15, -16, 17, 18, 19, 20], [-12, -13, 14, 15, -16, 17, 18, 19, 20], [-12, 13, -14, 15, -16, 17, 18, 19, 20], [-12, -13, 14, 15, -16, 17, 18, 19, 20], [12, -13, -14, 15, -16, 17, 18, 19, 20], [-12, -13, 14, 15, -16, 17, 18, 19, 20], [-12, -13, -14, 15, -16, 17, 18, 19, 20], [12, 13, -14, 15, -16, 17, 18, 19, 20], [-12, 13, -14, 15, -16, 17, 18, 19, 20], [12, 13, -14, 15, -16, 17, 18, 19, 20], [12, -13, -14, 15, -16, 17, 18, 19, 20], [12, 13, -14, 15, -16, 17, 18, 19, 20], [-12, -13, -14, 15, -16, 17, 18, 19, 20], [-12, 13, -14, 15, -16, 17, 18, 19, 20], [12, -13, -14, 15, -16, 17, 18, 19, 20], [-12, 13, -14, 15, -16, 17, 18, 19, 20], [-12, -13, -14, 15, -16, 17, 18, 19, 20], [12, -13, -14, 15, -16, 17, 18, 19, 20], [-12, -13, -14, 15, -16, 17, 18, 19, 20], [12, 13, 14, -15, -16, 17, 18, 19, 20], [-12, 13, 14, -15, -16, 17, 18, 19, 20], [12, 13, 14, -15, -16, 17, 18, 19, 20], [12, -13, 14, -15, -16, 17, 18, 19, 20], [12, 13, 14, -15, -16, 17, 18, 19, 20], [-12, -13, 14, -15, -16, 17, 18, 19, 20], [12, 13, 14, -15, -16, 17, 18, 19, 20], [12, 13, -14, -15, -16, 17, 18, 19, 20], [12, 13, 14, -15, -16, 17, 18, 19, 20], [-12, 13, -14, -15, -16, 17, 18, 19, 20], [-12, 13, 14, -15, -16, 17, 18, 19, 20], [12, -13, 14, -15, -16, 17, 18, 19, 20], [-12, 13, 14, -15, -16, 17, 18, 19, 20], [-12, -13, 14, -15, -16, 17, 18, 19, 20], [-12, 13, 14, -15, -16, 17, 18, 19, 20], [12, 13, -14, -15, -16, 17, 18, 19, 20], [-12, 13, 14, -15, -16, 17, 18, 19, 20], [-12, 13, -14, -15, -16, 17, 18, 19, 20], [12, -13, 14, -15, -16, 17, 18, 19, 20], [-12, -13, 14, -15, -16, 17, 18, 19, 20], [12, -13, 14, -15, -16, 17, 18, 19, 20], [12, 13, -14, -15, -16, 17, 18, 19, 20], [12, -13, 14, -15, -16, 17, 18, 19, 20], [-12, 13, -14, -15, -16, 17, 18, 19, 20], [-12, -13, 14, -15, -16, 17, 18, 19, 20], [12, 13, -14, -15, -16, 17, 18, 19, 20], [-12, -13, 14, -15, -16, 17, 18, 19, 20], [-12, 13, -14, -15, -16, 17, 18, 19, 20], [12, 13, -14, -15, -16, 17, 18, 19, 20], [-12, 13, -14, -15, -16, 17, 18, 19, 20], [12, -13, -14, -15, -16, 17, 18, 19, 20], [-12, -13, -14, -15, -16, 17, 18, 19, 20], [12, -13, -14, -15, -16, 17, 18, 19, 20], [12, 13, 14, 15, 16, -17, 18, 19, 20], [12, -13, -14, -15, -16, 17, 18, 19, 20], [-12, 13, 14, 15, 16, -17, 18, 19, 20], [12, -13, -14, -15, -16, 17, 18, 19, 20], [12, -13, 14, 15, 16, -17, 18, 19, 20], [12, -13, -14, -15, -16, 17, 18, 19, 20], [-12, -13, 14, 15, 16, -17, 18, 19, 20], [-12, -13, -14, -15, -16, 17, 18, 19, 20], [12, 13, 14, 15, 16, -17, 18, 19, 20], [-12, -13, -14, -15, -16, 17, 18, 19, 20], [-12, 13, 14, 15, 16, -17, 18, 19, 20], [-12, -13, -14, -15, -16, 17, 18, 19, 20], [12, -13, 14, 15, 16, -17, 18, 19, 20], [-12, -13, -14, -15, -16, 17, 18, 19, 20], [-12, -13, 14, 15, 16, -17, 18, 19, 20], [12, 13, 14, 15, 16, -17, 18, 19, 20], [-12, 13, 14, 15, 16, -17, 18, 19, 20], [12, 13, 14, 15, 16, -17, 18, 19, 20], [12, -13, 14, 15, 16, -17, 18, 19, 20], [12, 13, 14, 15, 16, -17, 18, 19, 20], [-12, -13, 14, 15, 16, -17, 18, 19, 20], [-12, 13, 14, 15, 16, -17, 18, 19, 20], [12, -13, 14, 15, 16, -17, 18, 19, 20], [-12, 13, 14, 15, 16, -17, 18, 19, 20], [-12, -13, 14, 15, 16, -17, 18, 19, 20], [12, -13, 14, 15, 16, -17, 18, 19, 20], [-12, -13, 14, 15, 16, -17, 18, 19, 20], [12, 13, -14, 15, 16, -17, 18, 19, 20], [-12, 13, -14, 15, 16, -17, 18, 19, 20], [12, 13, -14, 15, 16, -17, 18, 19, 20], [12, -13, -14, 15, 16, -17, 18, 19, 20], [12, 13, -14, 15, 16, -17, 18, 19, 20], [-12, -13, -14, 15, 16, -17, 18, 19, 20], [12, 13, -14, 15, 16, -17, 18, 19, 20], [12, 13, 14, -15, 16, -17, 18, 19, 20], [12, 13, -14, 15, 16, -17, 18, 19, 20], [-12, 13, 14, -15, 16, -17, 18, 19, 20], [-12, 13, -14, 15, 16, -17, 18, 19, 20], [12, -13, -14, 15, 16, -17, 18, 19, 20], [-12, 13, -14, 15, 16, -17, 18, 19, 20], [-12, -13, -14, 15, 16, -17, 18, 19, 20], [-12, 13, -14, 15, 16, -17, 18, 19, 20], [12, 13, 14, -15, 16, -17, 18, 19, 20], [-12, 13, -14, 15, 16, -17, 18, 19, 20], [-12, 13, 14, -15, 16, -17, 18, 19, 20], [12, -13, -14, 15, 16, -17, 18, 19, 20], [-12, -13, -14, 15, 16, -17, 18, 19, 20], [12, -13, -14, 15, 16, -17, 18, 19, 20], [12, 13, 14, -15, 16, -17, 18, 19, 20], [12, -13, -14, 15, 16, -17, 18, 19, 20], [-12, 13, 14, -15, 16, -17, 18, 19, 20], [-12, -13, -14, 15, 16, -17, 18, 19, 20], [12, 13, 14, -15, 16, -17, 18, 19, 20], [-12, -13, -14, 15, 16, -17, 18, 19, 20], [-12, 13, 14, -15, 16, -17, 18, 19, 20], [12, 13, 14, -15, 16, -17, 18, 19, 20], [-12, 13, 14, -15, 16, -17, 18, 19, 20], [12, -13, 14, -15, 16, -17, 18, 19, 20], [-12, -13, 14, -15, 16, -17, 18, 19, 20], [12, -13, 14, -15, 16, -17, 18, 19, 20], [12, 13, -14, -15, 16, -17, 18, 19, 20], [12, -13, 14, -15, 16, -17, 18, 19, 20], [-12, 13, -14, -15, 16, -17, 18, 19, 20], [12, -13, 14, -15, 16, -17, 18, 19, 20], [12, -13, -14, -15, 16, -17, 18, 19, 20], [12, -13, 14, -15, 16, -17, 18, 19, 20], [-12, -13, -14, -15, 16, -17, 18, 19, 20], [-12, -13, 14, -15, 16, -17, 18, 19, 20], [12, 13, -14, -15, 16, -17, 18, 19, 20], [-12, -13, 14, -15, 16, -17, 18, 19, 20], [-12, 13, -14, -15, 16, -17, 18, 19, 20], [-12, -13, 14, -15, 16, -17, 18, 19, 20], [12, -13, -14, -15, 16, -17, 18, 19, 20], [-12, -13, 14, -15, 16, -17, 18, 19, 20], [-12, -13, -14, -15, 16, -17, 18, 19, 20], [12, 13, -14, -15, 16, -17, 18, 19, 20], [-12, 13, -14, -15, 16, -17, 18, 19, 20], [12, 13, -14, -15, 16, -17, 18, 19, 20], [12, -13, -14, -15, 16, -17, 18, 19, 20], [12, 13, -14, -15, 16, -17, 18, 19, 20], [-12, -13, -14, -15, 16, -17, 18, 19, 20], [-12, 13, -14, -15, 16, -17, 18, 19, 20], [12, -13, -14, -15, 16, -17, 18, 19, 20], [-12, 13, -14, -15, 16, -17, 18, 19, 20], [-12, -13, -14, -15, 16, -17, 18, 19, 20], [12, -13, -14, -15, 16, -17, 18, 19, 20], [-12, -13, -14, -15, 16, -17, 18, 19, 20], [12, 13, 14, 15, -16, -17, 18, 19, 20], [-12, 13, 14, 15, -16, -17, 18, 19, 20], [12, 13, 14, 15, -16, -17, 18, 19, 20], [12, -13, 14, 15, -16, -17, 18, 19, 20], [12, 13, 14, 15, -16, -17, 18, 19, 20], [-12, -13, 14, 15, -16, -17, 18, 19, 20], [12, 13, 14, 15, -16, -17, 18, 19, 20], [12, 13, -14, 15, -16, -17, 18, 19, 20], [12, 13, 14, 15, -16, -17, 18, 19, 20], [-12, 13, -14, 15, -16, -17, 18, 19, 20], [-12, 13, 14, 15, -16, -17, 18, 19, 20], [12, -13, 14, 15, -16, -17, 18, 19, 20], [-12, 13, 14, 15, -16, -17, 18, 19, 20], [-12, -13, 14, 15, -16, -17, 18, 19, 20], [-12, 13, 14, 15, -16, -17, 18, 19, 20], [12, 13, -14, 15, -16, -17, 18, 19, 20], [-12, 13, 14, 15, -16, -17, 18, 19, 20], [-12, 13, -14, 15, -16, -17, 18, 19, 20], [12, -13, 14, 15, -16, -17, 18, 19, 20], [-12, -13, 14, 15, -16, -17, 18, 19, 20], [12, -13, 14, 15, -16, -17, 18, 19, 20], [12, 13, -14, 15, -16, -17, 18, 19, 20], [12, -13, 14, 15, -16, -17, 18, 19, 20], [-12, 13, -14, 15, -16, -17, 18, 19, 20], [-12, -13, 14, 15, -16, -17, 18, 19, 20], [12, 13, -14, 15, -16, -17, 18, 19, 20], [-12, -13, 14, 15, -16, -17, 18, 19, 20], [-12, 13, -14, 15, -16, -17, 18, 19, 20], [12, 13, -14, 15, -16, -17, 18, 19, 20], [-12, 13, -14, 15, -16, -17, 18, 19, 20], [-12, -13, -14, 15, -16, -17, 18, 19, 20], [12, 13, 14, -15, -16, -17, 18, 19, 20], [12, -13, 14, -15, -16, -17, 18, 19, 20], [12, -13, -14, 15, -16, -17, 18, 19, 20], [-12, 13, 14, -15, -16, -17, 18, 19, 20], [-12, -13, 14, -15, -16, -17, 18, 19, 20], [-12, 13, -14, -15, -16, -17, 18, 19, 20], [12, -13, -14, -15, -16, -17, 18, 19, 20], [12, 13, 14, 15, 16, 17, -18, 19, 20], [12, 13, -14, -15, -16, -17, 18, 19, 20], [-12, -13, -14, -15, -16, -17, 18, 19, 20], [-12, 13, 14, 15, 16, 17, -18, 19, 20], [-12, -13, 14, 15, 16, 17, -18, 19, 20], [12, 13, -14, 15, 16, 17, -18, 19, 20], [12, -13, -14, 15, 16, 17, -18, 19, 20], [12, -13, 14, 15, 16, 17, -18, 19, 20], [-12, 13, -14, 15, 16, 17, -18, 19, 20], [-12, -13, -14, 15, 16, 17, -18, 19, 20], [-12, 13, 14, -15, 16, 17, -18, 19, 20], [12, -13, 14, -15, 16, 17, -18, 19, 20], [12, 13, -14, -15, 16, 17, -18, 19, 20], [12, 13, 14, -15, 16, 17, -18, 19, 20], [-12, -13, 14, -15, 16, 17, -18, 19, 20], [-12, 13, -14, -15, 16, 17, -18, 19, 20], [-12, -13, -14, -15, 16, 17, -18, 19, 20], [12, 13, 14, 15, -16, 17, -18, 19, 20], [12, -13, 14, 15, -16, 17, -18, 19, 20], [12, -13, -14, -15, 16, 17, -18, 19, 20], [-12, 13, 14, 15, -16, 17, -18, 19, 20], [-12, -13, 14, 15, -16, 17, -18, 19, 20], [-12, 13, -14, 15, -16, 17, -18, 19, 20], [12, -13, -14, 15, -16, 17, -18, 19, 20], [12, 13, 14, -15, -16, 17, -18, 19, 20], [12, 13, -14, 15, -16, 17, -18, 19, 20], [-12, -13, -14, 15, -16, 17, -18, 19, 20], [-12, 13, 14, -15, -16, 17, -18, 19, 20], [-12, -13, 14, -15, -16, 17, -18, 19, 20], [12, 13, -14, -15, -16, 17, -18, 19, 20], [12, -13, -14, -15, -16, 17, -18, 19, 20], [12, -13, 14, -15, -16, 17, -18, 19, 20], [-12, 13, -14, -15, -16, 17, -18, 19, 20], [-12, -13, -14, -15, -16, 17, -18, 19, 20], [-12, 13, 14, 15, 16, -17, -18, 19, 20], [12, -13, 14, 15, 16, -17, -18, 19, 20], [12, 13, -14, 15, 16, -17, -18, 19, 20], [12, 13, 14, 15, 16, -17, -18, 19, 20], [-12, -13, 14, 15, 16, -17, -18, 19, 20], [-12, 13, -14, 15, 16, -17, -18, 19, 20], [-12, -13, -14, 15, 16, -17, -18, 19, 20], [12, 13, 14, -15, 16, -17, -18, 19, 20], [12, -13, 14, -15, 16, -17, -18, 19, 20], [12, -13, -14, 15, 16, -17, -18, 19, 20], [-12, 13, 14, -15, 16, -17, -18, 19, 20], [-12, -13, 14, -15, 16, -17, -18, 19, 20], [-12, 13, -14, -15, 16, -17, -18, 19, 20], [12, -13, -14, -15, 16, -17, -18, 19, 20], [12, 13, 14, 15, -16, -17, -18, 19, 20], [12, 13, -14, -15, 16, -17, -18, 19, 20], [-12, -13, -14, -15, 16, -17, -18, 19, 20], [-12, 13, 14, 15, -16, -17, -18, 19, 20], [-12, -13, 14, 15, -16, -17, -18, 19, 20], [12, 13, -14, 15, -16, -17, -18, 19, 20], [12, -13, -14, 15, -16, -17, -18, 19, 20], [12, -13, 14, 15, -16, -17, -18, 19, 20], [-12, 13, -14, 15, -16, -17, -18, 19, 20], [-12, -13, -14, 15, -16, -17, -18, 19, 20], [-12, 13, 14, -15, -16, -17, -18, 19, 20], [12, -13, 14, -15, -16, -17, -18, 19, 20], [12, 13, -14, -15, -16, -17, -18, 19, 20], [12, 13, 14, -15, -16, -17, -18, 19, 20], [-12, -13, 14, -15, -16, -17, -18, 19, 20], [-12, 13, -14, -15, -16, -17, -18, 19, 20], [-12, -13, -14, -15, -16, -17, -18, 19, 20], [12, 13, 14, 15, 16, 17, 18, -19, 20], [12, -13, 14, 15, 16, 17, 18, -19, 20], [12, -13, -14, -15, -16, -17, -18, 19, 20], [-12, 13, 14, 15, 16, 17, 18, -19, 20], [-12, -13, 14, 15, 16, 17, 18, -19, 20], [-12, 13, -14, 15, 16, 17, 18, -19, 20], [12, -13, -14, 15, 16, 17, 18, -19, 20], [12, 13, 14, -15, 16, 17, 18, -19, 20], [12, 13, -14, 15, 16, 17, 18, -19, 20], [-12, -13, -14, 15, 16, 17, 18, -19, 20], [-12, 13, 14, -15, 16, 17, 18, -19, 20], [-12, -13, 14, -15, 16, 17, 18, -19, 20], [12, 13, -14, -15, 16, 17, 18, -19, 20], [12, -13, -14, -15, 16, 17, 18, -19, 20], [12, -13, 14, -15, 16, 17, 18, -19, 20], [-12, 13, -14, -15, 16, 17, 18, -19, 20], [-12, -13, -14, -15, 16, 17, 18, -19, 20], [-12, 13, 14, 15, -16, 17, 18, -19, 20], [12, -13, 14, 15, -16, 17, 18, -19, 20], [12, 13, -14, 15, -16, 17, 18, -19, 20], [12, 13, 14, 15, -16, 17, 18, -19, 20], [-12, -13, 14, 15, -16, 17, 18, -19, 20], [-12, 13, -14, 15, -16, 17, 18, -19, 20], [-12, -13, -14, 15, -16, 17, 18, -19, 20], [12, 13, 14, -15, -16, 17, 18, -19, 20], [12, -13, 14, -15, -16, 17, 18, -19, 20], [12, -13, -14, 15, -16, 17, 18, -19, 20], [-12, 13, 14, -15, -16, 17, 18, -19, 20], [-12, -13, 14, -15, -16, 17, 18, -19, 20], [-12, 13, -14, -15, -16, 17, 18, -19, 20], [12, -13, -14, -15, -16, 17, 18, -19, 20], [12, 13, 14, 15, 16, -17, 18, -19, 20], [12, 13, -14, -15, -16, 17, 18, -19, 20], [-12, -13, -14, -15, -16, 17, 18, -19, 20], [-12, 13, 14, 15, 16, -17, 18, -19, 20], [-12, -13, 14, 15, 16, -17, 18, -19, 20], [12, 13, -14, 15, 16, -17, 18, -19, 20], [12, -13, -14, 15, 16, -17, 18, -19, 20], [12, -13, 14, 15, 16, -17, 18, -19, 20], [-12, 13, -14, 15, 16, -17, 18, -19, 20], [-12, -13, -14, 15, 16, -17, 18, -19, 20], [-12, 13, 14, -15, 16, -17, 18, -19, 20], [12, -13, 14, -15, 16, -17, 18, -19, 20], [12, 13, -14, -15, 16, -17, 18, -19, 20], [12, 13, 14, -15, 16, -17, 18, -19, 20], [-12, -13, 14, -15, 16, -17, 18, -19, 20], [-12, 13, -14, -15, 16, -17, 18, -19, 20], [-12, -13, -14, -15, 16, -17, 18, -19, 20], [12, 13, 14, 15, -16, -17, 18, -19, 20], [12, -13, 14, 15, -16, -17, 18, -19, 20], [12, -13, -14, -15, 16, -17, 18, -19, 20], [-12, 13, 14, 15, -16, -17, 18, -19, 20], [-12, -13, 14, 15, -16, -17, 18, -19, 20], [-12, 13, -14, 15, -16, -17, 18, -19, 20], [12, -13, -14, 15, -16, -17, 18, -19, 20], [12, 13, 14, -15, -16, -17, 18, -19, 20], [12, 13, -14, 15, -16, -17, 18, -19, 20], [-12, -13, -14, 15, -16, -17, 18, -19, 20], [-12, 13, 14, -15, -16, -17, 18, -19, 20], [-12, -13, 14, -15, -16, -17, 18, -19, 20], [12, 13, -14, -15, -16, -17, 18, -19, 20], [12, -13, -14, -15, -16, -17, 18, -19, 20], [12, -13, 14, -15, -16, -17, 18, -19, 20], [-12, 13, -14, -15, -16, -17, 18, -19, 20], [-12, -13, -14, -15, -16, -17, 18, -19, 20], [-12, 13, 14, 15, 16, 17, -18, -19, 20], [12, -13, 14, 15, 16, 17, -18, -19, 20], [12, 13, -14, 15, 16, 17, -18, -19, 20], [12, 13, 14, 15, 16, 17, -18, -19, 20], [-12, -13, 14, 15, 16, 17, -18, -19, 20], [-12, 13, -14, 15, 16, 17, -18, -19, 20], [-12, -13, -14, 15, 16, 17, -18, -19, 20], [12, 13, 14, -15, 16, 17, -18, -19, 20], [12, -13, 14, -15, 16, 17, -18, -19, 20], [12, -13, -14, 15, 16, 17, -18, -19, 20], [-12, 13, 14, -15, 16, 17, -18, -19, 20], [-12, -13, 14, -15, 16, 17, -18, -19, 20], [-12, 13, -14, -15, 16, 17, -18, -19, 20], [12, -13, -14, -15, 16, 17, -18, -19, 20], [12, 13, 14, 15, -16, 17, -18, -19, 20], [12, 13, -14, -15, 16, 17, -18, -19, 20], [-12, -13, -14, -15, 16, 17, -18, -19, 20], [-12, 13, 14, 15, -16, 17, -18, -19, 20], [-12, -13, 14, 15, -16, 17, -18, -19, 20], [12, 13, -14, 15, -16, 17, -18, -19, 20], [12, -13, -14, 15, -16, 17, -18, -19, 20], [12, -13, 14, 15, -16, 17, -18, -19, 20], [-12, 13, -14, 15, -16, 17, -18, -19, 20], [-12, -13, -14, 15, -16, 17, -18, -19, 20], [-12, 13, 14, -15, -16, 17, -18, -19, 20], [12, -13, 14, -15, -16, 17, -18, -19, 20], [12, 13, -14, -15, -16, 17, -18, -19, 20], [12, 13, 14, -15, -16, 17, -18, -19, 20], [-12, -13, 14, -15, -16, 17, -18, -19, 20], [-12, 13, -14, -15, -16, 17, -18, -19, 20], [-12, -13, -14, -15, -16, 17, -18, -19, 20], [12, 13, 14, 15, 16, -17, -18, -19, 20], [12, -13, 14, 15, 16, -17, -18, -19, 20], [12, -13, -14, -15, -16, 17, -18, -19, 20], [-12, 13, 14, 15, 16, -17, -18, -19, 20], [-12, -13, 14, 15, 16, -17, -18, -19, 20], [-12, 13, -14, 15, 16, -17, -18, -19, 20], [12, -13, -14, 15, 16, -17, -18, -19, 20], [12, 13, 14, -15, 16, -17, -18, -19, 20], [12, 13, -14, 15, 16, -17, -18, -19, 20], [-12, -13, -14, 15, 16, -17, -18, -19, 20], [-12, 13, 14, -15, 16, -17, -18, -19, 20], [-12, -13, 14, -15, 16, -17, -18, -19, 20], [12, 13, -14, -15, 16, -17, -18, -19, 20], [12, -13, -14, -15, 16, -17, -18, -19, 20], [12, -13, 14, -15, 16, -17, -18, -19, 20], [-12, 13, -14, -15, 16, -17, -18, -19, 20], [-12, -13, -14, -15, 16, -17, -18, -19, 20], [-12, 13, 14, 15, -16, -17, -18, -19, 20], [12, -13, 14, 15, -16, -17, -18, -19, 20], [12, 13, -14, 15, -16, -17, -18, -19, 20], [12, 13, 14, 15, -16, -17, -18, -19, 20], [-12, -13, 14, 15, -16, -17, -18, -19, 20], [-12, 13, -14, 15, -16, -17, -18, -19, 20], [-12, -13, -14, 15, -16, -17, -18, -19, 20], [12, 13, 14, -15, -16, -17, -18, -19, 20], [12, -13, 14, -15, -16, -17, -18, -19, 20], [12, -13, -14, 15, -16, -17, -18, -19, 20], [-12, 13, 14, -15, -16, -17, -18, -19, 20], [-12, -13, 14, -15, -16, -17, -18, -19, 20], [-12, 13, -14, -15, -16, -17, -18, -19, 20], [12, -13, -14, -15, -16, -17, -18, -19, 20], [12, 13, 14, 15, 16, 17, 18, 19, -20], [12, 13, -14, -15, -16, -17, -18, -19, 20], [-12, -13, -14, -15, -16, -17, -18, -19, 20], [-12, 13, 14, 15, 16, 17, 18, 19, -20], [-12, -13, 14, 15, 16, 17, 18, 19, -20], [12, 13, -14, 15, 16, 17, 18, 19, -20], [12, -13, -14, 15, 16, 17, 18, 19, -20], [12, -13, 14, 15, 16, 17, 18, 19, -20], [-12, 13, -14, 15, 16, 17, 18, 19, -20], [-12, -13, -14, 15, 16, 17, 18, 19, -20], [-12, 13, 14, -15, 16, 17, 18, 19, -20], [12, -13, 14, -15, 16, 17, 18, 19, -20], [12, 13, -14, -15, 16, 17, 18, 19, -20], [12, 13, 14, -15, 16, 17, 18, 19, -20], [-12, -13, 14, -15, 16, 17, 18, 19, -20], [-12, 13, -14, -15, 16, 17, 18, 19, -20]]
SAT
