Starting solver
parsing
Xvars : [1, 2, 3, 4, 5, 6, 7, 8, 11, 12, 13, 14, 15, 16, 17, 18]
count of X variables 16
Yvars : [9, 10, 19]
count of Y variables 3
No of clauses = 610
FOR y = 9, dependancy vars are [1, 2, 3, 4, 5, 6, 7, 8, 11, 12, 13, 14, 15, 16, 17, 18]
FOR y = 10, dependancy vars are [1, 2, 3, 4, 5, 6, 7, 8, 11, 12, 13, 14, 15, 16, 17, 18]
FOR y = 19, dependancy vars are [11, 12, 13, 14, 15, 16, 17, 18]
9
[[1, 2, 3, 4, 5, 6, 7, 8, -11, 12, 13, 14, 15, 16, 17, 18], [-1, 2, 3, 4, 5, 6, 7, 8, 11, -12, 13, 14, 15, 16, 17, 18], [1, -2, 3, 4, 5, 6, 7, 8, -11, -12, 13, 14, 15, 16, 17, 18], [-1, -2, 3, 4, 5, 6, 7, 8, 11, 12, -13, 14, 15, 16, 17, 18], [1, 2, -3, 4, 5, 6, 7, 8, 11, -12, 13, 14, 15, 16, 17, 18], [-1, 2, -3, 4, 5, 6, 7, 8, -11, -12, 13, 14, 15, 16, 17, 18], [1, -2, -3, 4, 5, 6, 7, 8, 11, 12, -13, 14, 15, 16, 17, 18], [-1, -2, -3, 4, 5, 6, 7, 8, -11, -12, 13, 14, 15, 16, 17, 18], [1, 2, 3, -4, 5, 6, 7, 8, 11, 12, -13, 14, 15, 16, 17, 18], [-1, 2, 3, -4, 5, 6, 7, 8, 11, 12, -13, 14, 15, 16, 17, 18], [1, -2, 3, -4, 5, 6, 7, 8, 11, -12, -13, 14, 15, 16, 17, 18], [-1, -2, 3, -4, 5, 6, 7, 8, -11, -12, -13, 14, 15, 16, 17, 18], [1, 2, -3, -4, 5, 6, 7, 8, 11, 12, 13, -14, 15, 16, 17, 18], [-1, 2, -3, -4, 5, 6, 7, 8, -11, 12, 13, -14, 15, 16, 17, 18], [1, -2, -3, -4, 5, 6, 7, 8, -11, -12, -13, 14, 15, 16, 17, 18], [-1, -2, -3, -4, 5, 6, 7, 8, 11, 12, 13, -14, 15, 16, 17, 18], [1, 2, 3, 4, -5, 6, 7, 8, -11, 12, 13, -14, 15, 16, 17, 18], [-1, 2, 3, 4, -5, 6, 7, 8, 11, 12, 13, -14, 15, 16, 17, 18], [1, -2, 3, 4, -5, 6, 7, 8, -11, 12, 13, -14, 15, 16, 17, 18], [-1, -2, 3, 4, -5, 6, 7, 8, -11, 12, 13, -14, 15, 16, 17, 18], [1, 2, -3, 4, -5, 6, 7, 8, -11, -12, 13, -14, 15, 16, 17, 18], [-1, 2, -3, 4, -5, 6, 7, 8, 11, 12, -13, -14, 15, 16, 17, 18], [1, -2, -3, 4, -5, 6, 7, 8, -11, 12, -13, -14, 15, 16, 17, 18], [-1, -2, -3, 4, -5, 6, 7, 8, 11, -12, -13, -14, 15, 16, 17, 18], [1, 2, 3, -4, -5, 6, 7, 8, 11, 12, -13, -14, 15, 16, 17, 18], [-1, 2, 3, -4, -5, 6, 7, 8, -11, 12, -13, -14, 15, 16, 17, 18], [1, -2, 3, -4, -5, 6, 7, 8, 11, -12, -13, -14, 15, 16, 17, 18], [-1, -2, 3, -4, -5, 6, 7, 8, -11, 12, -13, -14, 15, 16, 17, 18], [1, 2, -3, -4, -5, 6, 7, 8, 11, -12, -13, -14, 15, 16, 17, 18], [-1, 2, -3, -4, -5, 6, 7, 8, 11, -12, -13, -14, 15, 16, 17, 18], [1, -2, -3, -4, -5, 6, 7, 8, 11, 12, 13, 14, -15, 16, 17, 18], [-1, -2, -3, -4, -5, 6, 7, 8, -11, 12, 13, 14, -15, 16, 17, 18], [1, 2, 3, 4, 5, -6, 7, 8, 11, -12, 13, 14, -15, 16, 17, 18], [-1, 2, 3, 4, 5, -6, 7, 8, -11, -12, 13, 14, -15, 16, 17, 18], [1, -2, 3, 4, 5, -6, 7, 8, -11, 12, 13, 14, -15, 16, 17, 18], [-1, -2, 3, 4, 5, -6, 7, 8, 11, -12, 13, 14, -15, 16, 17, 18], [1, 2, -3, 4, 5, -6, 7, 8, -11, -12, 13, 14, -15, 16, 17, 18], [-1, 2, -3, 4, 5, -6, 7, 8, 11, -12, 13, 14, -15, 16, 17, 18], [1, -2, -3, 4, 5, -6, 7, 8, -11, -12, 13, 14, -15, 16, 17, 18], [-1, -2, -3, 4, 5, -6, 7, 8, -11, -12, 13, 14, -15, 16, 17, 18], [1, 2, 3, -4, 5, -6, 7, 8, -11, 12, -13, 14, -15, 16, 17, 18], [-1, 2, 3, -4, 5, -6, 7, 8, 11, -12, -13, 14, -15, 16, 17, 18], [1, -2, 3, -4, 5, -6, 7, 8, -11, -12, -13, 14, -15, 16, 17, 18], [-1, -2, 3, -4, 5, -6, 7, 8, 11, 12, 13, -14, -15, 16, 17, 18], [1, 2, -3, -4, 5, -6, 7, 8, 11, -12, -13, 14, -15, 16, 17, 18], [-1, 2, -3, -4, 5, -6, 7, 8, -11, -12, -13, 14, -15, 16, 17, 18], [1, -2, -3, -4, 5, -6, 7, 8, 11, 12, 13, -14, -15, 16, 17, 18], [-1, -2, -3, -4, 5, -6, 7, 8, -11, -12, -13, 14, -15, 16, 17, 18], [1, 2, 3, 4, -5, -6, 7, 8, 11, 12, 13, -14, -15, 16, 17, 18], [-1, 2, 3, 4, -5, -6, 7, 8, 11, 12, 13, -14, -15, 16, 17, 18], [1, -2, 3, 4, -5, -6, 7, 8, 11, -12, 13, -14, -15, 16, 17, 18], [-1, -2, 3, 4, -5, -6, 7, 8, -11, -12, 13, -14, -15, 16, 17, 18], [1, 2, -3, 4, -5, -6, 7, 8, 11, 12, -13, -14, -15, 16, 17, 18], [-1, 2, -3, 4, -5, -6, 7, 8, -11, 12, -13, -14, -15, 16, 17, 18], [1, -2, -3, 4, -5, -6, 7, 8, -11, -12, 13, -14, -15, 16, 17, 18], [-1, -2, -3, 4, -5, -6, 7, 8, 11, 12, -13, -14, -15, 16, 17, 18], [1, 2, 3, -4, -5, -6, 7, 8, -11, 12, -13, -14, -15, 16, 17, 18], [-1, 2, 3, -4, -5, -6, 7, 8, 11, 12, -13, -14, -15, 16, 17, 18], [1, -2, 3, -4, -5, -6, 7, 8, -11, 12, -13, -14, -15, 16, 17, 18], [-1, -2, 3, -4, -5, -6, 7, 8, -11, 12, -13, -14, -15, 16, 17, 18], [1, 2, -3, -4, -5, -6, 7, 8, -11, -12, -13, -14, -15, 16, 17, 18], [-1, 2, -3, -4, -5, -6, 7, 8, 11, 12, 13, 14, 15, -16, 17, 18], [1, -2, -3, -4, -5, -6, 7, 8, -11, 12, 13, 14, 15, -16, 17, 18], [-1, -2, -3, -4, -5, -6, 7, 8, 11, -12, 13, 14, 15, -16, 17, 18], [1, 2, 3, 4, 5, 6, -7, 8, 11, 12, 13, 14, 15, -16, 17, 18], [-1, 2, 3, 4, 5, 6, -7, 8, -11, 12, 13, 14, 15, -16, 17, 18], [1, -2, 3, 4, 5, 6, -7, 8, 11, -12, 13, 14, 15, -16, 17, 18], [-1, -2, 3, 4, 5, 6, -7, 8, -11, 12, 13, 14, 15, -16, 17, 18], [1, 2, -3, 4, 5, 6, -7, 8, 11, -12, 13, 14, 15, -16, 17, 18], [-1, 2, -3, 4, 5, 6, -7, 8, 11, -12, 13, 14, 15, -16, 17, 18], [1, -2, -3, 4, 5, 6, -7, 8, 11, 12, -13, 14, 15, -16, 17, 18], [-1, -2, -3, 4, 5, 6, -7, 8, -11, 12, -13, 14, 15, -16, 17, 18], [1, 2, 3, -4, 5, 6, -7, 8, 11, -12, -13, 14, 15, -16, 17, 18], [-1, 2, 3, -4, 5, 6, -7, 8, -11, -12, -13, 14, 15, -16, 17, 18], [1, -2, 3, -4, 5, 6, -7, 8, -11, 12, -13, 14, 15, -16, 17, 18], [-1, -2, 3, -4, 5, 6, -7, 8, 11, -12, -13, 14, 15, -16, 17, 18], [1, 2, -3, -4, 5, 6, -7, 8, -11, -12, -13, 14, 15, -16, 17, 18], [-1, 2, -3, -4, 5, 6, -7, 8, 11, -12, -13, 14, 15, -16, 17, 18], [1, -2, -3, -4, 5, 6, -7, 8, -11, -12, -13, 14, 15, -16, 17, 18], [-1, -2, -3, -4, 5, 6, -7, 8, -11, -12, -13, 14, 15, -16, 17, 18], [1, 2, 3, 4, -5, 6, -7, 8, -11, 12, -13, 14, 15, 16, 17, 18], [-1, 2, 3, 4, -5, 6, -7, 8, -11, -12, -13, -14, 15, 16, 17, 18], [1, -2, 3, 4, -5, 6, -7, 8, -11, 12, 13, -14, 15, -16, 17, 18], [-1, -2, 3, 4, -5, 6, -7, 8, -11, 12, 13, -14, -15, 16, 17, 18], [1, 2, -3, 4, -5, 6, -7, 8, -11, -12, 13, 14, 15, -16, 17, 18], [-1, 2, -3, 4, -5, 6, -7, 8, -11, -12, 13, -14, 15, -16, 17, 18], [1, -2, -3, 4, -5, 6, -7, 8, 11, -12, -13, 14, 15, 16, 17, 18], [-1, -2, -3, 4, -5, 6, -7, 8, 11, 12, 13, 14, -15, 16, 17, 18], [1, 2, 3, -4, -5, 6, -7, 8, 11, -12, -13, -14, 15, -16, 17, 18], [-1, 2, 3, -4, -5, 6, -7, 8, 11, -12, 13, -14, -15, 16, 17, 18], [1, -2, 3, -4, -5, 6, -7, 8, 11, 12, -13, 14, 15, -16, 17, 18], [-1, -2, 3, -4, -5, 6, -7, 8, 11, 12, 13, 14, -15, -16, 17, 18], [1, 2, -3, -4, -5, 6, -7, 8, -11, -12, -13, 14, 15, 16, 17, 18], [-1, 2, -3, -4, -5, 6, -7, 8, -11, 12, 13, 14, -15, 16, 17, 18], [1, -2, -3, -4, -5, 6, -7, 8, -11, -12, 13, 14, -15, -16, 17, 18], [-1, -2, -3, -4, -5, 6, -7, 8, -11, -12, 13, -14, -15, 16, 17, 18], [1, 2, 3, 4, 5, -6, -7, 8, -11, 12, -13, 14, 15, -16, 17, 18], [-1, 2, 3, 4, 5, -6, -7, 8, -11, 12, -13, 14, -15, -16, 17, 18], [1, -2, 3, 4, 5, -6, -7, 8, 11, 12, 13, -14, 15, 16, 17, 18], [-1, -2, 3, 4, 5, -6, -7, 8, 11, -12, 13, 14, -15, 16, 17, 18], [1, 2, -3, 4, 5, -6, -7, 8, 11, 12, 13, -14, -15, -16, 17, 18], [-1, 2, -3, 4, 5, -6, -7, 8, 11, 12, -13, -14, -15, 16, 17, 18], [1, -2, -3, 4, 5, -6, -7, 8, 11, -12, -13, 14, 15, -16, 17, 18], [-1, -2, -3, 4, 5, -6, -7, 8, 11, -12, 13, -14, -15, -16, 17, 18], [1, 2, 3, -4, 5, -6, -7, 8, -11, 12, 13, -14, 15, 16, 17, 18], [-1, 2, 3, -4, 5, -6, -7, 8, -11, -12, 13, 14, -15, 16, 17, 18], [1, -2, 3, -4, 5, -6, -7, 8, -11, 12, -13, -14, -15, -16, 17, 18], [-1, -2, 3, -4, 5, -6, -7, 8, -11, 12, -13, -14, -15, 16, 17, 18], [1, 2, -3, -4, 5, -6, -7, 8, -11, -12, -13, 14, 15, -16, 17, 18], [-1, 2, -3, -4, 5, -6, -7, 8, -11, -12, -13, -14, -15, -16, 17, 18], [1, -2, -3, -4, 5, -6, -7, 8, -11, 12, 13, -14, 15, 16, 17, 18], [-1, -2, -3, -4, 5, -6, -7, 8, -11, 12, 13, 14, -15, 16, 17, 18], [1, 2, 3, 4, -5, -6, -7, 8, 11, -12, 13, 14, 15, 16, -17, 18], [-1, 2, 3, 4, -5, -6, -7, 8, -11, 12, 13, -14, -15, 16, 17, 18], [1, -2, 3, 4, -5, -6, -7, 8, 11, -12, -13, 14, 15, -16, 17, 18], [-1, -2, 3, 4, -5, -6, -7, 8, 11, 12, -13, 14, 15, 16, -17, 18], [1, 2, -3, 4, -5, -6, -7, 8, -11, 12, -13, 14, 15, 16, 17, 18], [-1, 2, -3, 4, -5, -6, -7, 8, 11, -12, 13, 14, -15, 16, 17, 18], [1, -2, -3, 4, -5, -6, -7, 8, -11, -12, -13, 14, 15, 16, -17, 18], [-1, -2, -3, 4, -5, -6, -7, 8, 11, -12, 13, -14, -15, 16, 17, 18], [1, 2, 3, -4, -5, -6, -7, 8, -11, -12, -13, 14, 15, -16, 17, 18], [-1, 2, 3, -4, -5, -6, -7, 8, -11, 12, 13, -14, 15, 16, -17, 18], [1, -2, 3, -4, -5, -6, -7, 8, 11, -12, -13, 14, 15, 16, 17, 18], [-1, -2, 3, -4, -5, -6, -7, 8, -11, -12, 13, 14, -15, 16, 17, 18], [1, 2, -3, -4, -5, -6, -7, 8, 11, 12, -13, -14, 15, 16, -17, 18], [-1, 2, -3, -4, -5, -6, -7, 8, -11, -12, 13, -14, -15, 16, 17, 18], [1, -2, -3, -4, -5, -6, -7, 8, -11, -12, 13, 14, 15, -16, 17, 18], [-1, -2, -3, -4, -5, -6, -7, 8, 11, -12, -13, -14, 15, 16, -17, 18], [1, 2, 3, 4, 5, 6, 7, -8, -11, -12, -13, 14, 15, 16, 17, 18], [-1, 2, 3, 4, 5, 6, 7, -8, -11, -12, -13, -14, 15, 16, 17, 18], [1, -2, 3, 4, 5, 6, 7, -8, -11, 12, 13, 14, -15, 16, -17, 18], [-1, -2, 3, 4, 5, 6, 7, -8, 11, 12, -13, -14, -15, 16, 17, 18], [1, 2, -3, 4, 5, 6, 7, -8, 11, 12, -13, 14, 15, -16, 17, 18], [-1, 2, -3, 4, 5, 6, 7, -8, -11, -12, 13, 14, -15, 16, -17, 18], [1, -2, -3, 4, 5, 6, 7, -8, 11, 12, 13, -14, 15, 16, 17, 18], [-1, -2, -3, 4, 5, 6, 7, -8, 11, 12, 13, 14, -15, 16, 17, 18], [1, 2, 3, -4, 5, 6, 7, -8, 11, -12, -13, 14, -15, 16, -17, 18], [-1, 2, 3, -4, 5, 6, 7, -8, -11, 12, -13, -14, -15, 16, 17, 18], [1, -2, 3, -4, 5, 6, 7, -8, -11, 12, -13, 14, 15, -16, 17, 18], [-1, -2, 3, -4, 5, 6, 7, -8, 11, 12, 13, -14, -15, 16, -17, 18], [1, 2, -3, -4, 5, 6, 7, -8, 11, 12, 13, -14, 15, 16, 17, 18], [-1, 2, -3, -4, 5, 6, 7, -8, -11, -12, 13, 14, -15, 16, 17, 18], [1, -2, -3, -4, 5, 6, 7, -8, -11, -12, 13, -14, -15, 16, -17, 18], [-1, -2, -3, -4, 5, 6, 7, -8, -11, 12, 13, -14, -15, 16, 17, 18], [1, 2, 3, 4, -5, 6, 7, -8, 11, 12, -13, 14, 15, -16, 17, 18], [-1, 2, 3, 4, -5, 6, 7, -8, -11, 12, -13, -14, -15, 16, -17, 18], [1, -2, 3, 4, -5, 6, 7, -8, -11, 12, 13, -14, 15, 16, 17, 18], [-1, -2, 3, 4, -5, 6, 7, -8, -11, -12, -13, -14, 15, 16, 17, 18], [1, 2, -3, 4, -5, 6, 7, -8, 11, 12, 13, 14, 15, -16, -17, 18], [-1, 2, -3, 4, -5, 6, 7, -8, 11, -12, 13, -14, -15, 16, 17, 18], [1, -2, -3, 4, -5, 6, 7, -8, -11, 12, -13, 14, 15, -16, 17, 18], [-1, -2, -3, 4, -5, 6, 7, -8, 11, -12, 13, 14, 15, -16, -17, 18], [1, 2, 3, -4, -5, 6, 7, -8, -11, 12, -13, 14, 15, 16, 17, 18], [-1, 2, 3, -4, -5, 6, 7, -8, 11, 12, 13, 14, -15, 16, 17, 18], [1, -2, 3, -4, -5, 6, 7, -8, -11, 12, -13, 14, 15, -16, -17, 18], [-1, -2, 3, -4, -5, 6, 7, -8, -11, -12, 13, -14, -15, 16, 17, 18], [1, 2, -3, -4, -5, 6, 7, -8, 11, -12, -13, 14, 15, -16, 17, 18], [-1, 2, -3, -4, -5, 6, 7, -8, -11, -12, -13, 14, 15, -16, -17, 18], [1, -2, -3, -4, -5, 6, 7, -8, 11, -12, -13, 14, 15, 16, 17, 18], [-1, -2, -3, -4, -5, 6, 7, -8, -11, 12, 13, 14, -15, 16, 17, 18], [1, 2, 3, 4, 5, -6, 7, -8, 11, -12, 13, -14, 15, -16, -17, 18], [-1, 2, 3, 4, 5, -6, 7, -8, 11, 12, -13, -14, -15, 16, 17, 18], [1, -2, 3, 4, 5, -6, 7, -8, -11, -12, -13, 14, 15, -16, 17, 18], [-1, -2, 3, 4, 5, -6, 7, -8, 11, 12, -13, -14, 15, -16, -17, 18], [1, 2, -3, 4, 5, -6, 7, -8, -11, -12, -13, 14, 15, 16, 17, 18], [-1, 2, -3, 4, 5, -6, 7, -8, 11, -12, 13, 14, -15, 16, 17, 18], [1, -2, -3, 4, 5, -6, 7, -8, -11, -12, -13, -14, 15, -16, -17, 18], [-1, -2, -3, 4, 5, -6, 7, -8, -11, 12, -13, -14, -15, 16, 17, 18], [1, 2, 3, -4, 5, -6, 7, -8, -11, -12, 13, 14, 15, -16, 17, 18], [-1, 2, 3, -4, 5, -6, 7, -8, -11, 12, 13, 14, -15, -16, -17, 18], [1, -2, 3, -4, 5, -6, 7, -8, -11, -12, -13, 14, 15, 16, 17, 18], [-1, -2, 3, -4, 5, -6, 7, -8, 11, 12, 13, 14, -15, 16, 17, 18], [1, 2, -3, -4, 5, -6, 7, -8, 11, 12, -13, 14, -15, -16, -17, 18], [-1, 2, -3, -4, 5, -6, 7, -8, -11, 12, 13, -14, -15, 16, 17, 18], [1, -2, -3, -4, 5, -6, 7, -8, -11, -12, -13, 14, 15, -16, 17, 18], [-1, -2, -3, -4, 5, -6, 7, -8, 11, -12, -13, 14, -15, -16, -17, 18], [1, 2, 3, 4, -5, -6, 7, -8, 11, 12, 13, -14, 15, 16, 17, 18], [-1, 2, 3, 4, -5, -6, 7, -8, -11, 12, 13, 14, -15, 16, 17, 18], [1, -2, 3, 4, -5, -6, 7, -8, -11, 12, 13, -14, -15, -16, -17, 18], [-1, -2, 3, 4, -5, -6, 7, -8, 11, -12, 13, -14, -15, 16, 17, 18], [1, 2, -3, 4, -5, -6, 7, -8, -11, -12, 13, 14, 15, -16, 17, 18], [-1, 2, -3, 4, -5, -6, 7, -8, -11, -12, 13, -14, -15, -16, -17, 18], [1, -2, -3, 4, -5, -6, 7, -8, -11, 12, 13, -14, 15, 16, 17, 18], [-1, -2, -3, 4, -5, -6, 7, -8, 11, -12, 13, 14, -15, 16, 17, 18], [1, 2, 3, -4, -5, -6, 7, -8, 11, -12, -13, -14, -15, -16, -17, 18], [-1, 2, 3, -4, -5, -6, 7, -8, -11, -12, 13, -14, -15, 16, 17, 18], [1, -2, 3, -4, -5, -6, 7, -8, 11, 12, -13, 14, 15, -16, 17, 18], [-1, -2, 3, -4, -5, -6, 7, -8, 11, 12, 13, 14, 15, 16, 17, -18], [1, 2, -3, -4, -5, -6, 7, -8, -11, 12, -13, 14, 15, 16, 17, 18], [-1, 2, -3, -4, -5, -6, 7, -8, -11, -12, 13, 14, -15, 16, 17, 18], [1, -2, -3, -4, -5, -6, 7, -8, -11, -12, 13, 14, 15, 16, 17, -18], [-1, -2, -3, -4, -5, -6, 7, -8, 11, 12, -13, -14, -15, 16, 17, 18], [1, 2, 3, 4, 5, 6, -7, -8, -11, 12, -13, 14, 15, -16, 17, 18], [-1, 2, 3, 4, 5, 6, -7, -8, -11, 12, -13, 14, 15, 16, 17, -18], [1, -2, 3, 4, 5, 6, -7, -8, 11, -12, -13, 14, 15, 16, 17, 18], [-1, -2, 3, 4, 5, 6, -7, -8, -11, -12, -13, -14, 15, 16, 17, 18], [1, 2, -3, 4, 5, 6, -7, -8, 11, 12, 13, -14, 15, 16, 17, -18], [-1, 2, -3, 4, 5, 6, -7, -8, -11, 12, -13, -14, -15, 16, 17, 18], [1, -2, -3, 4, 5, 6, -7, -8, 11, -12, -13, 14, 15, -16, 17, 18], [-1, -2, -3, 4, 5, 6, -7, -8, 11, -12, 13, -14, 15, 16, 17, -18], [1, 2, 3, -4, 5, 6, -7, -8, 11, -12, -13, 14, 15, 16, 17, 18], [-1, 2, 3, -4, 5, 6, -7, -8, 11, -12, 13, 14, -15, 16, 17, 18], [1, -2, 3, -4, 5, 6, -7, -8, -11, 12, -13, -14, 15, 16, 17, -18], [-1, -2, 3, -4, 5, 6, -7, -8, -11, 12, 13, -14, -15, 16, 17, 18], [1, 2, -3, -4, 5, 6, -7, -8, -11, 12, -13, 14, 15, -16, 17, 18], [-1, 2, -3, -4, 5, 6, -7, -8, -11, -12, -13, -14, 15, 16, 17, -18], [1, -2, -3, -4, 5, 6, -7, -8, -11, -12, -13, 14, 15, 16, 17, 18], [-1, -2, -3, -4, 5, 6, -7, -8, -11, -12, 13, 14, -15, 16, 17, 18], [1, 2, 3, 4, -5, 6, -7, -8, 11, -12, 13, 14, -15, 16, 17, -18], [-1, 2, 3, 4, -5, 6, -7, -8, 11, -12, 13, -14, -15, 16, 17, 18], [1, -2, 3, 4, -5, 6, -7, -8, 11, -12, -13, 14, 15, -16, 17, 18], [-1, -2, 3, 4, -5, 6, -7, -8, 11, 12, -13, 14, -15, 16, 17, -18], [1, 2, -3, 4, -5, 6, -7, -8, 11, 12, 13, -14, 15, 16, 17, 18], [-1, 2, -3, 4, -5, 6, -7, -8, -11, -12, -13, -14, 15, 16, 17, 18], [1, -2, -3, 4, -5, 6, -7, -8, -11, -12, -13, 14, -15, 16, 17, -18], [-1, -2, -3, 4, -5, 6, -7, -8, -11, -12, 13, -14, -15, 16, 17, 18], [1, 2, 3, -4, -5, 6, -7, -8, -11, -12, -13, 14, 15, -16, 17, 18], [-1, 2, 3, -4, -5, 6, -7, -8, -11, 12, 13, -14, -15, 16, 17, -18], [1, -2, 3, -4, -5, 6, -7, -8, -11, 12, 13, -14, 15, 16, 17, 18], [-1, -2, 3, -4, -5, 6, -7, -8, 11, 12, 13, 14, -15, 16, 17, 18], [1, 2, -3, -4, -5, 6, -7, -8, 11, 12, -13, -14, -15, 16, 17, -18], [-1, 2, -3, -4, -5, 6, -7, -8, 11, 12, -13, -14, -15, 16, 17, 18], [1, -2, -3, -4, -5, 6, -7, -8, -11, -12, 13, 14, 15, -16, 17, 18], [-1, -2, -3, -4, -5, 6, -7, -8, 11, -12, -13, -14, -15, 16, 17, -18], [1, 2, 3, 4, 5, -6, -7, -8, -11, 12, -13, 14, 15, 16, 17, 18], [-1, 2, 3, 4, 5, -6, -7, -8, -11, 12, 13, 14, -15, 16, 17, 18], [1, -2, 3, 4, 5, -6, -7, -8, -11, 12, 13, 14, 15, -16, 17, -18], [-1, -2, 3, 4, 5, -6, -7, -8, -11, 12, -13, -14, -15, 16, 17, 18], [1, 2, -3, 4, 5, -6, -7, -8, 11, 12, -13, 14, 15, -16, 17, 18], [-1, 2, -3, 4, 5, -6, -7, -8, -11, -12, 13, 14, 15, -16, 17, -18]]
10
[[1, 2, 3, 4, -5, 6, -7, 8, -11, 12, 13, -14, 15, -16, 17, 18], [-1, 2, 3, 4, -5, 6, -7, 8, 11, -12, 13, -14, 15, -16, 17, 18], [1, -2, 3, 4, -5, 6, -7, 8, 11, -12, 13, -14, 15, -16, 17, 18], [-1, -2, 3, 4, -5, 6, -7, 8, -11, -12, 13, -14, 15, -16, 17, 18], [1, 2, -3, 4, -5, 6, -7, 8, 11, 12, -13, -14, 15, -16, 17, 18], [-1, 2, -3, 4, -5, 6, -7, 8, 11, 12, -13, -14, 15, -16, 17, 18], [1, -2, -3, 4, -5, 6, -7, 8, 11, -12, -13, -14, 15, -16, 17, 18], [-1, -2, -3, 4, -5, 6, -7, 8, -11, -12, -13, -14, 15, -16, 17, 18], [1, 2, 3, -4, -5, 6, -7, 8, -11, -12, -13, -14, 15, -16, 17, 18], [-1, 2, 3, -4, -5, 6, -7, 8, 11, 12, 13, 14, -15, -16, 17, 18], [1, -2, 3, -4, -5, 6, -7, 8, -11, 12, 13, 14, -15, -16, 17, 18], [-1, -2, 3, -4, -5, 6, -7, 8, -11, 12, 13, 14, -15, -16, 17, 18], [1, 2, -3, -4, -5, 6, -7, 8, -11, -12, 13, 14, -15, -16, 17, 18], [-1, 2, -3, -4, -5, 6, -7, 8, 11, 12, -13, 14, -15, -16, 17, 18], [1, -2, -3, -4, -5, 6, -7, 8, 11, 12, -13, 14, -15, -16, 17, 18], [-1, -2, -3, -4, -5, 6, -7, 8, -11, 12, -13, 14, -15, -16, 17, 18], [1, 2, 3, 4, 5, -6, -7, 8, 11, -12, -13, 14, -15, -16, 17, 18], [-1, 2, 3, 4, 5, -6, -7, 8, 11, -12, -13, 14, -15, -16, 17, 18], [1, -2, 3, 4, 5, -6, -7, 8, 11, 12, 13, -14, -15, -16, 17, 18], [-1, -2, 3, 4, 5, -6, -7, 8, -11, 12, 13, -14, -15, -16, 17, 18], [1, 2, -3, 4, 5, -6, -7, 8, -11, 12, 13, -14, -15, -16, 17, 18], [-1, 2, -3, 4, 5, -6, -7, 8, 11, -12, 13, -14, -15, -16, 17, 18], [1, -2, -3, 4, 5, -6, -7, 8, -11, -12, 13, -14, -15, -16, 17, 18], [-1, -2, -3, 4, 5, -6, -7, 8, -11, -12, 13, -14, -15, -16, 17, 18], [1, 2, 3, -4, 5, -6, -7, 8, -11, 12, -13, -14, -15, -16, 17, 18], [-1, 2, 3, -4, 5, -6, -7, 8, 11, -12, -13, -14, -15, -16, 17, 18], [1, -2, 3, -4, 5, -6, -7, 8, 11, -12, -13, -14, -15, -16, 17, 18], [-1, -2, 3, -4, 5, -6, -7, 8, -11, -12, -13, -14, -15, -16, 17, 18], [1, 2, -3, -4, 5, -6, -7, 8, 11, 12, 13, 14, 15, 16, -17, 18], [-1, 2, -3, -4, 5, -6, -7, 8, 11, 12, 13, 14, 15, 16, -17, 18], [1, -2, -3, -4, 5, -6, -7, 8, 11, -12, 13, 14, 15, 16, -17, 18], [-1, -2, -3, -4, 5, -6, -7, 8, -11, -12, 13, 14, 15, 16, -17, 18], [1, 2, 3, 4, -5, -6, -7, 8, -11, -12, 13, 14, 15, 16, -17, 18], [-1, 2, 3, 4, -5, -6, -7, 8, 11, 12, -13, 14, 15, 16, -17, 18], [1, -2, 3, 4, -5, -6, -7, 8, -11, 12, -13, 14, 15, 16, -17, 18], [-1, -2, 3, 4, -5, -6, -7, 8, -11, 12, -13, 14, 15, 16, -17, 18], [1, 2, -3, 4, -5, -6, -7, 8, -11, -12, -13, 14, 15, 16, -17, 18], [-1, 2, -3, 4, -5, -6, -7, 8, 11, 12, 13, -14, 15, 16, -17, 18], [1, -2, -3, 4, -5, -6, -7, 8, 11, 12, 13, -14, 15, 16, -17, 18], [-1, -2, -3, 4, -5, -6, -7, 8, -11, 12, 13, -14, 15, 16, -17, 18], [1, 2, 3, -4, -5, -6, -7, 8, 11, -12, 13, -14, 15, 16, -17, 18], [-1, 2, 3, -4, -5, -6, -7, 8, 11, -12, 13, -14, 15, 16, -17, 18], [1, -2, 3, -4, -5, -6, -7, 8, 11, 12, -13, -14, 15, 16, -17, 18], [-1, -2, 3, -4, -5, -6, -7, 8, -11, 12, -13, -14, 15, 16, -17, 18], [1, 2, -3, -4, -5, -6, -7, 8, -11, 12, -13, -14, 15, 16, -17, 18], [-1, 2, -3, -4, -5, -6, -7, 8, 11, -12, -13, -14, 15, 16, -17, 18], [1, -2, -3, -4, -5, -6, -7, 8, -11, -12, -13, -14, 15, 16, -17, 18], [-1, -2, -3, -4, -5, -6, -7, 8, -11, -12, -13, -14, 15, 16, -17, 18], [1, 2, 3, 4, 5, 6, 7, -8, -11, 12, 13, 14, -15, 16, -17, 18], [-1, 2, 3, 4, 5, 6, 7, -8, 11, -12, 13, 14, -15, 16, -17, 18], [1, -2, 3, 4, 5, 6, 7, -8, 11, -12, 13, 14, -15, 16, -17, 18], [-1, -2, 3, 4, 5, 6, 7, -8, -11, -12, 13, 14, -15, 16, -17, 18], [1, 2, -3, 4, 5, 6, 7, -8, 11, 12, -13, 14, -15, 16, -17, 18], [-1, 2, -3, 4, 5, 6, 7, -8, 11, 12, -13, 14, -15, 16, -17, 18], [1, -2, -3, 4, 5, 6, 7, -8, 11, -12, -13, 14, -15, 16, -17, 18], [-1, -2, -3, 4, 5, 6, 7, -8, -11, -12, -13, 14, -15, 16, -17, 18], [1, 2, 3, -4, 5, 6, 7, -8, -11, -12, -13, 14, -15, 16, -17, 18], [-1, 2, 3, -4, 5, 6, 7, -8, 11, 12, 13, -14, -15, 16, -17, 18], [1, -2, 3, -4, 5, 6, 7, -8, -11, 12, 13, -14, -15, 16, -17, 18], [-1, -2, 3, -4, 5, 6, 7, -8, -11, 12, 13, -14, -15, 16, -17, 18], [1, 2, -3, -4, 5, 6, 7, -8, -11, -12, 13, -14, -15, 16, -17, 18], [-1, 2, -3, -4, 5, 6, 7, -8, 11, 12, -13, -14, -15, 16, -17, 18], [1, -2, -3, -4, 5, 6, 7, -8, 11, 12, -13, -14, -15, 16, -17, 18], [-1, -2, -3, -4, 5, 6, 7, -8, -11, 12, -13, -14, -15, 16, -17, 18], [1, 2, 3, 4, -5, 6, 7, -8, 11, -12, -13, -14, -15, 16, -17, 18], [-1, 2, 3, 4, -5, 6, 7, -8, 11, -12, -13, -14, -15, 16, -17, 18], [1, -2, 3, 4, -5, 6, 7, -8, 11, 12, 13, 14, 15, -16, -17, 18], [-1, -2, 3, 4, -5, 6, 7, -8, -11, 12, 13, 14, 15, -16, -17, 18], [1, 2, -3, 4, -5, 6, 7, -8, -11, 12, 13, 14, 15, -16, -17, 18], [-1, 2, -3, 4, -5, 6, 7, -8, 11, -12, 13, 14, 15, -16, -17, 18], [1, -2, -3, 4, -5, 6, 7, -8, -11, -12, 13, 14, 15, -16, -17, 18], [-1, -2, -3, 4, -5, 6, 7, -8, -11, -12, 13, 14, 15, -16, -17, 18], [1, 2, 3, -4, -5, 6, 7, -8, -11, 12, -13, 14, 15, -16, -17, 18], [-1, 2, 3, -4, -5, 6, 7, -8, 11, -12, -13, 14, 15, -16, -17, 18], [1, -2, 3, -4, -5, 6, 7, -8, 11, -12, -13, 14, 15, -16, -17, 18], [-1, -2, 3, -4, -5, 6, 7, -8, -11, -12, -13, 14, 15, -16, -17, 18], [1, 2, -3, -4, -5, 6, 7, -8, 11, 12, 13, -14, 15, -16, -17, 18], [-1, 2, -3, -4, -5, 6, 7, -8, 11, 12, 13, -14, 15, -16, -17, 18], [1, -2, -3, -4, -5, 6, 7, -8, 11, -12, 13, -14, 15, -16, -17, 18], [-1, -2, -3, -4, -5, 6, 7, -8, -11, -12, 13, -14, 15, -16, -17, 18], [1, 2, 3, 4, 5, -6, 7, -8, -11, -12, 13, -14, 15, -16, -17, 18], [-1, 2, 3, 4, 5, -6, 7, -8, 11, 12, -13, -14, 15, -16, -17, 18], [1, -2, 3, 4, 5, -6, 7, -8, -11, 12, -13, -14, 15, -16, -17, 18], [-1, -2, 3, 4, 5, -6, 7, -8, -11, 12, -13, -14, 15, -16, -17, 18], [1, 2, -3, 4, 5, -6, 7, -8, -11, -12, -13, -14, 15, -16, -17, 18], [-1, 2, -3, 4, 5, -6, 7, -8, 11, 12, 13, 14, -15, -16, -17, 18], [1, -2, -3, 4, 5, -6, 7, -8, 11, 12, 13, 14, -15, -16, -17, 18], [-1, -2, -3, 4, 5, -6, 7, -8, -11, 12, 13, 14, -15, -16, -17, 18], [1, 2, 3, -4, 5, -6, 7, -8, 11, -12, 13, 14, -15, -16, -17, 18], [-1, 2, 3, -4, 5, -6, 7, -8, 11, -12, 13, 14, -15, -16, -17, 18], [1, -2, 3, -4, 5, -6, 7, -8, 11, 12, -13, 14, -15, -16, -17, 18], [-1, -2, 3, -4, 5, -6, 7, -8, -11, 12, -13, 14, -15, -16, -17, 18], [1, 2, -3, -4, 5, -6, 7, -8, -11, 12, -13, 14, -15, -16, -17, 18], [-1, 2, -3, -4, 5, -6, 7, -8, 11, -12, -13, 14, -15, -16, -17, 18], [1, -2, -3, -4, 5, -6, 7, -8, -11, -12, -13, 14, -15, -16, -17, 18], [-1, -2, -3, -4, 5, -6, 7, -8, -11, -12, -13, 14, -15, -16, -17, 18], [1, 2, 3, 4, -5, -6, 7, -8, -11, 12, 13, -14, -15, -16, -17, 18], [-1, 2, 3, 4, -5, -6, 7, -8, 11, -12, 13, -14, -15, -16, -17, 18], [1, -2, 3, 4, -5, -6, 7, -8, 11, -12, 13, -14, -15, -16, -17, 18], [-1, -2, 3, 4, -5, -6, 7, -8, -11, -12, 13, -14, -15, -16, -17, 18], [1, 2, -3, 4, -5, -6, 7, -8, 11, 12, -13, -14, -15, -16, -17, 18], [-1, 2, -3, 4, -5, -6, 7, -8, 11, 12, -13, -14, -15, -16, -17, 18], [1, -2, -3, 4, -5, -6, 7, -8, 11, -12, -13, -14, -15, -16, -17, 18], [-1, -2, -3, 4, -5, -6, 7, -8, -11, -12, -13, -14, -15, -16, -17, 18], [1, 2, 3, -4, -5, -6, 7, -8, -11, -12, -13, -14, -15, -16, -17, 18], [-1, 2, 3, -4, -5, -6, 7, -8, 11, 12, 13, 14, 15, 16, 17, -18], [1, -2, 3, -4, -5, -6, 7, -8, -11, 12, 13, 14, 15, 16, 17, -18], [-1, -2, 3, -4, -5, -6, 7, -8, -11, 12, 13, 14, 15, 16, 17, -18], [1, 2, -3, -4, -5, -6, 7, -8, -11, -12, 13, 14, 15, 16, 17, -18], [-1, 2, -3, -4, -5, -6, 7, -8, 11, 12, -13, 14, 15, 16, 17, -18], [1, -2, -3, -4, -5, -6, 7, -8, 11, 12, -13, 14, 15, 16, 17, -18], [-1, -2, -3, -4, -5, -6, 7, -8, -11, 12, -13, 14, 15, 16, 17, -18], [1, 2, 3, 4, 5, 6, -7, -8, 11, -12, -13, 14, 15, 16, 17, -18], [-1, 2, 3, 4, 5, 6, -7, -8, 11, -12, -13, 14, 15, 16, 17, -18], [1, -2, 3, 4, 5, 6, -7, -8, 11, 12, 13, -14, 15, 16, 17, -18], [-1, -2, 3, 4, 5, 6, -7, -8, -11, 12, 13, -14, 15, 16, 17, -18], [1, 2, -3, 4, 5, 6, -7, -8, -11, 12, 13, -14, 15, 16, 17, -18], [-1, 2, -3, 4, 5, 6, -7, -8, 11, -12, 13, -14, 15, 16, 17, -18], [1, -2, -3, 4, 5, 6, -7, -8, -11, -12, 13, -14, 15, 16, 17, -18], [-1, -2, -3, 4, 5, 6, -7, -8, -11, -12, 13, -14, 15, 16, 17, -18], [1, 2, 3, -4, 5, 6, -7, -8, -11, 12, -13, -14, 15, 16, 17, -18], [-1, 2, 3, -4, 5, 6, -7, -8, 11, -12, -13, -14, 15, 16, 17, -18], [1, -2, 3, -4, 5, 6, -7, -8, 11, -12, -13, -14, 15, 16, 17, -18], [-1, -2, 3, -4, 5, 6, -7, -8, -11, -12, -13, -14, 15, 16, 17, -18], [1, 2, -3, -4, 5, 6, -7, -8, 11, 12, 13, 14, -15, 16, 17, -18], [-1, 2, -3, -4, 5, 6, -7, -8, 11, 12, 13, 14, -15, 16, 17, -18], [1, -2, -3, -4, 5, 6, -7, -8, 11, -12, 13, 14, -15, 16, 17, -18], [-1, -2, -3, -4, 5, 6, -7, -8, -11, -12, 13, 14, -15, 16, 17, -18], [1, 2, 3, 4, -5, 6, -7, -8, -11, -12, 13, 14, -15, 16, 17, -18], [-1, 2, 3, 4, -5, 6, -7, -8, 11, 12, -13, 14, -15, 16, 17, -18], [1, -2, 3, 4, -5, 6, -7, -8, -11, 12, -13, 14, -15, 16, 17, -18], [-1, -2, 3, 4, -5, 6, -7, -8, -11, 12, -13, 14, -15, 16, 17, -18], [1, 2, -3, 4, -5, 6, -7, -8, -11, -12, -13, 14, -15, 16, 17, -18], [-1, 2, -3, 4, -5, 6, -7, -8, 11, 12, 13, -14, -15, 16, 17, -18], [1, -2, -3, 4, -5, 6, -7, -8, 11, 12, 13, -14, -15, 16, 17, -18], [-1, -2, -3, 4, -5, 6, -7, -8, -11, 12, 13, -14, -15, 16, 17, -18], [1, 2, 3, -4, -5, 6, -7, -8, 11, -12, 13, -14, -15, 16, 17, -18], [-1, 2, 3, -4, -5, 6, -7, -8, 11, -12, 13, -14, -15, 16, 17, -18], [1, -2, 3, -4, -5, 6, -7, -8, 11, 12, -13, -14, -15, 16, 17, -18], [-1, -2, 3, -4, -5, 6, -7, -8, -11, 12, -13, -14, -15, 16, 17, -18], [1, 2, -3, -4, -5, 6, -7, -8, -11, 12, -13, -14, -15, 16, 17, -18], [-1, 2, -3, -4, -5, 6, -7, -8, 11, -12, -13, -14, -15, 16, 17, -18], [1, -2, -3, -4, -5, 6, -7, -8, -11, -12, -13, -14, -15, 16, 17, -18], [-1, -2, -3, -4, -5, 6, -7, -8, -11, -12, -13, -14, -15, 16, 17, -18], [1, 2, 3, 4, 5, -6, -7, -8, -11, 12, 13, 14, 15, -16, 17, -18], [-1, 2, 3, 4, 5, -6, -7, -8, 11, -12, 13, 14, 15, -16, 17, -18], [1, -2, 3, 4, 5, -6, -7, -8, 11, -12, 13, 14, 15, -16, 17, -18], [-1, -2, 3, 4, 5, -6, -7, -8, -11, -12, 13, 14, 15, -16, 17, -18], [1, 2, -3, 4, 5, -6, -7, -8, 11, 12, -13, 14, 15, -16, 17, -18], [-1, 2, -3, 4, 5, -6, -7, -8, 11, 12, -13, 14, 15, -16, 17, -18]]
19
[[11, 12, 13, 14, 15, 16, 17, 18], [-11, 12, 13, 14, 15, 16, 17, 18], [11, 12, 13, 14, 15, 16, 17, 18], [11, -12, 13, 14, 15, 16, 17, 18], [11, 12, 13, 14, 15, 16, 17, 18], [-11, -12, 13, 14, 15, 16, 17, 18], [11, 12, 13, 14, 15, 16, 17, 18], [11, 12, -13, 14, 15, 16, 17, 18], [-11, 12, 13, 14, 15, 16, 17, 18], [11, -12, 13, 14, 15, 16, 17, 18], [-11, 12, 13, 14, 15, 16, 17, 18], [-11, -12, 13, 14, 15, 16, 17, 18], [-11, 12, 13, 14, 15, 16, 17, 18], [11, 12, -13, 14, 15, 16, 17, 18], [11, -12, 13, 14, 15, 16, 17, 18], [-11, -12, 13, 14, 15, 16, 17, 18], [11, -12, 13, 14, 15, 16, 17, 18], [11, 12, -13, 14, 15, 16, 17, 18], [-11, -12, 13, 14, 15, 16, 17, 18], [11, 12, -13, 14, 15, 16, 17, 18], [-11, 12, -13, 14, 15, 16, 17, 18], [11, -12, -13, 14, 15, 16, 17, 18], [-11, 12, -13, 14, 15, 16, 17, 18], [-11, -12, -13, 14, 15, 16, 17, 18], [-11, 12, -13, 14, 15, 16, 17, 18], [11, 12, 13, -14, 15, 16, 17, 18], [-11, 12, -13, 14, 15, 16, 17, 18], [-11, 12, 13, -14, 15, 16, 17, 18], [11, -12, -13, 14, 15, 16, 17, 18], [-11, -12, -13, 14, 15, 16, 17, 18], [11, -12, -13, 14, 15, 16, 17, 18], [11, 12, 13, -14, 15, 16, 17, 18], [11, -12, -13, 14, 15, 16, 17, 18], [-11, 12, 13, -14, 15, 16, 17, 18], [-11, -12, -13, 14, 15, 16, 17, 18], [11, 12, 13, -14, 15, 16, 17, 18], [-11, -12, -13, 14, 15, 16, 17, 18], [-11, 12, 13, -14, 15, 16, 17, 18], [11, 12, 13, -14, 15, 16, 17, 18], [-11, 12, 13, -14, 15, 16, 17, 18], [11, -12, 13, -14, 15, 16, 17, 18], [-11, -12, 13, -14, 15, 16, 17, 18], [11, -12, 13, -14, 15, 16, 17, 18], [11, 12, -13, -14, 15, 16, 17, 18], [11, -12, 13, -14, 15, 16, 17, 18], [-11, 12, -13, -14, 15, 16, 17, 18], [11, -12, 13, -14, 15, 16, 17, 18], [11, -12, -13, -14, 15, 16, 17, 18], [-11, -12, 13, -14, 15, 16, 17, 18], [11, 12, -13, -14, 15, 16, 17, 18], [-11, -12, 13, -14, 15, 16, 17, 18], [-11, 12, -13, -14, 15, 16, 17, 18], [-11, -12, 13, -14, 15, 16, 17, 18], [11, -12, -13, -14, 15, 16, 17, 18], [11, 12, -13, -14, 15, 16, 17, 18], [-11, 12, -13, -14, 15, 16, 17, 18], [11, 12, -13, -14, 15, 16, 17, 18], [11, -12, -13, -14, 15, 16, 17, 18], [-11, 12, -13, -14, 15, 16, 17, 18], [11, -12, -13, -14, 15, 16, 17, 18], [-11, -12, -13, -14, 15, 16, 17, 18], [11, 12, 13, 14, -15, 16, 17, 18], [-11, -12, -13, -14, 15, 16, 17, 18], [-11, 12, 13, 14, -15, 16, 17, 18], [-11, -12, -13, -14, 15, 16, 17, 18], [11, -12, 13, 14, -15, 16, 17, 18], [-11, -12, -13, -14, 15, 16, 17, 18], [-11, -12, 13, 14, -15, 16, 17, 18], [11, 12, 13, 14, -15, 16, 17, 18], [-11, 12, 13, 14, -15, 16, 17, 18], [11, 12, 13, 14, -15, 16, 17, 18], [11, -12, 13, 14, -15, 16, 17, 18], [11, 12, 13, 14, -15, 16, 17, 18], [-11, -12, 13, 14, -15, 16, 17, 18], [-11, 12, 13, 14, -15, 16, 17, 18], [11, -12, 13, 14, -15, 16, 17, 18], [-11, 12, 13, 14, -15, 16, 17, 18], [-11, -12, 13, 14, -15, 16, 17, 18], [11, -12, 13, 14, -15, 16, 17, 18], [-11, -12, 13, 14, -15, 16, 17, 18], [11, 12, -13, 14, -15, 16, 17, 18], [-11, 12, -13, 14, -15, 16, 17, 18], [11, 12, -13, 14, -15, 16, 17, 18], [11, -12, -13, 14, -15, 16, 17, 18], [11, 12, -13, 14, -15, 16, 17, 18], [-11, -12, -13, 14, -15, 16, 17, 18], [11, 12, -13, 14, -15, 16, 17, 18], [11, 12, 13, -14, -15, 16, 17, 18], [-11, 12, -13, 14, -15, 16, 17, 18], [11, -12, -13, 14, -15, 16, 17, 18], [-11, 12, -13, 14, -15, 16, 17, 18], [-11, -12, -13, 14, -15, 16, 17, 18], [-11, 12, -13, 14, -15, 16, 17, 18], [11, 12, 13, -14, -15, 16, 17, 18], [11, -12, -13, 14, -15, 16, 17, 18], [-11, -12, -13, 14, -15, 16, 17, 18], [11, -12, -13, 14, -15, 16, 17, 18], [11, 12, 13, -14, -15, 16, 17, 18], [-11, -12, -13, 14, -15, 16, 17, 18], [11, 12, 13, -14, -15, 16, 17, 18], [-11, 12, 13, -14, -15, 16, 17, 18], [11, -12, 13, -14, -15, 16, 17, 18], [-11, 12, 13, -14, -15, 16, 17, 18], [-11, -12, 13, -14, -15, 16, 17, 18], [-11, 12, 13, -14, -15, 16, 17, 18], [11, 12, -13, -14, -15, 16, 17, 18], [-11, 12, 13, -14, -15, 16, 17, 18], [-11, 12, -13, -14, -15, 16, 17, 18], [11, -12, 13, -14, -15, 16, 17, 18], [-11, -12, 13, -14, -15, 16, 17, 18], [11, -12, 13, -14, -15, 16, 17, 18], [11, 12, -13, -14, -15, 16, 17, 18], [11, -12, 13, -14, -15, 16, 17, 18], [-11, 12, -13, -14, -15, 16, 17, 18], [-11, -12, 13, -14, -15, 16, 17, 18], [11, 12, -13, -14, -15, 16, 17, 18], [-11, -12, 13, -14, -15, 16, 17, 18], [-11, 12, -13, -14, -15, 16, 17, 18], [11, 12, -13, -14, -15, 16, 17, 18], [-11, 12, -13, -14, -15, 16, 17, 18], [11, -12, -13, -14, -15, 16, 17, 18], [-11, -12, -13, -14, -15, 16, 17, 18], [11, -12, -13, -14, -15, 16, 17, 18], [11, 12, 13, 14, 15, -16, 17, 18], [11, -12, -13, -14, -15, 16, 17, 18], [-11, 12, 13, 14, 15, -16, 17, 18], [11, -12, -13, -14, -15, 16, 17, 18], [11, -12, 13, 14, 15, -16, 17, 18], [-11, -12, -13, -14, -15, 16, 17, 18], [11, 12, 13, 14, 15, -16, 17, 18], [-11, -12, -13, -14, -15, 16, 17, 18], [-11, 12, 13, 14, 15, -16, 17, 18], [-11, -12, -13, -14, -15, 16, 17, 18], [11, -12, 13, 14, 15, -16, 17, 18], [11, 12, 13, 14, 15, -16, 17, 18], [-11, 12, 13, 14, 15, -16, 17, 18], [11, 12, 13, 14, 15, -16, 17, 18], [11, -12, 13, 14, 15, -16, 17, 18], [-11, 12, 13, 14, 15, -16, 17, 18], [11, -12, 13, 14, 15, -16, 17, 18], [-11, -12, 13, 14, 15, -16, 17, 18], [11, 12, -13, 14, 15, -16, 17, 18], [-11, -12, 13, 14, 15, -16, 17, 18], [-11, 12, -13, 14, 15, -16, 17, 18], [-11, -12, 13, 14, 15, -16, 17, 18], [11, -12, -13, 14, 15, -16, 17, 18], [-11, -12, 13, 14, 15, -16, 17, 18], [-11, -12, -13, 14, 15, -16, 17, 18], [11, 12, -13, 14, 15, -16, 17, 18], [-11, 12, -13, 14, 15, -16, 17, 18], [11, 12, -13, 14, 15, -16, 17, 18], [11, -12, -13, 14, 15, -16, 17, 18], [11, 12, -13, 14, 15, -16, 17, 18], [-11, -12, -13, 14, 15, -16, 17, 18], [-11, 12, -13, 14, 15, -16, 17, 18], [11, -12, -13, 14, 15, -16, 17, 18], [-11, 12, -13, 14, 15, -16, 17, 18], [-11, -12, -13, 14, 15, -16, 17, 18], [11, -12, -13, 14, 15, -16, 17, 18], [-11, -12, -13, 14, 15, -16, 17, 18], [-11, 12, 13, -14, 15, -16, 17, 18], [11, -12, 13, -14, 15, -16, 17, 18], [11, 12, 13, -14, 15, -16, 17, 18], [-11, -12, 13, -14, 15, -16, 17, 18], [11, 12, -13, -14, 15, -16, 17, 18], [11, -12, -13, -14, 15, -16, 17, 18], [-11, -12, -13, -14, 15, -16, 17, 18], [-11, 12, -13, -14, 15, -16, 17, 18], [11, 12, 13, 14, -15, -16, 17, 18], [-11, 12, 13, 14, -15, -16, 17, 18], [-11, -12, 13, 14, -15, -16, 17, 18], [11, 12, -13, 14, -15, -16, 17, 18], [11, -12, 13, 14, -15, -16, 17, 18], [-11, 12, -13, 14, -15, -16, 17, 18], [11, -12, -13, 14, -15, -16, 17, 18], [11, 12, 13, -14, -15, -16, 17, 18], [-11, 12, 13, -14, -15, -16, 17, 18], [-11, -12, -13, 14, -15, -16, 17, 18], [11, -12, 13, -14, -15, -16, 17, 18], [-11, -12, 13, -14, -15, -16, 17, 18], [-11, 12, -13, -14, -15, -16, 17, 18], [11, -12, -13, -14, -15, -16, 17, 18], [11, 12, -13, -14, -15, -16, 17, 18], [-11, -12, -13, -14, -15, -16, 17, 18], [11, 12, 13, 14, 15, 16, -17, 18], [11, -12, 13, 14, 15, 16, -17, 18], [-11, -12, 13, 14, 15, 16, -17, 18], [-11, 12, 13, 14, 15, 16, -17, 18], [11, 12, -13, 14, 15, 16, -17, 18], [-11, 12, -13, 14, 15, 16, -17, 18], [-11, -12, -13, 14, 15, 16, -17, 18], [11, 12, 13, -14, 15, 16, -17, 18], [11, -12, -13, 14, 15, 16, -17, 18], [-11, 12, 13, -14, 15, 16, -17, 18], [11, -12, 13, -14, 15, 16, -17, 18], [11, 12, -13, -14, 15, 16, -17, 18], [-11, 12, -13, -14, 15, 16, -17, 18], [-11, -12, 13, -14, 15, 16, -17, 18], [11, -12, -13, -14, 15, 16, -17, 18], [-11, -12, -13, -14, 15, 16, -17, 18], [-11, 12, 13, 14, -15, 16, -17, 18], [11, -12, 13, 14, -15, 16, -17, 18], [11, 12, 13, 14, -15, 16, -17, 18], [-11, -12, 13, 14, -15, 16, -17, 18], [11, 12, -13, 14, -15, 16, -17, 18], [11, -12, -13, 14, -15, 16, -17, 18], [-11, -12, -13, 14, -15, 16, -17, 18], [-11, 12, -13, 14, -15, 16, -17, 18], [11, 12, 13, -14, -15, 16, -17, 18], [-11, 12, 13, -14, -15, 16, -17, 18], [-11, -12, 13, -14, -15, 16, -17, 18], [11, 12, -13, -14, -15, 16, -17, 18], [11, -12, 13, -14, -15, 16, -17, 18], [-11, 12, -13, -14, -15, 16, -17, 18], [11, -12, -13, -14, -15, 16, -17, 18], [11, 12, 13, 14, 15, -16, -17, 18], [-11, 12, 13, 14, 15, -16, -17, 18], [-11, -12, -13, -14, -15, 16, -17, 18], [11, -12, 13, 14, 15, -16, -17, 18], [-11, -12, 13, 14, 15, -16, -17, 18], [-11, 12, -13, 14, 15, -16, -17, 18], [11, -12, -13, 14, 15, -16, -17, 18], [11, 12, -13, 14, 15, -16, -17, 18], [-11, -12, -13, 14, 15, -16, -17, 18], [11, 12, 13, -14, 15, -16, -17, 18], [11, -12, 13, -14, 15, -16, -17, 18], [-11, -12, 13, -14, 15, -16, -17, 18], [-11, 12, 13, -14, 15, -16, -17, 18], [11, 12, -13, -14, 15, -16, -17, 18], [-11, 12, -13, -14, 15, -16, -17, 18], [-11, -12, -13, -14, 15, -16, -17, 18], [11, 12, 13, 14, -15, -16, -17, 18], [11, -12, -13, -14, 15, -16, -17, 18], [-11, 12, 13, 14, -15, -16, -17, 18], [11, -12, 13, 14, -15, -16, -17, 18], [11, 12, -13, 14, -15, -16, -17, 18], [-11, 12, -13, 14, -15, -16, -17, 18], [-11, -12, 13, 14, -15, -16, -17, 18], [11, -12, -13, 14, -15, -16, -17, 18], [-11, -12, -13, 14, -15, -16, -17, 18], [-11, 12, 13, -14, -15, -16, -17, 18], [11, -12, 13, -14, -15, -16, -17, 18], [11, 12, 13, -14, -15, -16, -17, 18], [-11, -12, 13, -14, -15, -16, -17, 18], [11, 12, -13, -14, -15, -16, -17, 18], [11, -12, -13, -14, -15, -16, -17, 18], [-11, -12, -13, -14, -15, -16, -17, 18], [-11, 12, -13, -14, -15, -16, -17, 18], [11, 12, 13, 14, 15, 16, 17, -18], [-11, 12, 13, 14, 15, 16, 17, -18], [-11, -12, 13, 14, 15, 16, 17, -18], [11, 12, -13, 14, 15, 16, 17, -18], [11, -12, 13, 14, 15, 16, 17, -18], [-11, 12, -13, 14, 15, 16, 17, -18], [11, -12, -13, 14, 15, 16, 17, -18], [11, 12, 13, -14, 15, 16, 17, -18], [-11, 12, 13, -14, 15, 16, 17, -18], [-11, -12, -13, 14, 15, 16, 17, -18], [11, -12, 13, -14, 15, 16, 17, -18], [-11, -12, 13, -14, 15, 16, 17, -18], [-11, 12, -13, -14, 15, 16, 17, -18], [11, -12, -13, -14, 15, 16, 17, -18], [11, 12, -13, -14, 15, 16, 17, -18], [-11, -12, -13, -14, 15, 16, 17, -18], [11, 12, 13, 14, -15, 16, 17, -18], [11, -12, 13, 14, -15, 16, 17, -18], [-11, -12, 13, 14, -15, 16, 17, -18], [-11, 12, 13, 14, -15, 16, 17, -18], [11, 12, -13, 14, -15, 16, 17, -18], [-11, 12, -13, 14, -15, 16, 17, -18], [-11, -12, -13, 14, -15, 16, 17, -18], [11, 12, 13, -14, -15, 16, 17, -18], [11, -12, -13, 14, -15, 16, 17, -18], [-11, 12, 13, -14, -15, 16, 17, -18], [11, -12, 13, -14, -15, 16, 17, -18], [11, 12, -13, -14, -15, 16, 17, -18], [-11, 12, -13, -14, -15, 16, 17, -18], [-11, -12, 13, -14, -15, 16, 17, -18], [11, -12, -13, -14, -15, 16, 17, -18], [-11, -12, -13, -14, -15, 16, 17, -18], [-11, 12, 13, 14, 15, -16, 17, -18], [11, -12, 13, 14, 15, -16, 17, -18], [11, 12, 13, 14, 15, -16, 17, -18], [-11, -12, 13, 14, 15, -16, 17, -18], [11, 12, -13, 14, 15, -16, 17, -18]]
SAT
