p cnf 50 105423105361 105362 105363 0
105382 105383 105384 0
105391 105392 105393 0
105361 105362 105363 0
105382 105383 105384 0
105391 105392 105393 0
-105339 105342 0
105339 -105342 0
-105339 105345 0
105339 -105345 0
-105339 105348 0
105339 -105348 0
-105420 105423 0
105420 -105423 0
-105378 105381 0
105378 -105381 0
-105378 105405 0
105378 -105405 0
-105378 105417 0
105378 -105417 0
-105351 105354 0
105351 -105354 0
-105351 105357 0
105351 -105357 0
-105351 105360 0
105351 -105360 0
-105363 105366 0
105363 -105366 0
-105363 105369 0
105363 -105369 0
-105363 105372 0
105363 -105372 0
-105363 105375 0
105363 -105375 0
-105384 105387 0
105384 -105387 0
-105384 105390 0
105384 -105390 0
-105384 105408 0
105384 -105408 0
-105384 105411 0
105384 -105411 0
-105393 105396 0
105393 -105396 0
-105393 105399 0
105393 -105399 0
-105393 105402 0
105393 -105402 0
-105393 105414 0
105393 -105414 0
