p cnf 65 104121104032 104033 104034 0
104047 104048 104049 0
104062 104063 104064 0
104077 104078 104079 0
104080 104081 104082 0
104083 104084 104085 0
104086 104087 104088 0
104101 104102 104103 0
104116 104117 104118 0
104119 104120 104121 0
104032 104033 104034 0
104047 104048 104049 0
104062 104063 104064 0
104077 104078 104079 0
104080 104081 104082 0
104083 104084 104085 0
104086 104087 104088 0
104101 104102 104103 0
104116 104117 104118 0
104119 104120 104121 0
-104034 104037 0
104034 -104037 0
-104034 104040 0
104034 -104040 0
-104034 104043 0
104034 -104043 0
-104034 104046 0
104034 -104046 0
-104049 104052 0
104049 -104052 0
-104049 104055 0
104049 -104055 0
-104049 104058 0
104049 -104058 0
-104049 104061 0
104049 -104061 0
-104064 104067 0
104064 -104067 0
-104064 104070 0
104064 -104070 0
-104064 104073 0
104064 -104073 0
-104064 104076 0
104064 -104076 0
104077 104078 104079 0
104080 104081 104082 0
104083 104084 104085 0
-104088 104091 0
104088 -104091 0
-104088 104094 0
104088 -104094 0
-104088 104097 0
104088 -104097 0
-104088 104100 0
104088 -104100 0
-104103 104106 0
104103 -104106 0
-104103 104109 0
104103 -104109 0
-104103 104112 0
104103 -104112 0
-104103 104115 0
104103 -104115 0
104116 104117 104118 0
104119 104120 104121 0
