p cnf 49 106779106764 0
106765 106766 106767 0
106764 0
106765 106766 106767 0
-106692 106695 0
106692 -106695 0
-106692 106698 0
106692 -106698 0
-106692 106701 0
106692 -106701 0
-106743 106746 0
106743 -106746 0
-106743 106749 0
106743 -106749 0
-106743 106761 0
106743 -106761 0
-106716 106719 0
106716 -106719 0
-106716 106722 0
106716 -106722 0
-106716 106725 0
106716 -106725 0
-106704 106707 0
106704 -106707 0
-106704 106710 0
106704 -106710 0
-106704 106713 0
106704 -106713 0
-106737 106740 0
106737 -106740 0
-106737 106752 0
106737 -106752 0
-106737 106755 0
106737 -106755 0
-106728 106731 0
106728 -106731 0
-106728 106734 0
106728 -106734 0
-106728 106758 0
106728 -106758 0
106764 0
-106767 106770 0
106767 -106770 0
-106767 106773 0
106767 -106773 0
-106767 106776 0
106767 -106776 0
-106767 106779 0
106767 -106779 0
